0 0.104588 0.909696 0.007985 0.011863
0 0.122246 0.909522 0.008661 0.012952
0 0.133579 0.910337 0.008460 0.012061
0 0.116322 0.912784 0.007874 0.009608
0 0.127217 0.909891 0.008607 0.012985
0 0.638011 0.326749 0.009112 0.018580
0 0.205447 0.179223 0.011055 0.014045
0 0.095452 0.904324 0.008733 0.012353
0 0.662728 0.193412 0.008465 0.018721
0 0.086479 0.932187 0.005119 0.012226
0 0.118266 0.909181 0.009065 0.012573
0 0.752268 0.501846 0.010833 0.016649
0 0.085753 0.905702 0.003970 0.006504
0 0.512842 0.325757 0.011414 0.018930
0 0.105522 0.905345 0.008736 0.016341
0 0.746124 0.541554 0.010234 0.016137
0 0.607333 0.383595 0.010419 0.018132
0 0.957726 0.108135 0.009218 0.014921
0 0.208634 0.473661 0.010978 0.015375
0 0.519735 0.275678 0.009996 0.017879
0 0.185290 0.749848 0.009762 0.016734
0 0.749614 0.634910 0.011062 0.013450
0 0.523427 0.888734 0.011982 0.012920
0 0.825523 0.401510 0.012345 0.014085
0 0.110261 0.611247 0.009334 0.016464
0 0.333623 0.967082 0.009432 0.016090
0 0.813426 0.508855 0.012662 0.016854
0 0.195868 0.657978 0.009971 0.015684
0 0.607437 0.165971 0.010992 0.016632
0 0.639533 0.306660 0.011016 0.015407
0 0.920064 0.760728 0.009425 0.017716
0 0.095296 0.911198 0.010002 0.012496
0 0.650013 0.732401 0.008869 0.014753
0 0.271021 0.494407 0.009938 0.017845
0 0.442144 0.417865 0.010118 0.016531
0 0.684147 0.468789 0.010266 0.016576
0 0.519344 0.150312 0.010467 0.016004
0 0.085300 0.911076 0.004728 0.014624
0 0.163125 0.250887 0.012247 0.014249
0 0.939436 0.115484 0.010162 0.016458
0 0.387202 0.123812 0.009402 0.014830
0 0.226289 0.142342 0.012041 0.014699
0 0.708419 0.533996 0.010633 0.017608
0 0.742685 0.315207 0.010777 0.016200
0 0.327808 0.665655 0.012649 0.014953
0 0.768259 0.511512 0.012384 0.016880
0 0.841391 0.425319 0.009428 0.015677
0 0.182854 0.324104 0.013118 0.014431
0 0.677570 0.859180 0.012821 0.012294
0 0.615393 0.727628 0.010465 0.017188
0 0.182878 0.341624 0.012139 0.015414
0 0.618853 0.112385 0.010021 0.018054
0 0.621465 0.758959 0.009437 0.014917
0 0.287684 0.117576 0.012525 0.017991
0 0.381976 0.796072 0.008978 0.020310
0 0.519991 0.293495 0.012327 0.016106
0 0.421227 0.400814 0.010344 0.017741
0 0.391531 0.775236 0.009253 0.013194
0 0.053406 0.594027 0.009653 0.017181
0 0.993655 0.833872 0.007743 0.015632
0 0.513215 0.386299 0.011576 0.015282
0 0.213733 0.176187 0.009259 0.015868
0 0.020448 0.918729 0.009591 0.017771
0 0.389968 0.502156 0.010945 0.016068
0 0.614089 0.577138 0.009305 0.012764
0 0.458082 0.875276 0.009711 0.015599
0 0.384306 0.486012 0.011019 0.016782
0 0.919975 0.582852 0.012561 0.014137
0 0.857068 0.349993 0.009073 0.017476
0 0.663565 0.095167 0.008718 0.017434
0 0.325992 0.444047 0.011580 0.016002
0 0.248205 0.760042 0.008159 0.014380
0 0.058055 0.742697 0.009819 0.018791
0 0.742725 0.775103 0.011209 0.014967
0 0.828982 0.643132 0.010086 0.011403
0 0.671532 0.493458 0.010804 0.015592
0 0.574506 0.985784 0.010624 0.017742
0 0.712413 0.918829 0.012521 0.016131
0 0.441879 0.377075 0.010914 0.012234
0 0.469212 0.311577 0.011549 0.013652
0 0.670100 0.302994 0.011076 0.017591
0 0.970530 0.367308 0.009425 0.017003
0 0.865159 0.551181 0.010511 0.017588
0 0.596371 0.552293 0.010258 0.017835
0 0.531493 0.377203 0.011053 0.012595
0 0.657776 0.083429 0.013467 0.010847
0 0.335784 0.118167 0.008090 0.013903
0 0.295640 0.366308 0.010253 0.016971
0 0.890739 0.761669 0.009831 0.017320
0 0.517166 0.873604 0.010746 0.016074
0 0.876224 0.906656 0.011344 0.015468
0 0.182484 0.617166 0.012564 0.018524
0 0.272057 0.306529 0.010963 0.014679
0 0.862754 0.660569 0.012350 0.015477
0 0.316941 0.013952 0.010774 0.011329
0 0.661182 0.534042 0.011413 0.014583
0 0.419270 0.768079 0.013255 0.014551
0 0.050347 0.233324 0.008247 0.016404
0 0.771294 0.610513 0.010708 0.017484
0 0.182799 0.630628 0.012501 0.011852
0 0.463040 0.479964 0.011835 0.011279
0 0.086569 0.923630 0.007066 0.016504
0 0.746756 0.601084 0.011745 0.013809
0 0.880934 0.878436 0.008281 0.018905
0 0.318301 0.194764 0.008435 0.018582
0 0.381496 0.968597 0.012642 0.013371
0 0.308518 0.019405 0.010761 0.016993
0 0.503694 0.978652 0.010538 0.011769
0 0.681232 0.334101 0.009803 0.017604
0 0.296061 0.311547 0.011021 0.012221
0 0.218868 0.591033 0.010049 0.013949
0 0.813644 0.385858 0.011929 0.011752
0 0.567050 0.641651 0.008488 0.015710
0 0.659246 0.118614 0.011402 0.012399
0 0.294280 0.676915 0.012097 0.018268
0 0.256774 0.122019 0.010714 0.010863
0 0.827184 0.584063 0.010654 0.017464
0 0.643389 0.946053 0.012854 0.016536
0 0.191520 0.444868 0.009920 0.011012
0 0.156213 0.492780 0.012646 0.014364
0 0.750056 0.733419 0.011967 0.015811
0 0.327339 0.834857 0.011833 0.014024
0 0.437167 0.025471 0.007852 0.014865
0 0.301605 0.248399 0.012450 0.014651
0 0.785778 0.635798 0.010981 0.011908
0 0.869497 0.458692 0.012389 0.015973
0 0.652102 0.585052 0.012127 0.015367
0 0.558955 0.232410 0.011164 0.016417
0 0.782871 0.961926 0.008736 0.016499
0 0.388577 0.610014 0.012491 0.014063
0 0.177227 0.584709 0.010266 0.013772
0 0.939976 0.318258 0.010253 0.017845
0 0.754313 0.811907 0.010164 0.015717
0 0.875111 0.240322 0.011622 0.015719
0 0.968028 0.919105 0.011878 0.013127
0 0.532740 0.874665 0.011983 0.017161
0 0.121583 0.360599 0.009767 0.012072
0 0.118630 0.710615 0.011784 0.011186
0 0.545987 0.423928 0.013276 0.012723
0 0.524589 0.837333 0.012143 0.014208
0 0.770548 0.879213 0.011139 0.013248
0 0.873008 0.308040 0.010466 0.014532
0 0.506014 0.293577 0.012241 0.015046
0 0.611997 0.328872 0.012150 0.016932
0 0.671507 0.511292 0.011454 0.015700
0 0.885643 0.668659 0.009402 0.011928
0 0.542057 0.861155 0.012257 0.013688
0 0.452605 0.426104 0.010301 0.015951
0 0.607596 0.965470 0.012793 0.014344
0 0.321631 0.527092 0.011005 0.012932
0 0.743731 0.168181 0.011546 0.012239
0 0.607303 0.752258 0.008446 0.016549
0 0.468456 0.744991 0.012207 0.011577
0 0.793550 0.011702 0.009443 0.018481
0 0.711813 0.512997 0.009446 0.017839
0 0.652071 0.229444 0.011582 0.012337
0 0.465550 0.068008 0.011265 0.012975
0 0.564558 0.252665 0.009051 0.011338
0 0.589091 0.468499 0.012037 0.015322
0 0.668839 0.566093 0.012753 0.014377
0 0.400393 0.954318 0.009068 0.019060
0 0.250558 0.134581 0.012788 0.013326
0 0.257907 0.076083 0.012190 0.013363
0 0.749754 0.654303 0.009297 0.016956
0 0.107296 0.910194 0.011361 0.017015
0 0.081068 0.945317 0.010851 0.011651
0 0.126349 0.359999 0.011656 0.012076
0 0.901963 0.385498 0.011305 0.012827
0 0.970196 0.318085 0.011725 0.016958
0 0.534095 0.144395 0.010026 0.011724
0 0.148049 0.618002 0.010742 0.015903
0 0.740843 0.355798 0.010982 0.011445
0 0.908631 0.619896 0.011727 0.011837
0 0.744508 0.465612 0.012133 0.011627
0 0.359379 0.597255 0.010651 0.012180
0 0.781045 0.035287 0.007839 0.017838
0 0.344148 0.178688 0.012018 0.012218
0 0.920164 0.109082 0.011845 0.013187
0 0.690143 0.570248 0.010686 0.018089
0 0.539293 0.143869 0.011545 0.011986
0 0.741774 0.195589 0.010225 0.011904
0 0.325918 0.499228 0.013350 0.012874
0 0.465116 0.527606 0.011074 0.016830
0 0.331997 0.682131 0.012264 0.013650
0 0.258745 0.484797 0.010908 0.012463
0 0.266501 0.577832 0.011935 0.012976
0 0.064812 0.756988 0.011312 0.014747
0 0.625775 0.939227 0.012266 0.011514
0 0.871504 0.700460 0.011378 0.015695
0 0.739386 0.102633 0.010141 0.017671
0 0.609698 0.557112 0.010367 0.013833
0 0.084195 0.234080 0.010448 0.014999
0 0.407595 0.682556 0.009987 0.016829
0 0.040823 0.918985 0.009808 0.017528
0 0.807154 0.524942 0.012695 0.012756
0 0.326891 0.393738 0.012787 0.015820
0 0.210580 0.490296 0.010263 0.013946
0 0.133262 0.684465 0.010398 0.015055
0 0.915253 0.157794 0.010573 0.015538
0 0.318077 0.918563 0.012723 0.016720
0 0.427486 0.624907 0.010757 0.014219
0 0.303763 0.616766 0.011217 0.013878
0 0.144168 0.987578 0.008794 0.019651
0 0.877266 0.970703 0.010609 0.011287
0 0.549884 0.445488 0.011962 0.013422
0 0.263202 0.485491 0.015292 0.015817
0 0.987035 0.810941 0.012118 0.011717
0 0.283932 0.767703 0.010814 0.017370
0 0.881270 0.678384 0.008202 0.010128
0 0.019743 0.288165 0.011108 0.011925
0 0.376982 0.728540 0.011486 0.016310
0 0.882761 0.520051 0.012104 0.012817
0 0.608500 0.090556 0.013529 0.012701
0 0.714744 0.603420 0.009948 0.014650
0 0.571779 0.211529 0.010843 0.015084
0 0.452662 0.726881 0.010800 0.017461
0 0.658864 0.470231 0.009348 0.011694
0 0.096625 0.951666 0.011322 0.013933
0 0.471468 0.961846 0.011069 0.015159
0 0.137929 0.920817 0.009956 0.009277
0 0.826425 0.422952 0.013143 0.014539
0 0.387261 0.497315 0.011897 0.016351
0 0.542051 0.464660 0.011338 0.014972
0 0.892019 0.601447 0.011532 0.013670
0 0.605876 0.232636 0.012217 0.013438
0 0.427661 0.135256 0.010593 0.015191
0 0.808565 0.116429 0.010487 0.016228
0 0.637083 0.036750 0.012715 0.015859
0 0.188572 0.762057 0.009945 0.013054
0 0.625860 0.756532 0.012445 0.016111
0 0.156847 0.363590 0.009598 0.018441
0 0.496812 0.065812 0.011142 0.013187
0 0.962347 0.735186 0.008729 0.016951
0 0.183126 0.271128 0.010860 0.010479
0 0.675309 0.867906 0.014054 0.016305
0 0.202352 0.947444 0.011229 0.012250
0 0.842873 0.807554 0.009676 0.014536
0 0.526420 0.448423 0.012883 0.016020
0 0.809324 0.386157 0.009550 0.011697
0 0.775956 0.238043 0.012127 0.011690
0 0.296017 0.819241 0.009994 0.012436
0 0.865165 0.276298 0.011726 0.013567
0 0.869845 0.853066 0.012121 0.010853
0 0.302515 0.938889 0.011074 0.012141
0 0.606957 0.695981 0.011152 0.012329
0 0.189127 0.836833 0.011837 0.013302
0 0.589400 0.867742 0.011885 0.014431
0 0.845812 0.562316 0.011831 0.015055
0 0.571109 0.252112 0.010971 0.011480
0 0.513905 0.949113 0.012336 0.010115
0 0.102517 0.703268 0.011357 0.013857
0 0.131512 0.986968 0.010472 0.015343
0 0.641880 0.181374 0.010978 0.013792
0 0.985863 0.959674 0.011622 0.011068
0 0.692660 0.015132 0.009789 0.016548
0 0.521732 0.408334 0.012185 0.012215
0 0.048118 0.967643 0.011389 0.013773
0 0.766794 0.497098 0.008913 0.012680
0 0.961611 0.207354 0.010828 0.016339
0 0.752206 0.880387 0.011084 0.011922
0 0.900785 0.956753 0.010823 0.016239
0 0.812769 0.336366 0.011742 0.014993
0 0.776458 0.535211 0.008861 0.016739
0 0.664662 0.469469 0.011171 0.012076
0 0.705205 0.875602 0.008412 0.014110
0 0.569994 0.747308 0.012055 0.013477
0 0.274096 0.301888 0.011597 0.017525
0 0.921348 0.365108 0.009923 0.010316
0 0.121875 0.657751 0.012140 0.012861
0 0.327901 0.374293 0.011809 0.015523
0 0.760436 0.865458 0.010985 0.015313
0 0.756063 0.333335 0.013499 0.011264
0 0.790170 0.732838 0.012217 0.013452
0 0.333204 0.479323 0.011949 0.015761
0 0.178099 0.185345 0.011273 0.015406
0 0.789389 0.454703 0.010797 0.011181
0 0.766198 0.868725 0.014548 0.017387
0 0.430840 0.621310 0.011684 0.015783
0 0.624736 0.147132 0.011435 0.012442
0 0.137222 0.913495 0.011509 0.013382
0 0.861257 0.787823 0.011891 0.012829
0 0.947125 0.651612 0.011370 0.016744
0 0.481309 0.544713 0.008380 0.015951
0 0.327241 0.253344 0.010831 0.017333
0 0.784821 0.993721 0.010007 0.012558
0 0.884826 0.114874 0.010500 0.015189
0 0.610316 0.551343 0.008796 0.016131
0 0.989996 0.855461 0.010838 0.010784
0 0.540717 0.108465 0.011053 0.011151
0 0.526705 0.377815 0.011411 0.013471
0 0.034201 0.508153 0.011289 0.015966
0 0.539353 0.916742 0.011751 0.013968
0 0.026010 0.389695 0.013368 0.014435
0 0.325679 0.784099 0.008613 0.016809
0 0.649222 0.697220 0.009360 0.013739
0 0.759616 0.488042 0.010614 0.012352
0 0.727851 0.402110 0.010822 0.016067
0 0.002759 0.421759 0.005518 0.014870
0 0.986731 0.478875 0.010163 0.014691
0 0.190664 0.932305 0.011563 0.010698
0 0.770062 0.733260 0.010911 0.013720
0 0.739375 0.168064 0.011348 0.013213
0 0.833798 0.639967 0.011431 0.012184
0 0.435014 0.487911 0.010123 0.012640
0 0.986371 0.020309 0.012111 0.014777
0 0.125179 0.938777 0.008673 0.015032
0 0.192837 0.762469 0.011286 0.013484
0 0.134531 0.919385 0.011501 0.007097
0 0.072357 0.935133 0.010662 0.010571
0 0.336493 0.483451 0.005036 0.005916
0 0.924572 0.873635 0.012293 0.010064
0 0.657346 0.534545 0.012208 0.018782
0 0.534916 0.868080 0.011587 0.015611
0 0.384628 0.430817 0.009707 0.009330
0 0.835892 0.424628 0.012184 0.017016
0 0.084894 0.125947 0.011121 0.012370
0 0.476307 0.928775 0.008525 0.016778
0 0.760032 0.498229 0.013331 0.014552
0 0.314720 0.211194 0.009557 0.013618
0 0.785045 0.454368 0.011189 0.013033
0 0.995712 0.392723 0.008576 0.015429
0 0.642348 0.921782 0.011721 0.015663
0 0.187994 0.754868 0.010752 0.017468
0 0.122172 0.596871 0.010310 0.012391
0 0.708907 0.430652 0.009670 0.010439
0 0.965314 0.891071 0.011063 0.015290
0 0.090323 0.921982 0.009247 0.005527
0 0.142594 0.908064 0.006007 0.012777
0 0.261358 0.480276 0.011307 0.015058
0 0.017031 0.816544 0.008550 0.013571
0 0.777551 0.321829 0.009912 0.010400
0 0.314077 0.017052 0.011399 0.015170
0 0.322691 0.004264 0.009678 0.008527
0 0.745517 0.633553 0.011355 0.013568
0 0.886475 0.116657 0.005396 0.005651
0 0.638645 0.945514 0.011317 0.016230
0 0.248549 0.459985 0.007541 0.013638
0 0.033258 0.666433 0.012218 0.009234
0 0.888557 0.905800 0.011402 0.014667
0 0.327517 0.995142 0.009310 0.009717
0 0.392197 0.769863 0.009668 0.017435
0 0.545097 0.450455 0.014108 0.018190
0 0.139303 0.929336 0.009058 0.014822
0 0.939200 0.537784 0.009899 0.011465
0 0.996439 0.454957 0.007122 0.008178
0 0.327307 0.680537 0.012188 0.015700
0 0.052976 0.939358 0.010383 0.011716
0 0.825702 0.414294 0.014407 0.024778
0 0.428459 0.172775 0.009798 0.011118
0 0.995405 0.698971 0.009190 0.008541
0 0.075856 0.078499 0.009907 0.015305
0 0.119946 0.920630 0.009943 0.006407
0 0.034007 0.036550 0.010715 0.014557
0 0.996192 0.560497 0.007615 0.010663
0 0.180179 0.247682 0.009695 0.009554
0 0.111928 0.617013 0.005549 0.005719
0 0.033807 0.232006 0.012046 0.013715
0 0.037590 0.129223 0.008454 0.016413
0 0.616934 0.170027 0.010455 0.017007
0 0.602653 0.698476 0.013181 0.013837
0 0.194717 0.921605 0.011278 0.014117
0 0.512262 0.951212 0.004223 0.005312
0 0.087598 0.811349 0.007941 0.017371
0 0.301141 0.270712 0.009759 0.012252
0 0.386360 0.484007 0.005770 0.006141
0 0.603989 0.008447 0.010920 0.011707
0 0.662497 0.116991 0.004585 0.005795
0 0.925340 0.365336 0.010582 0.010602
0 0.762738 0.510212 0.012933 0.019055
0 0.002700 0.105563 0.005401 0.008358
0 0.473594 0.744908 0.010636 0.013745
0 0.602199 0.552986 0.014922 0.019473
0 0.462637 0.484141 0.005030 0.005710
0 0.197225 0.316116 0.009614 0.013483
0 0.666519 0.519114 0.018677 0.024132
0 0.995170 0.109675 0.009659 0.016450
0 0.747866 0.787785 0.010083 0.009125
0 0.158011 0.251169 0.012184 0.016503
0 0.212366 0.169703 0.009957 0.019036
0 0.600321 0.344519 0.009615 0.013463
0 0.143105 0.935551 0.006434 0.008706
0 0.181753 0.341690 0.006739 0.008328
0 0.101658 0.018912 0.010374 0.016141
0 0.019170 0.161951 0.007822 0.015579
0 0.542133 0.458233 0.014977 0.021247
0 0.194160 0.930599 0.012933 0.013290
0 0.997917 0.644725 0.004167 0.009182
0 0.101438 0.920008 0.011014 0.006410
0 0.629814 0.940267 0.016033 0.015301
0 0.108902 0.615826 0.011710 0.013284
0 0.544149 0.424573 0.006477 0.006974
0 0.127778 0.921039 0.011578 0.007618