0 0.221875 0.862287 0.008203 0.010427
0 0.951563 0.797641 0.008594 0.007820
0 0.240430 0.862287 0.004688 0.011469
0 0.250391 0.864372 0.006836 0.009905
0 0.294531 0.413939 0.007227 0.009905
0 0.085449 0.652189 0.006396 0.010427
0 0.246484 0.863329 0.006836 0.010948
0 0.081787 0.683990 0.007812 0.013033
0 0.234570 0.862287 0.005469 0.010948
0 0.025903 0.644890 0.008582 0.015640
0 0.758203 0.777831 0.007031 0.007820
0 0.582422 0.903993 0.008594 0.015119
0 0.060986 0.595885 0.006543 0.011469
0 0.946875 0.807547 0.010156 0.013555
0 0.048340 0.694417 0.008301 0.011991
0 0.220703 0.563041 0.006445 0.007820
0 0.952344 0.887311 0.006250 0.007299
0 0.212891 0.862287 0.008398 0.014076
0 0.454688 0.754892 0.005078 0.007820
0 0.497656 0.747593 0.006250 0.006777
0 0.215039 0.435835 0.010547 0.011469
0 0.471875 0.470243 0.004297 0.007299
0 0.312891 0.422802 0.006445 0.009384
0 0.339062 0.284648 0.008789 0.013815
0 0.036377 0.592236 0.008569 0.011991
0 0.560938 0.223652 0.010156 0.014337
0 0.013196 0.768447 0.011108 0.014076
0 0.318750 0.387873 0.008203 0.014076
0 0.571094 0.186116 0.008594 0.012773
0 0.177539 0.574510 0.008301 0.011991
0 0.236328 0.978023 0.010352 0.016683
0 0.951563 0.788257 0.008594 0.014076
0 0.278906 0.347209 0.005664 0.007559
0 0.031104 0.627686 0.007471 0.011991
0 0.271094 0.043271 0.009180 0.011991
0 0.815625 0.873756 0.010937 0.009384
0 0.057910 0.552614 0.009277 0.008341
0 0.782031 0.804419 0.008984 0.013555
0 0.739063 0.425409 0.009375 0.016161
0 0.121094 0.618824 0.009668 0.013555
0 0.223438 0.859159 0.008594 0.012512
0 0.617188 0.886268 0.005859 0.007820
0 0.422266 0.121471 0.007031 0.007038
0 0.269141 0.584937 0.007617 0.013033
0 0.196875 0.233558 0.012012 0.013294
0 0.457812 0.435835 0.008984 0.016161
0 0.434375 0.309151 0.010156 0.013294
0 0.779688 0.862287 0.010938 0.012512
0 0.757812 0.762712 0.005859 0.007299
0 0.064355 0.570340 0.006836 0.007299
0 0.131836 0.677734 0.008984 0.011991
0 0.801562 0.675649 0.011719 0.013555
0 0.388281 0.362849 0.009570 0.014597
0 0.107813 0.013164 0.009375 0.011730
0 0.383594 0.318535 0.010742 0.016161
0 0.102441 0.636028 0.009570 0.011469
0 0.929688 0.243984 0.007031 0.009123
0 0.898438 0.813281 0.003906 0.006777
0 0.151953 0.520292 0.009277 0.013555
0 0.151953 0.529154 0.009082 0.011469
0 0.826563 0.837263 0.010156 0.019289
0 0.049609 0.634985 0.009863 0.014076
0 0.851562 0.377967 0.007812 0.011469
0 0.567187 0.601620 0.006250 0.010948
0 0.386328 0.945700 0.005664 0.006256
0 0.821875 0.821623 0.007031 0.006256
0 0.663672 0.593278 0.009375 0.016683
0 0.082129 0.671478 0.007959 0.011991
0 0.446094 0.327919 0.008984 0.011209
0 0.458594 0.466073 0.008594 0.011991
0 0.157617 0.591193 0.008398 0.009905
0 0.214453 0.449911 0.011328 0.013555
0 0.347266 0.444177 0.009961 0.015640
0 0.039111 0.590150 0.008667 0.011991
0 0.070410 0.459817 0.010693 0.010948
0 0.303906 0.417067 0.008398 0.010948
0 0.274805 0.344081 0.008594 0.009123
0 0.295508 0.398299 0.005859 0.008863
0 0.800000 0.779916 0.008984 0.015640
0 0.812500 0.846647 0.007812 0.014597
0 0.213281 0.857073 0.007617 0.008863
0 0.726172 0.150666 0.010156 0.015901
0 0.276953 0.413939 0.010547 0.008863
0 0.450000 0.346166 0.007812 0.015379
0 0.544531 0.469201 0.012109 0.016161
0 0.461719 0.350858 0.008203 0.010687
0 0.973438 0.849253 0.006250 0.009384
0 0.319531 0.374318 0.009570 0.011991
0 0.447656 0.812239 0.010547 0.014076
0 0.259766 0.288298 0.008594 0.006256
0 0.672656 0.477542 0.009766 0.010948
0 0.420312 0.660530 0.009766 0.015640
0 0.904688 0.788257 0.008594 0.010948
0 0.183105 0.260667 0.009375 0.011730
0 0.077588 0.650625 0.011230 0.012512
0 0.496094 0.727782 0.008594 0.011991
0 0.269922 0.527590 0.006445 0.008341
0 0.230078 0.314364 0.007227 0.008602
0 0.240625 0.236686 0.007031 0.008602
0 0.488281 0.673042 0.010938 0.015640
0 0.412500 0.368583 0.010156 0.015379
0 0.943750 0.551572 0.007031 0.013033
0 0.840625 0.955084 0.009375 0.008341
0 0.789062 0.822665 0.007422 0.007299
0 0.258398 0.661052 0.010547 0.011991
0 0.131445 0.011469 0.007324 0.009775
0 0.156250 0.512471 0.007520 0.014597
0 0.470313 0.718920 0.008984 0.012512
0 0.677344 0.912335 0.010156 0.012512
0 0.013733 0.035972 0.008185 0.010818
0 0.830469 0.945700 0.010938 0.012512
0 0.145703 0.598492 0.009766 0.010427
0 0.090332 0.607876 0.008398 0.009384
0 0.453125 0.317232 0.009766 0.013033
0 0.830469 0.917548 0.006250 0.009384
0 0.527344 0.600577 0.010547 0.012512
0 0.650781 0.651668 0.010937 0.017725
0 0.467187 0.130594 0.005859 0.008341
0 0.439063 0.561998 0.008203 0.015119
0 0.257422 0.342517 0.009570 0.012773
0 0.634766 0.010296 0.006250 0.007559
0 0.935156 0.678777 0.004687 0.007299
0 0.657813 0.823708 0.006641 0.007820
0 0.451172 0.476499 0.010938 0.012512
0 0.199609 0.015379 0.008691 0.014467
0 0.177734 0.039621 0.009180 0.009384
0 0.601172 0.628208 0.006250 0.010427
0 0.533594 0.506737 0.009766 0.008341
0 0.603906 0.920676 0.009766 0.010427
0 0.949219 0.804419 0.010938 0.014597
0 0.180859 0.010166 0.012500 0.015640
0 0.507422 0.686076 0.008594 0.011991
0 0.353125 0.400385 0.011914 0.014076
0 0.306250 0.533846 0.012305 0.015119
0 0.253516 0.961340 0.009375 0.014597
0 0.970312 0.736645 0.009375 0.016683
0 0.277734 0.336521 0.009180 0.012512
0 0.560156 0.484841 0.005078 0.009384
0 0.566797 0.172562 0.009375 0.010948
0 0.835938 0.798163 0.005469 0.008341
0 0.526563 0.449911 0.011328 0.014597
0 0.059570 0.516121 0.007080 0.008863
0 0.405469 0.384745 0.011914 0.013033
0 0.241406 0.613610 0.007617 0.010427
0 0.553906 0.410811 0.009375 0.011469
0 0.332617 0.430101 0.007812 0.009384
0 0.132812 0.046659 0.009766 0.011600
0 0.869531 0.842476 0.010938 0.016161
0 0.560547 0.900865 0.009375 0.010948
0 0.169531 0.566169 0.011816 0.010948
0 0.831250 0.960297 0.011719 0.012512
0 0.490625 0.936316 0.005859 0.007299
0 0.848437 0.180121 0.007812 0.011991
0 0.825000 0.470243 0.007031 0.010948
0 0.704297 0.212704 0.008594 0.010948
0 0.183594 0.392565 0.008789 0.010427
0 0.857813 0.376403 0.010156 0.012512
0 0.760156 0.940487 0.010547 0.013555
0 0.787891 0.854988 0.008594 0.013033
0 0.903125 0.798163 0.009375 0.008341
0 0.559375 0.841433 0.010547 0.011991
0 0.394531 0.414461 0.008203 0.010427
0 0.882812 0.775745 0.011719 0.015119
0 0.410156 0.258060 0.010547 0.014858
0 0.283398 0.282563 0.008984 0.008863
0 0.084082 0.427494 0.010889 0.011991
0 0.357031 0.412897 0.008789 0.009905
0 0.688281 0.641241 0.008594 0.017204
0 0.540625 0.580766 0.009766 0.010948
0 0.488672 0.452518 0.011719 0.013033
0 0.281250 0.455646 0.010742 0.011991
0 0.414062 0.167870 0.011328 0.012773
0 0.135254 0.711100 0.005273 0.008863
0 0.225781 0.371190 0.007227 0.011209
0 0.407422 0.993182 0.008594 0.013636
0 0.009308 0.769489 0.008826 0.011991
0 0.678125 0.467115 0.010547 0.011991
0 0.781250 0.309672 0.008594 0.017204
0 0.979688 0.838305 0.007031 0.008863
0 0.925781 0.637070 0.009375 0.017204
0 0.067871 0.151187 0.006787 0.013815
0 0.610156 0.862287 0.008594 0.008863
0 0.515625 0.444177 0.010547 0.009905
0 0.857813 0.364673 0.007031 0.009905
0 0.454688 0.674606 0.007422 0.008863
0 0.503125 0.728825 0.006250 0.011991
0 0.139063 0.611004 0.010645 0.011991
0 0.201562 0.323488 0.007617 0.010427
0 0.609375 0.386830 0.010156 0.017204
0 0.580469 0.200192 0.012891 0.015640
0 0.915625 0.982194 0.009375 0.009384
0 0.388672 0.520813 0.007227 0.008341
0 0.170117 0.370147 0.009863 0.016422
0 0.893750 0.744465 0.013281 0.014076
0 0.732813 0.083674 0.008984 0.010687
0 0.254688 0.647497 0.010742 0.014076
0 0.729297 0.839348 0.006250 0.008341
0 0.865625 0.967596 0.010156 0.013555
0 0.147754 0.630814 0.006250 0.007299
0 0.766016 0.710578 0.010156 0.013555
0 0.425000 0.793471 0.010938 0.014076
0 0.026123 0.955084 0.012170 0.009384
0 0.700000 0.224956 0.012500 0.011469
0 0.622656 0.944657 0.010156 0.013555
0 0.894531 0.797641 0.007812 0.010948
0 0.746484 0.857595 0.010156 0.010427
0 0.772656 0.695460 0.010547 0.014076
0 0.425391 0.143367 0.010156 0.014076
0 0.771875 0.796599 0.007812 0.014076
0 0.814844 0.143888 0.010938 0.011991
0 0.862500 0.319057 0.007031 0.009384
0 0.879688 0.868543 0.007031 0.009905
0 0.410937 0.336261 0.010156 0.010948
0 0.754688 0.135547 0.005469 0.007559
0 0.433203 0.973852 0.010938 0.010427
0 0.158984 0.522377 0.008984 0.015119
0 0.494531 0.862287 0.007422 0.015119
0 0.013672 0.729868 0.008215 0.013033
0 0.632031 0.966554 0.007422 0.010427
0 0.558594 0.921719 0.008984 0.015640
0 0.147070 0.654274 0.005566 0.009384
0 0.843750 0.967596 0.010156 0.011469
0 0.916406 0.052915 0.004687 0.006908
0 0.016626 0.753849 0.006897 0.007820
0 0.696875 0.189505 0.007031 0.007299
0 0.582422 0.547401 0.007031 0.005735
0 0.467188 0.795556 0.007422 0.007820
0 0.567578 0.984279 0.007031 0.011469
0 0.067773 0.604748 0.006787 0.010948
0 0.560156 0.916505 0.008984 0.014597
0 0.804688 0.840391 0.007031 0.008341
0 0.530859 0.530718 0.007031 0.008863
0 0.793750 0.656881 0.011328 0.015119
0 0.268359 0.228605 0.007812 0.015119
0 0.287500 0.294293 0.008008 0.013033
0 0.494531 0.921719 0.009766 0.013555
0 0.395117 0.428537 0.008984 0.015119
0 0.928125 0.256496 0.010156 0.008602
0 0.034912 0.277350 0.008032 0.010166
0 0.389648 0.935273 0.009766 0.010427
0 0.700781 0.730910 0.007031 0.008341
0 0.246484 0.035842 0.009570 0.009645
0 0.242188 0.036493 0.007617 0.008211
0 0.767969 0.397257 0.010547 0.013555
0 0.782031 0.291426 0.012891 0.011730
0 0.814062 0.907121 0.012500 0.015640
0 0.150195 0.697545 0.007715 0.011991
0 0.034180 0.614132 0.009351 0.011469
0 0.220703 0.311236 0.009570 0.015119
0 0.253320 0.578681 0.011328 0.014597
0 0.638281 0.076766 0.008203 0.011991
0 0.388281 0.253368 0.011133 0.015379
0 0.828125 0.957170 0.010156 0.011469
0 0.196094 0.553657 0.011230 0.014597
0 0.694531 0.836220 0.008203 0.011469
0 0.746875 0.871149 0.009375 0.012512
0 0.507812 0.647497 0.010156 0.011991
0 0.445703 0.392043 0.010156 0.015119
0 0.393555 0.391522 0.008203 0.010427
0 0.390234 0.678256 0.010742 0.015640
0 0.120508 0.649582 0.010840 0.015119
0 0.903125 0.750721 0.009375 0.009905
0 0.607813 0.910249 0.011328 0.010427
0 0.554688 0.481713 0.008984 0.011991
0 0.596484 0.461902 0.010156 0.015119
0 0.257031 0.706929 0.007227 0.007820
0 0.257812 0.985322 0.008594 0.012512
0 0.235156 0.615174 0.009375 0.010948
0 0.082080 0.615696 0.008301 0.012512
0 0.063281 0.026849 0.010400 0.012773
0 0.251172 0.031150 0.008984 0.011209
0 0.244141 0.288298 0.007617 0.009645
0 0.333984 0.980108 0.007422 0.009384
0 0.134961 0.564084 0.009473 0.011991
0 0.839063 0.726740 0.007031 0.009384
0 0.942188 0.640198 0.006250 0.007299
0 0.425781 0.373797 0.008984 0.008341
0 0.385938 0.402470 0.011133 0.013033
0 0.376172 0.438963 0.006445 0.006777
0 0.940625 0.840912 0.007031 0.008341
0 0.946875 0.148580 0.010156 0.013815
0 0.929688 0.522377 0.005469 0.006777
0 0.796094 0.851860 0.008203 0.011469
0 0.251563 0.329483 0.011133 0.010687
0 0.537500 0.611525 0.007031 0.010427
0 0.654687 0.045617 0.007812 0.012773
0 0.914062 0.593800 0.009375 0.011469
0 0.143066 0.517685 0.009961 0.010427
0 0.548438 0.400906 0.010547 0.012512
0 0.586328 0.564084 0.005469 0.009384
0 0.481641 0.445219 0.008594 0.015119
0 0.773438 0.896695 0.008984 0.014597
0 0.662500 0.083544 0.003906 0.004953
0 0.687109 0.913377 0.007812 0.015640
0 0.359766 0.401427 0.008203 0.012512
0 0.112402 0.627686 0.008984 0.010948
0 0.191016 0.394129 0.008691 0.010427
0 0.619922 0.996310 0.007031 0.007380
0 0.503125 0.359721 0.011719 0.013033
0 0.795313 0.296639 0.005859 0.006517
0 0.851562 0.852903 0.010156 0.013555
0 0.332813 0.276828 0.010156 0.014597
0 0.523047 0.446262 0.010156 0.014076
0 0.988281 0.871671 0.007812 0.008863
0 0.707031 0.368583 0.007812 0.011209
0 0.544531 0.522377 0.007422 0.008863
0 0.537500 0.748636 0.007812 0.011469
0 0.399414 0.326095 0.011328 0.012512
0 0.798047 0.013555 0.007031 0.007820
0 0.008539 0.215572 0.010046 0.013555
0 0.203516 0.869585 0.005078 0.011469
0 0.222656 0.321403 0.009570 0.010948
0 0.589844 0.912335 0.010938 0.012512
0 0.426172 0.566169 0.007812 0.009384
0 0.461719 0.808068 0.008984 0.011469
0 0.164160 0.419674 0.006445 0.007299
0 0.209961 0.872713 0.008984 0.005213
0 0.881250 0.997614 0.007031 0.004773
0 0.435156 0.961340 0.010547 0.011469
0 0.981250 0.049005 0.010156 0.013164
0 0.260547 0.864372 0.005859 0.014076
0 0.567188 0.839348 0.005859 0.012512
0 0.045508 0.495267 0.006323 0.006777
0 0.099902 0.862808 0.007812 0.016683
0 0.892187 0.982194 0.008594 0.009384
0 0.600781 0.657402 0.007812 0.012512
0 0.281055 0.397778 0.007422 0.011469
0 0.216406 0.411333 0.009180 0.012512
0 0.023804 0.751764 0.007874 0.010948
0 0.480078 0.723612 0.007031 0.009905
0 0.661719 0.379531 0.008594 0.014076
0 0.989063 0.137632 0.005469 0.006517
0 0.906250 0.168912 0.010156 0.013294
0 0.160156 0.526547 0.007324 0.014597
0 0.161133 0.807025 0.010547 0.009384
0 0.465234 0.404555 0.009375 0.010948
0 0.624219 0.615174 0.007031 0.008863
0 0.079199 0.760626 0.010156 0.016683
0 0.834375 0.693374 0.008594 0.013033
0 0.358203 0.708493 0.009570 0.011469
0 0.214844 0.398299 0.008203 0.007820
0 0.950000 0.796599 0.008594 0.014076
0 0.592188 0.579724 0.010156 0.015119
0 0.914062 0.704844 0.010156 0.010427
0 0.102246 0.160050 0.009766 0.014337
0 0.136328 0.688161 0.006836 0.008863
0 0.323047 0.564084 0.005078 0.006256
0 0.803125 0.319057 0.010156 0.016683
0 0.715625 0.248155 0.008984 0.010687
0 0.030908 0.946743 0.009204 0.013555
0 0.718750 0.149884 0.008203 0.014076
0 0.128711 0.024242 0.011230 0.012382
0 0.732031 0.017465 0.010156 0.016552
0 0.135352 0.611004 0.009570 0.010948
0 0.064648 0.498395 0.008154 0.009905
0 0.452344 0.453039 0.005859 0.011469
0 0.464844 0.409247 0.010547 0.014597
0 0.821875 0.133201 0.010156 0.012512
0 0.609375 0.360763 0.009766 0.011991
0 0.440625 0.961340 0.009766 0.011469
0 0.862500 0.888875 0.008594 0.013555
0 0.829687 0.694417 0.008594 0.013033
0 0.026489 0.699630 0.007568 0.008341
0 0.895313 0.482755 0.010156 0.014597
0 0.216406 0.369105 0.009570 0.015640
0 0.669531 0.997874 0.007812 0.004252
0 0.850000 0.645412 0.008594 0.011991
0 0.205859 0.397257 0.006055 0.007820
0 0.258203 0.281260 0.008594 0.009384
0 0.820312 0.991578 0.007812 0.008341
0 0.814062 0.138675 0.010156 0.015901
0 0.201562 0.236164 0.012305 0.013815
0 0.589063 0.173604 0.010938 0.014337
0 0.456641 0.654796 0.008594 0.016161
0 0.971875 0.621430 0.006250 0.007820
0 0.584375 0.164742 0.009375 0.009905
0 0.212891 0.450433 0.004102 0.005213
0 0.635938 0.973852 0.007031 0.008341
0 0.615234 0.621952 0.009375 0.006256
0 0.060791 0.599013 0.010352 0.014597
0 0.131250 0.553136 0.008105 0.011469
0 0.113477 0.543230 0.007812 0.009384
0 0.515625 0.432707 0.010547 0.008863
0 0.565625 0.473371 0.010547 0.011991
0 0.700781 0.244506 0.007812 0.010166
0 0.218359 0.320360 0.009961 0.011469
0 0.675000 0.591714 0.011328 0.014597
0 0.233203 0.870628 0.008008 0.008863
0 0.945312 0.376925 0.007031 0.008341
0 0.122266 0.552614 0.008398 0.015119
0 0.292969 0.632900 0.006055 0.008863
0 0.039697 0.451475 0.009888 0.013033
0 0.920313 0.593800 0.010156 0.010427
0 0.536328 0.503087 0.011719 0.014597
0 0.601562 0.638113 0.006250 0.010948
0 0.909375 0.705886 0.008594 0.010427
0 0.728125 0.715270 0.008984 0.008863
0 0.051953 0.405077 0.011548 0.012512
0 0.326562 0.380574 0.008008 0.009905
0 0.026416 0.625601 0.010913 0.011991
0 0.298242 0.522898 0.008203 0.007299
0 0.954687 0.829964 0.005469 0.008863
0 0.098193 0.159007 0.013574 0.015901
0 0.272461 0.385787 0.010156 0.009905
0 0.565625 0.675649 0.010938 0.010948
0 0.773438 0.691289 0.010547 0.008863
0 0.210547 0.331047 0.009180 0.009645
0 0.567969 0.925889 0.008594 0.010427
0 0.817188 0.929017 0.010938 0.014597
0 0.046021 0.055783 0.010303 0.012642
0 0.853125 0.769489 0.007031 0.007820
0 0.069385 0.459817 0.005762 0.006777
0 0.293945 0.656881 0.007031 0.008863
0 0.455078 0.388915 0.007812 0.012512
0 0.603906 0.899301 0.009375 0.011469
0 0.029346 0.278392 0.007227 0.012251
0 0.419531 0.776788 0.010156 0.017204
0 0.446875 0.770532 0.009766 0.013033
0 0.309180 0.406641 0.007812 0.008341
0 0.378125 0.376925 0.007812 0.009384
0 0.776953 0.196543 0.008594 0.007820
0 0.962500 0.547922 0.007031 0.010427
0 0.537891 0.750721 0.003906 0.004692
0 0.307813 0.371711 0.007617 0.009384
0 0.589844 0.520292 0.009375 0.011469
0 0.604688 0.660009 0.006641 0.011991
0 0.252344 0.976980 0.008008 0.010427
0 0.235156 0.599534 0.010938 0.011991
0 0.833594 0.809111 0.010938 0.010948
0 0.109668 0.877927 0.008984 0.013033
0 0.203125 0.243463 0.010547 0.015119
0 0.959375 0.557828 0.010156 0.008863
0 0.831250 0.955084 0.013281 0.013555
0 0.149219 0.582852 0.006250 0.008863
0 0.143848 0.950913 0.012891 0.010427
0 0.632031 0.370669 0.006641 0.007559
0 0.766406 0.372233 0.005078 0.006777
0 0.535156 0.577638 0.011328 0.013555
0 0.740625 0.951956 0.010937 0.014597
0 0.882812 0.184552 0.010938 0.011469
0 0.705469 0.302895 0.008984 0.016422
0 0.845312 0.194197 0.010156 0.011469
0 0.424609 0.720484 0.011719 0.015640
0 0.075000 0.438963 0.007861 0.010948
0 0.356055 0.389958 0.009766 0.013033
0 0.166992 0.590150 0.006543 0.009905
0 0.685937 0.975937 0.007812 0.013555
0 0.655469 0.272918 0.005859 0.007820
0 0.082861 0.967596 0.011230 0.015640
0 0.966406 0.712142 0.009375 0.017204
0 0.302344 0.458774 0.009961 0.011991
0 0.113379 0.442613 0.011523 0.012512
0 0.797656 0.741337 0.009766 0.008863
0 0.142773 0.630293 0.007812 0.008341
0 0.900000 0.787215 0.010156 0.011991
0 0.667969 0.923804 0.010547 0.013555
0 0.062793 0.628208 0.009277 0.013555
0 0.892187 0.006517 0.010156 0.010818
0 0.524219 0.547401 0.007422 0.009905
0 0.466016 0.809111 0.010938 0.012512
0 0.762500 0.036493 0.010938 0.011860
0 0.105078 0.402470 0.009082 0.016161
0 0.807031 0.860201 0.007812 0.010948
0 0.365820 0.799727 0.010547 0.010948
0 0.347266 0.247634 0.009766 0.011209
0 0.906250 0.668350 0.007031 0.009905
0 0.647656 0.055261 0.008984 0.010557
0 0.987500 0.740294 0.007031 0.007820
0 0.242188 0.029716 0.007227 0.009123
0 0.485547 0.705886 0.005469 0.007820
0 0.575391 0.177775 0.008594 0.012251
0 0.574219 0.194979 0.009766 0.017465
0 0.308203 0.382659 0.009375 0.009384
0 0.803125 0.471286 0.011719 0.013033
0 0.719922 0.145452 0.010156 0.015379
0 0.256836 0.003552 0.007422 0.007103
0 0.828125 0.706929 0.008594 0.011991
0 0.118555 0.621952 0.011230 0.017725
0 0.538281 0.534889 0.007812 0.011991
0 0.075195 0.460859 0.008447 0.011469
0 0.556250 0.382659 0.010547 0.013555
0 0.939844 0.519249 0.006250 0.007820
0 0.438281 0.327398 0.007422 0.012251
0 0.602344 0.644890 0.005859 0.013555
0 0.598437 0.899823 0.010547 0.010948
0 0.510938 0.443134 0.009375 0.011991
0 0.445312 0.453039 0.008984 0.013555
0 0.717187 0.838305 0.005859 0.006777
0 0.280469 0.374318 0.009375 0.010948
0 0.521875 0.309672 0.010547 0.012512
0 0.876562 0.973852 0.010938 0.013555
0 0.105176 0.673564 0.008203 0.010427
0 0.612109 0.671478 0.008594 0.013033
0 0.967188 0.741337 0.010938 0.013555
0 0.575391 0.169173 0.007812 0.013033
0 0.933594 0.125902 0.010938 0.010427
0 0.792188 0.760626 0.009766 0.013555
0 0.779688 0.026458 0.008984 0.012512
0 0.781250 0.797641 0.009766 0.016161
0 0.048926 0.432707 0.006274 0.009905
0 0.029004 0.595364 0.007642 0.011991
0 0.973438 0.431665 0.005469 0.008341
0 0.988281 0.003063 0.006250 0.006126
0 0.145313 0.643326 0.008984 0.009384
0 0.070117 0.573468 0.006787 0.009905
0 0.569531 0.563562 0.007422 0.008341
0 0.217188 0.681905 0.006836 0.008341
0 0.881250 0.865415 0.007812 0.010948
0 0.821094 0.702758 0.012500 0.011991
0 0.162695 0.252326 0.007129 0.009905
0 0.226953 0.322445 0.011328 0.013555
0 0.871094 0.696502 0.009375 0.010427
0 0.512109 0.301331 0.010937 0.011469
0 0.019800 0.215572 0.006995 0.008863
0 0.598437 0.627165 0.008984 0.012512
0 0.976562 0.849775 0.009375 0.010427
0 0.745313 0.640198 0.007812 0.007820
0 0.682813 0.202278 0.010938 0.012512
0 0.983594 0.271615 0.007812 0.008081
0 0.954687 0.914420 0.007031 0.008341
0 0.473047 0.996310 0.007031 0.007380
0 0.374023 0.289601 0.005859 0.008341
0 0.339063 0.410811 0.008984 0.012512
0 0.700391 0.213486 0.011719 0.012512
0 0.048096 0.460859 0.005688 0.009905
0 0.003394 0.657402 0.006787 0.009384
0 0.821875 0.951956 0.010156 0.010427
0 0.939062 0.154315 0.009375 0.013294
0 0.130273 0.612046 0.014844 0.014076
0 0.608203 0.110002 0.009375 0.011730
0 0.507031 0.702237 0.007031 0.011469
0 0.119531 0.679820 0.008301 0.011991
0 0.727344 0.019029 0.011719 0.017074
0 0.051904 0.692332 0.013184 0.013033
0 0.291016 0.377446 0.010352 0.011469
0 0.970312 0.608397 0.010156 0.016683
0 0.435938 0.296118 0.007422 0.011469
0 0.509375 0.728825 0.009375 0.013033
0 0.541016 0.217396 0.007031 0.009123
0 0.817188 0.717877 0.007031 0.009384
0 0.922656 0.256496 0.012500 0.009123
0 0.272266 0.222610 0.010156 0.009905
0 0.700781 0.766361 0.007422 0.007820
0 0.592188 0.171519 0.006641 0.014337
0 0.268750 0.086411 0.006641 0.009905
0 0.203320 0.886789 0.005469 0.010427
0 0.951563 0.897737 0.007812 0.008863
0 0.226562 0.326877 0.010156 0.010687
0 0.534375 0.392565 0.012109 0.012512
0 0.630469 0.615174 0.007031 0.010427
0 0.954687 0.315928 0.007031 0.008081
0 0.036816 0.245027 0.006860 0.011209
0 0.550781 0.511429 0.007422 0.010427
0 0.685938 0.905036 0.008984 0.011469
0 0.764844 0.590672 0.007422 0.007299
0 0.625000 0.665222 0.008594 0.010948
0 0.062061 0.487969 0.007422 0.009905
0 0.251563 0.315928 0.010547 0.010948
0 0.946875 0.137111 0.010156 0.016683
0 0.577734 0.539060 0.007812 0.007299
0 0.309766 0.553136 0.010156 0.016683
0 0.249219 0.424366 0.010156 0.011469
0 0.804688 0.673564 0.010547 0.011991
0 0.655469 0.315407 0.007422 0.008602
0 0.197852 0.246591 0.010937 0.014858
0 0.567969 0.882097 0.007422 0.009905
0 0.662500 0.081849 0.007422 0.009775
0 0.925781 0.119386 0.010938 0.012773
0 0.052930 0.527590 0.007544 0.009905
0 0.694531 0.936316 0.009766 0.011469
0 0.970312 0.819537 0.008594 0.012512
0 0.039819 0.445219 0.009814 0.015119
0 0.572656 0.678777 0.008594 0.011991
0 0.503125 0.865415 0.009766 0.010427
0 0.512109 0.715792 0.010156 0.009384
0 0.171875 0.696502 0.011230 0.014597
0 0.438281 0.544273 0.009375 0.011991
0 0.623438 0.667829 0.008594 0.010427
0 0.413281 0.342517 0.009766 0.012251
0 0.076563 0.547922 0.006982 0.008341
0 0.261523 0.322967 0.006641 0.010427
0 0.235742 0.994485 0.008594 0.011029
0 0.521094 0.248155 0.007422 0.007299
0 0.823438 0.129291 0.011719 0.014858
0 0.872656 0.365195 0.007812 0.011991
0 0.141992 0.827879 0.008105 0.011991
0 0.919531 0.827357 0.007812 0.010427
0 0.124805 0.620388 0.012207 0.018768
0 0.119629 0.258060 0.004297 0.005474
0 0.569531 0.531761 0.008203 0.008863
0 0.270703 0.569297 0.007812 0.008863
0 0.498047 0.526026 0.006250 0.009384
0 0.962500 0.824751 0.007031 0.008863
0 0.478125 0.729868 0.008594 0.005735
0 0.997852 0.655838 0.004297 0.007299
0 0.874219 0.369626 0.007812 0.014597
0 0.572266 0.178818 0.011719 0.016683
0 0.844531 0.834135 0.007812 0.009905
0 0.164258 0.494225 0.008594 0.008863
0 0.157422 0.590150 0.004883 0.006256
0 0.414453 0.935273 0.009375 0.010427
0 0.457812 0.218960 0.010156 0.011209
0 0.208398 0.741337 0.007422 0.008341
0 0.406250 0.507258 0.004297 0.005213
0 0.981250 0.017856 0.008594 0.013815
0 0.167187 0.271354 0.005176 0.007820
0 0.891406 0.740294 0.010938 0.017204
0 0.277344 0.407683 0.011523 0.010948
0 0.937500 0.123035 0.008594 0.008863
0 0.039526 0.693374 0.013330 0.013555
0 0.525391 0.794513 0.007031 0.010427
0 0.406250 0.507779 0.007812 0.009905
0 0.867969 0.365455 0.007812 0.012251
0 0.143066 0.638113 0.008984 0.009384
0 0.596875 0.510907 0.008984 0.014597
0 0.428906 0.297682 0.008203 0.010948
0 0.196289 0.618824 0.010059 0.012512
0 0.739453 0.242942 0.007031 0.009645
0 0.944531 0.546880 0.009375 0.018768
0 0.143164 0.676692 0.007227 0.010948
0 0.576172 0.682948 0.008594 0.009384
0 0.038525 0.582330 0.008740 0.015640
0 0.773438 0.800769 0.010547 0.011991
0 0.995313 0.640720 0.009375 0.009384
0 0.524219 0.571382 0.005859 0.007820
0 0.812500 0.850817 0.003906 0.004692
0 0.435156 0.550529 0.012891 0.015119
0 0.574219 0.185074 0.010156 0.016943
0 0.804688 0.003617 0.005469 0.007234
0 0.063672 0.986364 0.007422 0.009384
0 0.585156 0.168652 0.010547 0.013033
0 0.393359 0.391522 0.004883 0.006256
0 0.529688 0.560956 0.008984 0.009905
0 0.176758 0.489011 0.008496 0.006777
0 0.111328 0.639156 0.008594 0.012512
0 0.605859 0.615174 0.007812 0.007820
0 0.986719 0.660009 0.006250 0.008863
0 0.181055 0.376403 0.008008 0.013033
0 0.620313 0.782001 0.007422 0.009905
0 0.616406 0.676170 0.007812 0.010427
0 0.133691 0.637070 0.009375 0.011991
0 0.225781 0.617260 0.010352 0.012512
0 0.216992 0.198107 0.005469 0.006777
0 0.955469 0.861244 0.006250 0.008341
0 0.829687 0.364934 0.006250 0.007559
0 0.258594 0.325313 0.011133 0.012512
0 0.770313 0.385787 0.008984 0.010948
0 0.521094 0.350858 0.008203 0.009645
0 0.106055 0.680341 0.009082 0.012512
0 0.811719 0.840391 0.009375 0.016161
0 0.731250 0.754892 0.007031 0.009905
0 0.570312 0.623516 0.008594 0.009905
0 0.916406 0.129812 0.004687 0.005995
0 0.433984 0.824751 0.008594 0.008863
0 0.594531 0.933188 0.007812 0.010427
0 0.812500 0.993663 0.007031 0.010427
0 0.769531 0.701716 0.012891 0.014076
0 0.178711 0.499438 0.010449 0.014076
0 0.666406 0.392043 0.008984 0.011991
0 0.543750 0.597449 0.011328 0.012512
0 0.356641 0.352943 0.007812 0.011469
0 0.251563 0.574510 0.012305 0.015640
0 0.655469 0.443134 0.007422 0.008863
0 0.441406 0.466073 0.007812 0.008341
0 0.765234 0.617260 0.009375 0.009905
0 0.147852 0.606833 0.008594 0.010948
0 0.631250 0.636028 0.008203 0.011991
0 0.987500 0.314364 0.007812 0.011209
0 0.411719 0.345645 0.008984 0.010166
0 0.455469 0.673564 0.004297 0.005735
0 0.400781 0.288819 0.007617 0.009645
0 0.987500 0.316710 0.003125 0.004692
0 0.468750 0.469201 0.008984 0.012512
0 0.257031 0.289340 0.010352 0.009123
0 0.755078 0.521334 0.005469 0.007299
0 0.099805 0.215050 0.007031 0.009384
0 0.238281 0.871671 0.010156 0.007299
0 0.720313 0.247112 0.009766 0.012773
0 0.111914 0.645933 0.007812 0.012512
0 0.954687 0.406641 0.005469 0.008341
0 0.248437 0.531761 0.006055 0.007299
0 0.783594 0.010166 0.010547 0.014076
0 0.784375 0.004268 0.008203 0.008537
0 0.249609 0.978023 0.008594 0.014597
0 0.233203 0.255193 0.008789 0.009384
0 0.968750 0.110002 0.007031 0.012773
0 0.527344 0.496310 0.010156 0.012512
0 0.430469 0.303156 0.012109 0.016161
0 0.948438 0.840391 0.007812 0.008863
0 0.820312 0.698066 0.012500 0.012512
0 0.789453 0.320881 0.008594 0.008863
0 0.881250 0.323749 0.007031 0.009123
0 0.912500 0.294554 0.007031 0.010687
0 0.395313 0.326877 0.010742 0.014597
0 0.420312 0.996831 0.007812 0.006337
0 0.132617 0.560956 0.011035 0.013033
0 0.449609 0.767404 0.010156 0.010427
0 0.981250 0.822665 0.007812 0.010948
0 0.419531 0.205666 0.007031 0.007299
0 0.833594 0.064906 0.009375 0.011078
0 0.793750 0.341995 0.007422 0.010687
0 0.536719 0.511950 0.010938 0.013555
0 0.806250 0.289601 0.007812 0.009905
0 0.391797 0.321142 0.013281 0.017465
0 0.032886 0.620388 0.009814 0.011991
0 0.521484 0.198628 0.009375 0.009905
0 0.260156 0.888353 0.005469 0.007820
0 0.257812 0.656881 0.013281 0.016161
0 0.580469 0.898780 0.008203 0.010948
0 0.394727 0.420195 0.011328 0.019289
0 0.612500 0.392043 0.011328 0.011991
0 0.264258 0.255454 0.008984 0.011730
0 0.571094 0.479627 0.011328 0.014076
0 0.453125 0.380574 0.008984 0.010948
0 0.578516 0.560956 0.009375 0.010948
0 0.197656 0.506215 0.008984 0.010427
0 0.319531 0.373275 0.005078 0.006256
0 0.071924 0.149362 0.009668 0.013555
0 0.804688 0.109741 0.005469 0.008863
0 0.508984 0.722569 0.009375 0.015640
0 0.232422 0.354507 0.008203 0.011730
0 0.387891 0.945700 0.009961 0.010427
0 0.424219 0.114433 0.007422 0.007820
0 0.675781 0.986364 0.008203 0.013555
0 0.027393 0.766361 0.009326 0.009384
0 0.623828 0.463987 0.008594 0.007820
0 0.208398 0.323488 0.009766 0.011469
0 0.943750 0.144931 0.013281 0.019289
0 0.668359 0.923804 0.006250 0.007299
0 0.260938 0.080025 0.005469 0.006647
0 0.396094 0.946743 0.006836 0.006256
0 0.468359 0.985322 0.007031 0.010427
0 0.532422 0.602662 0.011719 0.015119
0 0.287109 0.377446 0.010156 0.013033
0 0.095752 0.673042 0.009473 0.010427
0 0.003799 0.463987 0.005194 0.006777
0 0.794922 0.425409 0.008594 0.009905
0 0.712891 0.923804 0.007031 0.011469
0 0.810938 0.902951 0.014063 0.014597
0 0.854688 0.374318 0.013281 0.011469
0 0.233789 0.985322 0.012109 0.018768
0 0.585938 0.626122 0.007422 0.011469
0 0.519922 0.440006 0.010156 0.011991
0 0.138086 0.653753 0.007617 0.011991
0 0.705078 0.223652 0.012500 0.011991
0 0.271875 0.037666 0.010156 0.018247
0 0.300195 0.398299 0.008594 0.009905
0 0.579688 0.556785 0.008203 0.009384
0 0.092285 0.156661 0.008936 0.010427
0 0.049536 0.053958 0.012842 0.015510
0 0.953906 0.067773 0.006250 0.008341
0 0.086426 0.531761 0.006934 0.008341
0 0.657031 0.925889 0.009766 0.012512
0 0.750000 0.558870 0.007031 0.009905
0 0.685156 0.958212 0.008203 0.008341
0 0.711719 0.871671 0.005469 0.007820
0 0.251953 0.869064 0.011719 0.010427
0 0.596875 0.595364 0.006641 0.011991
0 0.682813 0.984279 0.008594 0.011469
0 0.142578 0.601620 0.012988 0.014597
0 0.534375 0.489011 0.007031 0.008863
0 0.739844 0.450954 0.009375 0.011469
0 0.003577 0.047572 0.007153 0.007559
0 0.052930 0.470243 0.007568 0.006777
0 0.601953 0.565126 0.008594 0.008863
0 0.258594 0.594842 0.008398 0.009384
0 0.780078 0.790864 0.009375 0.011469
0 0.240820 0.298985 0.010156 0.011991
0 0.153125 0.656881 0.009082 0.008863
0 0.007635 0.635506 0.008276 0.012512
0 0.737891 0.948828 0.011719 0.017725
0 0.129688 0.668872 0.011035 0.011469
0 0.002164 0.726218 0.004327 0.010427
0 0.024573 0.764276 0.009937 0.016161
0 0.057227 0.046268 0.010449 0.011469
0 0.633594 0.629772 0.007422 0.010427
0 0.926563 0.658966 0.008594 0.010948
0 0.099268 0.526547 0.006543 0.009384
0 0.062695 0.020723 0.010742 0.013033
0 0.060010 0.617260 0.012012 0.010948
0 0.014124 0.501523 0.008252 0.010948
0 0.235742 0.320881 0.006641 0.012512
0 0.054736 0.545316 0.012817 0.016161
0 0.881250 0.323227 0.003906 0.005213
0 0.082227 0.426451 0.005469 0.006777
0 0.871094 0.156661 0.009375 0.009905
0 0.044971 0.359199 0.010181 0.011730
0 0.008704 0.763233 0.008734 0.016161
0 0.261328 0.609961 0.009570 0.010948
0 0.149023 0.702758 0.010059 0.014597
0 0.203125 0.863329 0.005078 0.014597
0 0.208008 0.298724 0.009375 0.009645
0 0.326367 0.385787 0.009375 0.013555
0 0.530859 0.523419 0.007812 0.008341
0 0.072559 0.510907 0.007471 0.010427
0 0.239844 0.623516 0.010352 0.009905
0 0.220703 0.868543 0.009961 0.009905
0 0.993750 0.276307 0.010156 0.010427
0 0.215234 0.350076 0.010742 0.013555
0 0.462891 0.347209 0.010156 0.015119
0 0.227148 0.334175 0.010547 0.010166
0 0.045776 0.699109 0.009814 0.014597
0 0.457031 0.754892 0.008984 0.008863
0 0.307422 0.590150 0.007617 0.008341
0 0.321680 0.092015 0.009766 0.011078
0 0.773438 0.122253 0.005078 0.007299
0 0.135352 0.626644 0.010254 0.011991
0 0.566406 0.622473 0.010547 0.013033
0 0.378125 0.371711 0.008984 0.016943
0 0.775000 0.919633 0.008984 0.013555
0 0.620703 0.622473 0.011719 0.011469
0 0.319141 0.364673 0.008398 0.009905
0 0.362305 0.360763 0.007031 0.009645
0 0.264453 0.611004 0.007812 0.010948
0 0.474219 0.390479 0.005859 0.008341
0 0.565625 0.538017 0.008984 0.008863
0 0.957813 0.554700 0.012500 0.015119
0 0.725781 0.969682 0.008203 0.011469
0 0.929688 0.799727 0.010156 0.009905
0 0.592969 0.595364 0.007812 0.010948
0 0.471094 0.371711 0.005859 0.007299
0 0.328125 0.989492 0.007227 0.008341
0 0.881250 0.972810 0.010156 0.012512
0 0.868750 0.160571 0.009375 0.013294
0 0.589453 0.166827 0.010156 0.012251
0 0.201953 0.299767 0.008008 0.012251
0 0.785938 0.923804 0.006641 0.008341
0 0.607813 0.577638 0.008984 0.011991
0 0.568359 0.161092 0.010938 0.013294
0 0.584766 0.669393 0.007031 0.009905
0 0.817969 0.873756 0.004687 0.005735
0 0.573438 0.543752 0.007422 0.009384
0 0.212500 0.870107 0.011523 0.013555
0 0.865625 0.380574 0.008594 0.011469
0 0.673828 0.483798 0.008594 0.010948
0 0.868750 0.871671 0.011719 0.014597
0 0.341016 0.406641 0.008789 0.009905
0 0.553906 0.527069 0.007812 0.010427
0 0.585938 0.026849 0.006250 0.008732
0 0.451563 0.815367 0.016016 0.015119
0 0.118164 0.762712 0.006152 0.008341
0 0.962500 0.287776 0.007031 0.008863
0 0.156934 0.593278 0.012695 0.017725
0 0.119336 0.258060 0.007227 0.009123
0 0.082910 0.650625 0.011963 0.012512
0 0.348828 0.411854 0.009961 0.013555
0 0.937500 0.125902 0.011719 0.013555
0 0.597656 0.583894 0.011719 0.015119
0 0.134668 0.663137 0.009961 0.012512
0 0.714063 0.204884 0.006250 0.007038
0 0.410937 0.392043 0.010156 0.012512
0 0.649219 0.398299 0.007031 0.007820
0 0.851562 0.858116 0.010938 0.014076
0 0.842969 0.075984 0.006250 0.009384
0 0.449219 0.799727 0.008984 0.010948
0 0.300977 0.164220 0.007422 0.008081
0 0.972656 0.766361 0.007812 0.008863
0 0.193164 0.151448 0.006934 0.009905
0 0.420313 0.131898 0.010547 0.009645
0 0.246875 0.870628 0.013281 0.008863
0 0.559766 0.925889 0.010156 0.011469
0 0.870313 0.875841 0.012500 0.012512
0 0.018359 0.218178 0.009595 0.014597
0 0.864063 0.870628 0.010156 0.011991
0 0.654687 0.339910 0.005859 0.008081
0 0.964063 0.861244 0.007031 0.009905
0 0.307813 0.413418 0.011914 0.011469
0 0.531250 0.572946 0.010156 0.015640
0 0.789062 0.850817 0.010938 0.014076
0 0.257617 0.315668 0.010547 0.011991
0 0.233398 0.452518 0.007031 0.008863
0 0.257031 0.342517 0.005664 0.008081
0 0.461719 0.658966 0.008984 0.016161
0 0.488672 0.043010 0.007812 0.009645
0 0.594531 0.523419 0.012109 0.010427
0 0.366797 0.414982 0.007617 0.009905
0 0.579297 0.544273 0.009375 0.010948
0 0.272266 0.396214 0.011133 0.010948
0 0.088477 0.607876 0.012988 0.015119
0 0.044482 0.057216 0.005884 0.007299
0 0.192773 0.436878 0.006348 0.009905
0 0.603125 0.475978 0.008984 0.011469
0 0.650781 0.052133 0.012500 0.015510
0 0.128125 0.654796 0.009082 0.013555
0 0.981250 0.880012 0.007031 0.010427
0 0.157617 0.239814 0.007422 0.009123
0 0.528125 0.573468 0.010937 0.010948
0 0.894531 0.818495 0.010938 0.012512
0 0.265820 0.343559 0.008984 0.013294