0 0.186523 0.845604 0.007129 0.012512
0 0.199512 0.846647 0.007617 0.014076
0 0.214453 0.845604 0.007617 0.011469
0 0.204297 0.845083 0.005469 0.011469
0 0.432813 0.663137 0.006641 0.008341
0 0.210547 0.845604 0.006445 0.012512
0 0.602344 0.212183 0.005859 0.007299
0 0.198633 0.853424 0.007129 0.006256
0 0.421875 0.143367 0.009766 0.015901
0 0.316211 0.336782 0.009375 0.015379
0 0.592969 0.195500 0.007031 0.014076
0 0.289062 0.795556 0.006445 0.007820
0 0.177930 0.838305 0.007324 0.005735
0 0.607031 0.194718 0.007422 0.008341
0 0.312500 0.350337 0.004883 0.004953
0 0.708594 0.277871 0.008984 0.014858
0 0.738281 0.437921 0.006641 0.008863
0 0.413281 0.909207 0.008203 0.017725
0 0.345703 0.230690 0.008594 0.010948
0 0.438281 0.678777 0.009375 0.017204
0 0.369727 0.613089 0.006641 0.007820
0 0.077051 0.202278 0.007275 0.010166
0 0.177148 0.845604 0.009473 0.011991
0 0.860156 0.529154 0.010938 0.011469
0 0.069336 0.223392 0.005127 0.005735
0 0.384961 0.480670 0.009766 0.009905
0 0.495313 0.009905 0.008203 0.015640
0 0.306445 0.337303 0.008203 0.017465
0 0.881250 0.476499 0.012500 0.019811
0 0.900781 0.311236 0.010938 0.017204
0 0.369922 0.196543 0.006836 0.007038
0 0.532813 0.584937 0.010547 0.018247
0 0.537109 0.016422 0.003906 0.005083
0 0.939062 0.718398 0.010938 0.013555
0 0.863281 0.531761 0.009375 0.009384
0 0.218750 0.856031 0.010547 0.007299
0 0.801563 0.109480 0.011328 0.014076
0 0.006378 0.543230 0.008472 0.010948
0 0.434375 0.142324 0.009375 0.014337
0 0.425000 0.332611 0.007812 0.014597
0 0.333008 0.785650 0.007031 0.008341
0 0.339062 0.515078 0.008789 0.007820
0 0.336523 0.377967 0.007812 0.010427
0 0.524609 0.408726 0.013281 0.014597
0 0.385938 0.165002 0.006445 0.007820
0 0.860156 0.711100 0.006250 0.008341
0 0.652344 0.460859 0.008984 0.013033
0 0.439063 0.493182 0.010156 0.011469
0 0.332031 0.357114 0.008008 0.008602
0 0.433594 0.634985 0.011719 0.014076
0 0.974219 0.144149 0.006250 0.008863
0 0.641406 0.452518 0.010547 0.010948
0 0.792969 0.102181 0.012109 0.015510
0 0.600781 0.395171 0.007422 0.010948
0 0.057227 0.112348 0.006934 0.010427
0 0.116504 0.114694 0.007617 0.008341
0 0.187305 0.817452 0.003516 0.004692
0 0.896094 0.394129 0.010938 0.014076
0 0.532031 0.310715 0.009375 0.017725
0 0.249023 0.466073 0.008984 0.014597
0 0.293359 0.779916 0.008594 0.010948
0 0.658594 0.048354 0.007422 0.007299
0 0.110547 0.429579 0.005859 0.009384
0 0.421094 0.583894 0.011328 0.014076
0 0.571094 0.457731 0.011328 0.015640
0 0.067480 0.202799 0.010205 0.016161
0 0.444531 0.455646 0.006641 0.007820
0 0.533594 0.035190 0.012500 0.014728
0 0.339453 0.348512 0.011914 0.016161
0 0.203320 0.325834 0.009277 0.013815
0 0.394141 0.278392 0.011719 0.017465
0 0.536719 0.015119 0.006250 0.009514
0 0.487500 0.727261 0.007422 0.014597
0 0.369531 0.186638 0.007617 0.009123
0 0.689453 0.244506 0.010938 0.015901
0 0.069238 0.224174 0.007764 0.010427
0 0.571094 0.242942 0.008203 0.009123
0 0.082178 0.223652 0.012695 0.011730
0 0.945312 0.944657 0.010938 0.012512
0 0.870313 0.467637 0.011719 0.013555
0 0.327734 0.499959 0.010742 0.012512
0 0.859375 0.542188 0.011719 0.013555
0 0.281836 0.747593 0.007812 0.009905
0 0.711719 0.789821 0.005859 0.009384
0 0.415625 0.017465 0.007812 0.009514
0 0.533984 0.393086 0.010156 0.016161
0 0.973438 0.005213 0.005469 0.008081
0 0.249414 0.236164 0.011719 0.015901
0 0.615234 0.650625 0.010938 0.016161
0 0.152930 0.004562 0.006250 0.007038
0 0.362500 0.240335 0.009766 0.009645
0 0.928125 0.692332 0.012500 0.011469
0 0.425391 0.910249 0.009375 0.016683
0 0.192578 0.940487 0.010547 0.015640
0 0.543359 0.082110 0.007812 0.009384
0 0.462500 0.940487 0.007812 0.009384
0 0.466797 0.444177 0.009375 0.011469
0 0.066064 0.124599 0.012793 0.012773
0 0.355469 0.454603 0.005859 0.010948
0 0.430469 0.054219 0.005859 0.008472
0 0.597656 0.222610 0.008203 0.009645
0 0.926563 0.535410 0.010156 0.018768
0 0.775000 0.665222 0.011328 0.010948
0 0.432813 0.104527 0.009766 0.009775
0 0.692969 0.814324 0.006250 0.008341
0 0.088867 0.181164 0.007178 0.008341
0 0.366016 0.223131 0.008789 0.010687
0 0.920313 0.301070 0.010156 0.014076
0 0.539062 0.070641 0.008594 0.011600
0 0.589453 0.466073 0.010938 0.016161
0 0.051611 0.927975 0.007031 0.009384
0 0.353516 0.525505 0.010742 0.014076
0 0.585156 0.226780 0.009766 0.012251
0 0.114453 0.876884 0.011523 0.013555
0 0.328711 0.752806 0.007031 0.008863
0 0.125000 0.778352 0.012109 0.016683
0 0.815625 0.310194 0.010156 0.011730
0 0.170898 0.856552 0.008984 0.005213
0 0.807813 0.638113 0.010937 0.012512
0 0.846875 0.956127 0.010156 0.010427
0 0.507812 0.859159 0.012500 0.011991
0 0.127930 0.902951 0.010547 0.014597
0 0.658984 0.285170 0.010937 0.014858
0 0.545313 0.923804 0.012500 0.013555
0 0.324609 0.782001 0.007422 0.008341
0 0.065430 0.085499 0.011768 0.017595
0 0.147461 0.463987 0.007812 0.007820
0 0.703125 0.585980 0.006641 0.007820
0 0.246484 0.240856 0.010547 0.013033
0 0.470703 0.622473 0.010156 0.010427
0 0.595703 0.404555 0.012500 0.013033
0 0.897656 0.852903 0.007812 0.009384
0 0.277344 0.218178 0.011719 0.015119
0 0.804688 0.059302 0.010938 0.013555
0 0.932031 0.303416 0.010938 0.015901
0 0.632812 0.257018 0.008594 0.008602
0 0.753906 0.013164 0.006641 0.007820
0 0.360156 0.252326 0.010742 0.013815
0 0.889844 0.629250 0.010937 0.013555
0 0.133398 0.178296 0.012500 0.014337
0 0.935938 0.704844 0.007031 0.010427
0 0.118359 0.143106 0.011621 0.014597
0 0.473437 0.445219 0.006641 0.010948
0 0.090918 0.056825 0.011377 0.009905
0 0.163477 0.153794 0.011328 0.011209
0 0.351562 0.521334 0.010742 0.013033
0 0.729297 0.268748 0.010156 0.010427
0 0.519531 0.460859 0.007422 0.009905
0 0.692578 0.474414 0.008594 0.014597
0 0.387109 0.455646 0.006445 0.008341
0 0.576172 0.907121 0.007812 0.008341
0 0.187793 0.815367 0.007031 0.009384
0 0.315039 0.948828 0.006641 0.007299
0 0.671484 0.394129 0.010938 0.011991
0 0.625781 0.763233 0.012109 0.014076
0 0.346484 0.434793 0.007227 0.008863
0 0.605469 0.157964 0.007031 0.008602
0 0.137891 0.089669 0.006836 0.010296
0 0.075293 0.188723 0.011279 0.014597
0 0.532031 0.973852 0.010156 0.013555
0 0.312500 0.349555 0.007031 0.010948
0 0.169043 0.940487 0.008594 0.009384
0 0.527734 0.825793 0.009375 0.013033
0 0.101465 0.278392 0.006885 0.008081
0 0.415234 0.474935 0.008594 0.012512
0 0.391797 0.701716 0.010156 0.013555
0 0.583203 0.136590 0.009375 0.009645
0 0.876562 0.267966 0.009375 0.012773
0 0.771875 0.701716 0.012109 0.014076
0 0.406250 0.160571 0.007031 0.010948
0 0.099463 0.664180 0.006152 0.008341
0 0.725781 0.326877 0.008203 0.016161
0 0.876562 0.431665 0.010156 0.015119
0 0.052734 0.182728 0.010791 0.014597
0 0.405469 0.521334 0.005859 0.007820
0 0.137500 0.550529 0.004199 0.005213
0 0.453125 0.160571 0.010156 0.015379
0 0.735938 0.332090 0.007031 0.008081
0 0.227344 0.026067 0.011133 0.015249
0 0.353125 0.493182 0.010937 0.014076
0 0.671875 0.222088 0.010547 0.011991
0 0.781250 0.108959 0.007422 0.010166
0 0.546094 0.148059 0.011719 0.014337
0 0.032764 0.194458 0.009399 0.017465
0 0.810938 0.139718 0.007031 0.007559
0 0.037891 0.360763 0.012988 0.016683
0 0.512500 0.035711 0.006641 0.009775
0 0.064697 0.996310 0.009668 0.007380
0 0.252930 0.818495 0.010156 0.011469
0 0.159570 0.154054 0.010449 0.011991
0 0.503516 0.952999 0.010938 0.015640
0 0.841406 0.552614 0.009375 0.017204
0 0.062695 0.801812 0.012939 0.014076
0 0.862500 0.426451 0.010937 0.010948
0 0.378516 0.608918 0.010547 0.014076
0 0.673047 0.278392 0.010156 0.012251
0 0.380469 0.436878 0.006055 0.008863
0 0.092188 0.924847 0.008447 0.016683
0 0.622656 0.272136 0.008203 0.010687
0 0.643750 0.662094 0.007422 0.010427
0 0.925000 0.681905 0.007812 0.009384
0 0.651563 0.076245 0.008203 0.009905
0 0.133789 0.902951 0.013867 0.015119
0 0.946875 0.676170 0.010938 0.011469
0 0.124121 0.078721 0.005859 0.008341
0 0.843750 0.263274 0.009375 0.014076
0 0.675000 0.395171 0.010547 0.011991
0 0.889063 0.909207 0.010156 0.015640
0 0.119141 0.533846 0.009277 0.012512
0 0.121973 0.782523 0.010547 0.014597
0 0.823438 0.360242 0.010156 0.016683
0 0.630859 0.241899 0.007812 0.009905
0 0.441797 0.094883 0.005469 0.008472
0 0.335547 0.498917 0.015625 0.015640
0 0.157422 0.455646 0.007520 0.008863
0 0.621875 0.012512 0.006250 0.006908
0 0.339648 0.494225 0.010938 0.013555
0 0.637891 0.489011 0.007031 0.008863
0 0.803906 0.756977 0.006250 0.007299
0 0.792969 0.511950 0.006250 0.008863
0 0.428906 0.142846 0.011719 0.018507
0 0.539844 0.826836 0.010937 0.013555
0 0.355273 0.489011 0.011328 0.013033
0 0.525000 0.474414 0.007422 0.009905
0 0.368359 0.600056 0.010156 0.012512
0 0.096191 0.552614 0.010156 0.014076
0 0.246289 0.169434 0.010937 0.015119
0 0.967969 0.137111 0.010937 0.014337
0 0.416406 0.493182 0.007812 0.010948
0 0.806250 0.123556 0.007031 0.009645
0 0.792188 0.145974 0.010937 0.011209
0 0.069043 0.192894 0.012305 0.016943
0 0.246875 0.281260 0.009180 0.007820
0 0.414844 0.489011 0.007422 0.011991
0 0.432813 0.022417 0.010547 0.012121
0 0.421875 0.930060 0.010156 0.012512
0 0.848438 0.248676 0.006250 0.010166
0 0.193457 0.032323 0.007617 0.010036
0 0.417969 0.473371 0.009766 0.011991
0 0.724219 0.509865 0.009766 0.011991
0 0.867969 0.323227 0.010938 0.010687
0 0.296094 0.387873 0.005859 0.006777
0 0.356055 0.768968 0.007422 0.009384
0 0.235938 0.247634 0.006445 0.007038
0 0.628125 0.583894 0.010547 0.011991
0 0.441797 0.136068 0.010156 0.013555
0 0.871875 0.428537 0.011719 0.015119
0 0.463281 0.451475 0.009766 0.014076
0 0.517969 0.438963 0.005469 0.008863
0 0.193555 0.923804 0.008691 0.010427
0 0.932031 0.948828 0.007812 0.010427
0 0.214844 0.623516 0.011133 0.014076
0 0.312695 0.786172 0.007031 0.009905
0 0.414062 0.106873 0.007422 0.008602
0 0.294141 0.345123 0.007227 0.009905
0 0.232422 0.471807 0.007422 0.008341
0 0.067139 0.948828 0.006543 0.008341
0 0.982031 0.026588 0.007812 0.010036
0 0.360156 0.984279 0.010742 0.016683
0 0.201172 0.855509 0.010352 0.007299
0 0.630469 0.241638 0.004297 0.005735
0 0.330859 0.516642 0.007031 0.009384
0 0.965625 0.039100 0.007031 0.008602
0 0.608984 0.184292 0.010938 0.010948
0 0.510938 0.471286 0.005469 0.007299
0 0.137695 0.550529 0.007715 0.011469
0 0.569531 0.817452 0.010938 0.011991
0 0.281250 0.216354 0.011133 0.013294
0 0.720313 0.565126 0.007812 0.008341
0 0.454688 0.424366 0.008984 0.011991
0 0.613281 0.173604 0.007812 0.008602
0 0.337891 0.351379 0.004102 0.005213
0 0.441406 0.870628 0.008984 0.013033
0 0.070410 0.165524 0.007275 0.010427
0 0.149902 0.902951 0.007227 0.010427
0 0.167871 0.852903 0.007812 0.015119
0 0.142773 0.524462 0.006738 0.008863
0 0.728125 0.509865 0.008984 0.010948
0 0.418750 0.550529 0.008984 0.011469
0 0.926563 0.024242 0.012500 0.014988
0 0.420313 0.468158 0.011328 0.011469
0 0.398438 0.445219 0.007617 0.014076
0 0.078223 0.538538 0.008447 0.007299
0 0.925000 0.719441 0.007031 0.011991
0 0.415625 0.984279 0.010156 0.015640
0 0.368164 0.321924 0.006641 0.009905
0 0.137988 0.900865 0.008984 0.013555
0 0.832813 0.816409 0.007031 0.008863
0 0.357031 0.239814 0.010742 0.010687
0 0.884375 0.325834 0.008594 0.009645
0 0.434375 0.126945 0.008984 0.010948
0 0.572656 0.283084 0.009766 0.013815
0 0.593750 0.257018 0.007031 0.009645
0 0.878906 0.908164 0.009375 0.014597
0 0.789062 0.137111 0.008594 0.010166
0 0.864844 0.519249 0.010938 0.011991
0 0.176563 0.854988 0.010449 0.005735
0 0.894531 0.410290 0.007812 0.010427
0 0.966406 0.150144 0.009375 0.010166
0 0.662500 0.282042 0.014453 0.014858
0 0.043506 0.668350 0.009082 0.016161
0 0.399414 0.452518 0.008984 0.011991
0 0.725000 0.729868 0.006641 0.009384
0 0.018140 0.526026 0.007886 0.012512
0 0.423047 0.462945 0.009375 0.014597
0 0.796094 0.592757 0.008984 0.009384
0 0.588281 0.539581 0.007422 0.008341
0 0.047314 0.792428 0.011621 0.010948
0 0.317969 0.254932 0.008203 0.014597
0 0.009821 0.963426 0.009705 0.012512
0 0.326953 0.493182 0.008984 0.016161
0 0.003662 0.009123 0.006665 0.009254
0 0.978125 0.732996 0.010156 0.011991
0 0.600000 0.406641 0.008594 0.010948
0 0.929688 0.766883 0.007812 0.009384
0 0.132520 0.211662 0.009766 0.010687
0 0.137891 0.206970 0.007422 0.009645
0 0.946875 0.614132 0.007031 0.007820
0 0.538672 0.050830 0.007812 0.010036
0 0.810938 0.003519 0.006250 0.007038
0 0.082031 0.224174 0.005518 0.007038
0 0.189844 0.022417 0.007031 0.007690
0 0.546875 0.457210 0.007031 0.007299
0 0.208008 0.854988 0.011328 0.007299
0 0.301758 0.997614 0.006641 0.004773
0 0.460156 0.942572 0.008984 0.010427
0 0.425000 0.117040 0.009766 0.012512
0 0.504687 0.008732 0.008984 0.014337
0 0.344531 0.772096 0.009766 0.013555
0 0.241797 0.243202 0.014258 0.016683
0 0.692578 0.240856 0.010938 0.012773
0 0.431250 0.913377 0.008203 0.010427
0 0.954687 0.013294 0.006250 0.008472
0 0.725000 0.501523 0.007812 0.015640
0 0.803125 0.662094 0.009766 0.017204
0 0.865625 0.423845 0.011719 0.009384
0 0.043457 0.209576 0.007251 0.009905
0 0.527344 0.591193 0.012891 0.016161
0 0.600781 0.166827 0.009766 0.010687
0 0.878125 0.755934 0.007031 0.007299
0 0.732031 0.510907 0.007422 0.009384
0 0.220898 0.847168 0.011719 0.015640
0 0.932813 0.179860 0.007812 0.009384
0 0.170117 0.961340 0.007422 0.008341
0 0.010626 0.518206 0.009485 0.013033
0 0.324219 0.246330 0.007031 0.010948
0 0.038525 0.506216 0.007349 0.009384
0 0.440625 0.142324 0.009766 0.013555
0 0.529688 0.801812 0.009375 0.011991
0 0.906250 0.655317 0.007031 0.008341
0 0.718750 0.361806 0.007031 0.010427
0 0.057275 0.194458 0.008203 0.011730
0 0.820312 0.750721 0.010156 0.011469
0 0.008972 0.526026 0.010254 0.018768
0 0.425781 0.326877 0.008984 0.017465
0 0.361328 0.503087 0.006055 0.007299
0 0.575391 0.801812 0.007812 0.010948
0 0.105957 0.691289 0.007227 0.008863
0 0.405469 0.455125 0.011328 0.009384
0 0.568359 0.826836 0.008594 0.010427
0 0.425781 0.096186 0.010547 0.009254
0 0.536719 0.824229 0.009766 0.013555
0 0.092969 0.776788 0.007568 0.012512
0 0.205469 0.350337 0.007031 0.010166
0 0.003092 0.033365 0.006184 0.010687
0 0.350391 0.228866 0.009570 0.016943
0 0.409375 0.458253 0.009375 0.008341
0 0.337500 0.517163 0.005273 0.005735
0 0.357812 0.220524 0.010352 0.015119
0 0.002748 0.097880 0.005496 0.008602
0 0.014099 0.521334 0.009863 0.016161
0 0.592188 0.223913 0.014453 0.014076
0 0.830469 0.542188 0.007812 0.009905
0 0.156836 0.764276 0.007227 0.008863
0 0.162207 0.530718 0.006836 0.009384
0 0.416797 0.458774 0.011719 0.010948
0 0.209570 0.841955 0.012500 0.010427
0 0.800781 0.566690 0.008203 0.009384
0 0.511719 0.506216 0.006250 0.008341
0 0.595703 0.165524 0.008594 0.009384
0 0.572266 0.480670 0.005469 0.007299
0 0.026782 0.994746 0.009033 0.010508
0 0.169629 0.537496 0.007031 0.007299
0 0.104102 0.418631 0.005664 0.009384
0 0.462109 0.262752 0.006250 0.009645
0 0.233008 0.662094 0.007812 0.007820
0 0.710938 0.274222 0.010156 0.018507
0 0.962500 0.727782 0.007031 0.009905
0 0.300391 0.018116 0.007617 0.010687
0 0.723828 0.797641 0.008594 0.012512
0 0.469531 0.762190 0.007422 0.008863
0 0.555859 0.022287 0.006250 0.008863
0 0.635938 0.073508 0.007422 0.008472
0 0.167383 0.036233 0.005859 0.008211
0 0.543750 0.978023 0.007422 0.011469
0 0.032056 0.556785 0.007373 0.008863
0 0.343359 0.368583 0.007617 0.010427
0 0.166016 0.865415 0.009375 0.015640
0 0.085449 0.067643 0.009375 0.013555
0 0.151953 0.096447 0.007129 0.007820
0 0.881250 0.838305 0.007031 0.009384
0 0.193359 0.923804 0.004590 0.006256
0 0.985938 0.015901 0.007812 0.010557
0 0.607422 0.148580 0.007812 0.008341
0 0.607813 0.196022 0.010156 0.013555
0 0.809375 0.092276 0.008594 0.009775
0 0.861719 0.629250 0.006250 0.008341
0 0.100391 0.624037 0.007129 0.009384
0 0.845312 0.841433 0.010156 0.015640
0 0.521094 0.818495 0.009766 0.010427
0 0.879688 0.426451 0.010156 0.014597
0 0.520312 0.812760 0.008203 0.011469
0 0.943750 0.915463 0.007031 0.009384
0 0.409766 0.119907 0.005469 0.008602
0 0.787109 0.106352 0.014844 0.014337
0 0.530469 0.907121 0.005859 0.008341
0 0.980469 0.931103 0.006250 0.010427
0 0.007135 0.168391 0.009705 0.014076
0 0.864063 0.786693 0.007031 0.008341
0 0.868750 0.769489 0.009375 0.011991
0 0.820312 0.241378 0.009375 0.011209
0 0.834375 0.360763 0.007031 0.009905
0 0.719531 0.481713 0.007422 0.007820
0 0.183984 0.854988 0.010254 0.005735
0 0.370313 0.175950 0.008203 0.010948
0 0.643750 0.285691 0.008203 0.012512
0 0.862500 0.807025 0.007812 0.009905
0 0.857031 0.542188 0.006250 0.008341
0 0.100781 0.536974 0.010156 0.011991
0 0.593359 0.401427 0.010938 0.011991
0 0.917188 0.423323 0.005469 0.007820
0 0.274023 0.295596 0.005859 0.007820
0 0.623438 0.265620 0.008984 0.015640
0 0.543750 0.824751 0.010156 0.011991
0 0.735938 0.448347 0.007031 0.008863
0 0.455469 0.793471 0.006250 0.008863
0 0.341797 0.365455 0.008594 0.011209
0 0.156055 0.028934 0.007227 0.010427
0 0.598047 0.211140 0.009375 0.013033
0 0.175781 0.896695 0.007129 0.008863
0 0.592969 0.407683 0.012891 0.014597
0 0.651563 0.630814 0.007031 0.007820
0 0.896094 0.889917 0.006250 0.007299
0 0.949219 0.188202 0.006250 0.009123
0 0.800000 0.811196 0.007812 0.011469
0 0.406250 0.160050 0.005078 0.005213
0 0.478125 0.108438 0.008203 0.009645
0 0.184473 0.617260 0.008789 0.010948
0 0.399609 0.435835 0.008008 0.015119
0 0.031030 0.948828 0.007080 0.009384
0 0.347070 0.225477 0.009766 0.015640
0 0.167480 0.472329 0.005859 0.008341
0 0.027734 0.534889 0.006091 0.008863
0 0.994922 0.675649 0.010156 0.017725
0 0.724219 0.741337 0.007422 0.009905
0 0.575000 0.459817 0.011328 0.016161
0 0.967188 0.655317 0.005469 0.006256
0 0.449219 0.154315 0.012891 0.015119
0 0.041943 0.648018 0.005737 0.007299
0 0.661719 0.284388 0.005078 0.005735
0 0.450781 0.477542 0.008984 0.011991