0 0.150195 0.897737 0.008398 0.016683
0 0.160547 0.905036 0.005664 0.009384
0 0.571094 0.945700 0.006250 0.008341
0 0.179004 0.899823 0.007031 0.010427
0 0.172461 0.899823 0.005957 0.010948
0 0.583203 0.927975 0.008594 0.012512
0 0.258203 0.243463 0.009375 0.013555
0 0.437500 0.877927 0.008594 0.018768
0 0.606641 0.802333 0.008594 0.012512
0 0.639453 0.713185 0.007812 0.008863
0 0.043872 0.349815 0.008740 0.015901
0 0.607422 0.480149 0.007812 0.012512
0 0.926563 0.191330 0.010156 0.016161
0 0.131934 0.118082 0.008398 0.015640
0 0.425000 0.945700 0.007422 0.014597
0 0.064014 0.394129 0.009277 0.016161
0 0.732031 0.471286 0.006641 0.007820
0 0.576563 0.576596 0.007422 0.014076
0 0.619531 0.450954 0.009766 0.018768
0 0.027734 0.719441 0.006201 0.009384
0 0.361133 0.545316 0.005859 0.008341
0 0.745313 0.862287 0.007031 0.010948
0 0.126270 0.260146 0.010352 0.016943
0 0.639844 0.763233 0.007031 0.008341
0 0.693750 0.570340 0.007031 0.010948
0 0.782813 0.776788 0.009766 0.016161
0 0.820312 0.028934 0.007031 0.013424
0 0.082910 0.011730 0.006006 0.008341
0 0.148828 0.603184 0.007129 0.010427
0 0.163086 0.898780 0.009082 0.015119
0 0.457812 0.510907 0.008203 0.009905
0 0.730469 0.785129 0.006641 0.013033
0 0.035449 0.318014 0.008276 0.012251
0 0.750781 0.506216 0.007812 0.009384
0 0.753125 0.863329 0.006641 0.008863
0 0.702734 0.615696 0.010938 0.014597
0 0.387891 0.403513 0.007031 0.010948
0 0.418750 0.936316 0.009766 0.012512
0 0.611719 0.486405 0.008203 0.014597
0 0.112891 0.435835 0.008789 0.017204
0 0.582812 0.069859 0.010547 0.014858
0 0.019604 0.090973 0.008643 0.014337
0 0.706250 0.761669 0.008984 0.012512
0 0.667969 0.681905 0.010156 0.014076
0 0.755469 0.088105 0.008594 0.012903
0 0.602344 0.895652 0.009766 0.015119
0 0.927344 0.343820 0.007812 0.007820
0 0.743750 0.612568 0.009766 0.013555
0 0.707812 0.845604 0.008594 0.012512
0 0.732422 0.765319 0.007031 0.008341
0 0.108008 0.576596 0.009473 0.016683
0 0.387500 0.379531 0.008398 0.014076
0 0.357227 0.365716 0.008984 0.016161
0 0.460938 0.344602 0.005859 0.008081
0 0.464844 0.258321 0.008984 0.010427
0 0.510547 0.878969 0.008594 0.016161
0 0.419531 0.653753 0.009375 0.017204
0 0.848437 0.721526 0.011719 0.015119
0 0.586719 0.886268 0.006250 0.012512
0 0.368945 0.851860 0.010156 0.015640
0 0.683594 0.284127 0.008984 0.015640
0 0.141016 0.892524 0.009473 0.009384
0 0.424219 0.950913 0.007422 0.017725
0 0.631250 0.762190 0.007422 0.011991
0 0.359375 0.501523 0.009375 0.014076
0 0.036084 0.212704 0.006665 0.011991
0 0.433203 0.453561 0.009375 0.013555
0 0.814062 0.472329 0.007031 0.007820
0 0.450000 0.479627 0.008203 0.013033
0 0.211523 0.477021 0.010547 0.014597
0 0.898438 0.132940 0.007031 0.010427
0 0.667969 0.848211 0.006641 0.011469
0 0.585156 0.652710 0.009766 0.016161
0 0.802344 0.035190 0.009766 0.011339
0 0.663672 0.382659 0.009375 0.017204
0 0.695312 0.091364 0.008984 0.013033
0 0.887500 0.753849 0.011719 0.014076
0 0.450781 0.338346 0.008203 0.012512
0 0.599609 0.702237 0.010938 0.011469
0 0.393164 0.268487 0.007422 0.011469
0 0.721875 0.100357 0.009766 0.010818
0 0.679688 0.593278 0.006641 0.009384
0 0.108203 0.989492 0.009277 0.010427
0 0.350977 0.555742 0.007031 0.007820
0 0.073291 0.376925 0.005957 0.014597
0 0.892188 0.746550 0.011719 0.018768
0 0.815625 0.587022 0.007031 0.008863
0 0.074316 0.371190 0.007080 0.018768
0 0.540625 0.435314 0.009766 0.015640
0 0.099414 0.455125 0.007666 0.013555
0 0.739844 0.025024 0.010547 0.011209
0 0.374609 0.592236 0.011523 0.017725
0 0.595313 0.701716 0.010938 0.012512
0 0.237109 0.480670 0.006836 0.008863
0 0.562500 0.707972 0.010547 0.014076
0 0.572266 0.027891 0.010156 0.012642
0 0.465625 0.503087 0.010547 0.015640
0 0.900000 0.295596 0.008594 0.016943
0 0.451563 0.428015 0.010937 0.015640
0 0.657813 0.526547 0.006641 0.009905
0 0.595313 0.794513 0.008984 0.017204
0 0.140430 0.482755 0.009180 0.013555
0 0.078662 0.321663 0.005469 0.006517
0 0.757031 0.601620 0.010547 0.011469
0 0.480469 0.538017 0.008203 0.014076
0 0.732422 0.936316 0.008594 0.015640
0 0.020129 0.718920 0.010425 0.013555
0 0.704688 0.668872 0.007031 0.010427
0 0.138867 0.353465 0.011035 0.013555
0 0.131934 0.575553 0.009570 0.011991
0 0.069531 0.434793 0.010547 0.014597
0 0.491406 0.317232 0.007422 0.010427
0 0.407813 0.910249 0.008594 0.010427
0 0.099902 0.580766 0.007422 0.013033
0 0.925781 0.110523 0.007812 0.007299
0 0.713672 0.671478 0.010156 0.017204
0 0.725781 0.618302 0.009766 0.013033
0 0.821094 0.725697 0.009375 0.011991
0 0.594531 0.110002 0.011328 0.017725
0 0.775000 0.545316 0.008203 0.015640
0 0.703125 0.917548 0.011328 0.016683
0 0.161621 0.857595 0.006055 0.009384
0 0.776172 0.579724 0.010156 0.011991
0 0.463281 0.151708 0.009375 0.015379
0 0.408984 0.444177 0.009375 0.010948
0 0.400781 0.534889 0.009766 0.018247
0 0.528906 0.561477 0.007422 0.010427
0 0.746094 0.084977 0.009766 0.014076
0 0.402344 0.376925 0.008984 0.012512
0 0.859375 0.573468 0.007031 0.007820
0 0.667578 0.526026 0.006250 0.010427
0 0.485938 0.807547 0.006641 0.009384
0 0.958594 0.942572 0.010938 0.016683
0 0.915625 0.764797 0.007812 0.007299
0 0.622266 0.612046 0.006250 0.008341
0 0.524219 0.541666 0.011328 0.014597
0 0.258203 0.443134 0.010156 0.016161
0 0.403125 0.035972 0.007031 0.009254
0 0.518750 0.854988 0.009766 0.016161
0 0.794141 0.614653 0.010937 0.012512
0 0.038989 0.371190 0.010107 0.008863
0 0.645312 0.285691 0.009375 0.016943
0 0.681641 0.729868 0.007812 0.008341
0 0.319922 0.058520 0.010742 0.010427
0 0.095215 0.396735 0.008740 0.010427
0 0.558984 0.328441 0.008594 0.010687
0 0.232422 0.573468 0.008008 0.010427
0 0.439844 0.466594 0.011328 0.013555
0 0.409766 0.300028 0.010156 0.011991
0 0.182910 0.345123 0.008594 0.010948
0 0.426563 0.093319 0.009766 0.017334
0 0.932813 0.280738 0.007031 0.008341
0 0.364844 0.808068 0.009961 0.013033
0 0.981250 0.844561 0.008594 0.014597
0 0.363281 0.821623 0.008008 0.011469
0 0.566406 0.738209 0.005859 0.007820
0 0.787109 0.493182 0.007031 0.014076
0 0.128906 0.150666 0.006641 0.013033
0 0.917969 0.661052 0.006250 0.008863
0 0.362695 0.813281 0.009375 0.010948
0 0.433984 0.719962 0.010156 0.011469
0 0.910938 0.194458 0.010938 0.014337
0 0.603906 0.150666 0.009766 0.013294
0 0.912500 0.254411 0.007812 0.011991
0 0.957813 0.852903 0.010156 0.015640
0 0.033594 0.598492 0.011255 0.014597
0 0.710547 0.709014 0.007812 0.011991
0 0.679297 0.661052 0.007812 0.011991
0 0.502344 0.216354 0.010156 0.015640
0 0.512500 0.117300 0.012109 0.014337
0 0.837500 0.578681 0.007031 0.008863
0 0.044922 0.686076 0.009570 0.017204
0 0.029126 0.259103 0.010205 0.014858
0 0.395117 0.378489 0.008203 0.013033
0 0.364453 0.297160 0.007812 0.009645
0 0.712500 0.249198 0.008984 0.011469
0 0.244727 0.524462 0.010156 0.013033
0 0.532813 0.666265 0.010156 0.014076
0 0.053809 0.262231 0.008643 0.016422
0 0.055664 0.519249 0.012158 0.015119
0 0.893750 0.262752 0.010156 0.014337
0 0.725000 0.089278 0.008203 0.011469
0 0.092969 0.447826 0.009619 0.013555
0 0.794141 0.321663 0.010156 0.013033
0 0.814062 0.706929 0.013281 0.015119
0 0.340625 0.469201 0.008398 0.010948
0 0.788281 0.676692 0.010547 0.013033
0 0.410156 0.626644 0.010547 0.013033
0 0.593750 0.638113 0.008203 0.013033
0 0.462109 0.728825 0.008594 0.010948
0 0.475781 0.617260 0.010547 0.011991
0 0.737109 0.862287 0.008594 0.015640
0 0.748438 0.811196 0.007812 0.016161
0 0.259766 0.532804 0.010352 0.013033
0 0.624219 0.217396 0.007422 0.011209
0 0.764063 0.881055 0.008984 0.008863
0 0.432422 0.285691 0.010156 0.010687
0 0.632031 0.248416 0.007031 0.007299
0 0.037158 0.930060 0.007739 0.011469
0 0.046240 0.504651 0.010376 0.013033
0 0.029443 0.068425 0.006470 0.008341
0 0.201953 0.563041 0.009375 0.014597
0 0.725000 0.162135 0.007422 0.011730
0 0.007141 0.576074 0.010242 0.014597
0 0.806250 0.276828 0.011719 0.014337
0 0.707812 0.681384 0.008203 0.009384
0 0.976562 0.893567 0.009375 0.014597
0 0.235938 0.676692 0.010742 0.014076
0 0.906250 0.940487 0.011719 0.011469
0 0.432031 0.618302 0.007812 0.010948
0 0.761328 0.917548 0.010156 0.012512
0 0.716406 0.545316 0.010547 0.013033
0 0.607031 0.991578 0.010547 0.016683
0 0.507031 0.228866 0.009766 0.011991
0 0.914062 0.872713 0.009375 0.009905
0 0.730859 0.024503 0.013281 0.013685
0 0.281641 0.588065 0.008789 0.013555
0 0.058789 0.536974 0.009717 0.017204
0 0.037280 0.631336 0.006836 0.009384
0 0.257031 0.565126 0.010742 0.014597
0 0.509766 0.454603 0.009375 0.009905
0 0.257812 0.548965 0.010742 0.015640
0 0.705469 0.443134 0.006641 0.012512
0 0.745313 0.016161 0.010547 0.012121
0 0.984375 0.892524 0.008594 0.010948
0 0.796875 0.097229 0.007422 0.007950
0 0.152734 0.561477 0.007422 0.008341
0 0.528906 0.144931 0.005469 0.008341
0 0.425000 0.057738 0.008203 0.012512
0 0.610938 0.246070 0.005859 0.009123
0 0.814062 0.083935 0.010156 0.014467
0 0.967969 0.130334 0.006250 0.007559
0 0.389063 0.915463 0.007227 0.008341
0 0.818750 0.285170 0.008594 0.011469
0 0.850000 0.622473 0.007031 0.009384
0 0.465234 0.076636 0.010156 0.013033
0 0.860937 0.087063 0.006250 0.009254
0 0.359375 0.494746 0.009570 0.014597
0 0.683594 0.645412 0.009375 0.010948
0 0.395898 0.074551 0.011328 0.013815
0 0.685156 0.520813 0.006641 0.008341
0 0.769922 0.163178 0.007031 0.007299
0 0.020313 0.113130 0.009131 0.013294
0 0.232617 0.112087 0.008594 0.014597
0 0.750000 0.588586 0.009766 0.013555
0 0.571094 0.601620 0.010547 0.011991
0 0.910156 0.265098 0.007812 0.008863
0 0.921875 0.845604 0.008594 0.015119
0 0.623047 0.472850 0.007031 0.009384
0 0.782813 0.028152 0.009766 0.014597
0 0.288672 0.331308 0.010547 0.015119
0 0.589063 0.918591 0.010547 0.014597
0 0.720703 0.580766 0.010938 0.011991
0 0.743750 0.124078 0.012109 0.012251
0 0.083984 0.501523 0.010889 0.014076
0 0.076221 0.697545 0.008105 0.010427
0 0.720703 0.243984 0.009375 0.011469
0 0.034448 0.382659 0.012939 0.014597
0 0.286328 0.542709 0.008398 0.011469
0 0.909375 0.653753 0.009375 0.013033
0 0.664844 0.927975 0.009375 0.011469
0 0.144922 0.335479 0.011621 0.015640
0 0.820312 0.309672 0.008594 0.014337
0 0.778516 0.751764 0.011719 0.011469
0 0.428906 0.878969 0.007812 0.016161
0 0.914062 0.993964 0.011719 0.012072
0 0.621875 0.643326 0.010547 0.013555
0 0.964063 0.251283 0.007812 0.009645
0 0.282422 0.668350 0.011914 0.014076
0 0.446875 0.527590 0.007422 0.009905
0 0.102441 0.129812 0.007568 0.007299
0 0.557813 0.611525 0.008984 0.016683
0 0.588281 0.004953 0.007031 0.008472
0 0.188477 0.337825 0.010742 0.011730
0 0.011694 0.644369 0.010529 0.013555
0 0.764844 0.090712 0.010547 0.012382
0 0.528125 0.854988 0.008203 0.013555
0 0.755859 0.615174 0.010938 0.014076
0 0.832813 0.561477 0.008594 0.010427
0 0.769531 0.561998 0.009766 0.014597
0 0.476562 0.076115 0.009766 0.014988
0 0.044849 0.160571 0.011377 0.011469
0 0.506641 0.186638 0.007031 0.009905
0 0.052979 0.560956 0.012305 0.011991
0 0.305859 0.332351 0.010742 0.010948
0 0.141309 0.768968 0.006641 0.008341
0 0.894531 0.751764 0.009375 0.011991
0 0.082959 0.304720 0.007422 0.007820
0 0.692188 0.247634 0.005859 0.007559
0 0.521875 0.894088 0.007422 0.008341
0 0.873438 0.071162 0.010156 0.011078
0 0.241992 0.688682 0.007812 0.014597
0 0.312891 0.575032 0.010937 0.013555
0 0.232812 0.512993 0.010156 0.011991
0 0.022876 0.539581 0.006531 0.007299
0 0.276367 0.601620 0.008594 0.010948
0 0.467969 0.291426 0.008594 0.011469
0 0.620313 0.552614 0.008203 0.014076
0 0.059570 0.679820 0.009131 0.010948
0 0.950000 0.603705 0.007031 0.009384
0 0.282617 0.843519 0.008984 0.013033
0 0.398828 0.871149 0.005664 0.007299
0 0.421094 0.923804 0.007422 0.009384
0 0.462500 0.050960 0.002734 0.004692
0 0.427734 0.353986 0.009375 0.009645
0 0.696875 0.762191 0.008203 0.010427
0 0.151367 0.432707 0.011621 0.014597
0 0.570312 0.663137 0.011328 0.016161
0 0.989063 0.847689 0.009375 0.012512
0 0.604688 0.373275 0.006250 0.008341
0 0.672656 0.587022 0.008203 0.013033
0 0.763281 0.300810 0.012109 0.013815
0 0.650781 0.069468 0.007422 0.010948
0 0.135449 0.916505 0.008984 0.012512
0 0.140039 0.700673 0.010645 0.014597
0 0.283398 0.377446 0.011328 0.015119
0 0.461328 0.112869 0.007031 0.014076
0 0.763672 0.393086 0.010156 0.016683
0 0.089941 0.519249 0.010400 0.018247
0 0.801563 0.748636 0.010156 0.013033
0 0.945312 0.663137 0.008594 0.011991
0 0.760938 0.677734 0.008594 0.008863
0 0.245703 0.735081 0.010937 0.013555
0 0.503906 0.505694 0.008984 0.011469
0 0.859375 0.476499 0.011719 0.014076
0 0.782031 0.896695 0.008984 0.016161
0 0.686719 0.588065 0.008984 0.016161
0 0.413281 0.384745 0.010156 0.010948
0 0.094580 0.214268 0.007422 0.008863
0 0.370313 0.551572 0.011328 0.011991
0 0.098926 0.758020 0.006299 0.009905
0 0.262695 0.923804 0.012109 0.011469
0 0.845312 0.298724 0.010156 0.010166
0 0.774219 0.336521 0.011328 0.014076
0 0.739453 0.776788 0.010156 0.014076
0 0.908594 0.955084 0.009375 0.011469
0 0.066211 0.963426 0.008154 0.010427
0 0.853125 0.503087 0.008594 0.011469
0 0.704297 0.811196 0.008594 0.010948
0 0.401172 0.665222 0.009180 0.010948
0 0.262109 0.286473 0.011523 0.013033
0 0.106445 0.386830 0.007520 0.013033
0 0.763281 0.530197 0.009766 0.013555
0 0.163477 0.404034 0.009473 0.014597
0 0.069238 0.986364 0.011377 0.013555
0 0.932813 0.214268 0.008594 0.010166
0 0.516406 0.280478 0.008203 0.011730
0 0.048291 0.241378 0.010645 0.012773
0 0.044458 0.413939 0.008057 0.009905
0 0.605469 0.938401 0.006250 0.007299
0 0.939063 0.997614 0.007812 0.004773
0 0.612891 0.509865 0.007812 0.009905
0 0.869531 0.376403 0.009375 0.015119
0 0.289844 0.863329 0.011133 0.010948
0 0.007654 0.628729 0.011700 0.011469
0 0.129297 0.361285 0.007129 0.007559
0 0.765234 0.649582 0.010938 0.011991
0 0.121680 0.454603 0.007520 0.008863
0 0.242969 0.129291 0.008008 0.014337
0 0.131836 0.411854 0.007129 0.013033
0 0.762891 0.665744 0.011719 0.014597
0 0.059277 0.576596 0.009961 0.014597
0 0.794531 0.653232 0.008203 0.009384
0 0.753516 0.689725 0.007031 0.008341
0 0.457031 0.993182 0.010547 0.013636
0 0.846875 0.384745 0.010156 0.013555
0 0.093359 0.167088 0.009814 0.013555
0 0.441797 0.559913 0.006250 0.010427
0 0.456250 0.079764 0.007422 0.012642
0 0.982813 0.636028 0.007812 0.009905
0 0.928125 0.543230 0.009375 0.009905
0 0.679688 0.293511 0.006641 0.008081
0 0.507812 0.862808 0.007031 0.010427
0 0.138574 0.752806 0.009570 0.015119
0 0.485156 0.552614 0.010937 0.012512
0 0.889063 0.345123 0.008594 0.013294
0 0.933594 0.944658 0.010938 0.015640
0 0.177344 0.082631 0.011133 0.013294
0 0.829687 0.676692 0.008594 0.016161
0 0.478125 0.667308 0.010547 0.011991
0 0.889844 0.277089 0.009375 0.013033
0 0.732031 0.615174 0.013281 0.013555
0 0.611719 0.979066 0.006641 0.010427
0 0.926563 0.882097 0.007031 0.007820
0 0.412500 0.657924 0.013672 0.014076
0 0.256641 0.702758 0.009180 0.011991
0 0.633984 0.569297 0.009375 0.011991
0 0.503516 0.668350 0.010156 0.011469
0 0.594922 0.668350 0.010938 0.013033
0 0.134180 0.628729 0.009277 0.010948
0 0.848438 0.443134 0.007031 0.009384
0 0.908594 0.495267 0.009375 0.011991
0 0.712500 0.743423 0.010547 0.011991
0 0.578906 0.485883 0.008984 0.013555
0 0.962500 0.884704 0.003125 0.004171
0 0.837500 0.948828 0.007812 0.010427
0 0.781250 0.021635 0.008203 0.008863
0 0.089063 0.916505 0.010352 0.008341
0 0.671094 0.167870 0.010156 0.010687
0 0.103223 0.257800 0.009961 0.013555
0 0.751953 0.297682 0.009375 0.008602
0 0.137500 0.146495 0.008887 0.014597
0 0.026172 0.209576 0.008594 0.010687
0 0.845312 0.934231 0.010156 0.014597
0 0.718750 0.496310 0.009766 0.015119
0 0.205078 0.364934 0.006055 0.010427
0 0.189258 0.260146 0.010938 0.013294
0 0.940625 0.430622 0.008594 0.008863
0 0.032129 0.914420 0.008228 0.016683
0 0.939062 0.577638 0.009375 0.015640
0 0.551562 0.902951 0.012500 0.012512
0 0.926563 0.126684 0.009375 0.013815
0 0.316406 0.028673 0.007617 0.011860
0 0.747656 0.777309 0.006641 0.009384
0 0.953906 0.299767 0.007812 0.011730
0 0.521484 0.816409 0.008594 0.009384
0 0.225391 0.732996 0.009766 0.014076
0 0.514063 0.261970 0.010547 0.015640
0 0.964063 0.869585 0.007812 0.008863
0 0.640234 0.351901 0.010156 0.012251
0 0.569531 0.718920 0.010156 0.015640
0 0.369922 0.307587 0.010352 0.012251
0 0.571875 0.738730 0.005469 0.008341
0 0.699219 0.680862 0.006641 0.010427
0 0.761328 0.791907 0.010938 0.014597
0 0.692187 0.681905 0.008203 0.009384
0 0.482813 0.726740 0.008984 0.012512
0 0.279297 0.612046 0.009961 0.012512
0 0.063867 0.313582 0.007617 0.010427
0 0.237500 0.462945 0.008789 0.016683
0 0.607031 0.764276 0.008984 0.012512
0 0.559375 0.136068 0.008984 0.012251
0 0.521094 0.859159 0.009766 0.015640
0 0.644141 0.122253 0.010156 0.011991
0 0.047021 0.854988 0.008325 0.008863
0 0.804688 0.657924 0.006250 0.008863
0 0.945312 0.573468 0.007031 0.009905
0 0.256445 0.305502 0.010156 0.011730
0 0.358984 0.528633 0.009766 0.016161
0 0.696094 0.801291 0.009766 0.012512
0 0.027246 0.324791 0.009351 0.013815
0 0.396484 0.505173 0.006445 0.007299
0 0.457812 0.260406 0.011328 0.015640
0 0.093750 0.145452 0.009229 0.017465
0 0.681641 0.093840 0.007812 0.011860
0 0.613281 0.589108 0.010156 0.013555
0 0.156641 0.571382 0.007520 0.013033
0 0.423828 0.528633 0.009375 0.017725
0 0.907812 0.580766 0.008594 0.009384
0 0.045850 0.487969 0.010645 0.015119
0 0.689453 0.054870 0.007812 0.008081
0 0.155957 0.420195 0.007617 0.010948
0 0.250586 0.306023 0.009375 0.011730
0 0.526563 0.941530 0.010938 0.014597
0 0.012634 0.494225 0.008807 0.010948
0 0.613281 0.648540 0.007422 0.009905
0 0.088965 0.596406 0.009814 0.011469
0 0.660937 0.888353 0.008594 0.009905
0 0.732422 0.911292 0.009375 0.016683
0 0.168164 0.533846 0.011816 0.012512
0 0.920313 0.230430 0.010938 0.010948
0 0.921094 0.705886 0.009375 0.010948
0 0.140430 0.900865 0.011230 0.011991
0 0.526172 0.027631 0.007812 0.009645
0 0.344531 0.128770 0.009180 0.014076
0 0.696875 0.477542 0.009375 0.009384
0 0.446094 0.369105 0.009375 0.010948
0 0.767969 0.948828 0.005859 0.009384
0 0.959375 0.285170 0.010156 0.010427
0 0.639063 0.159528 0.012109 0.011991
0 0.109961 0.527590 0.006934 0.009905
0 0.269336 0.959255 0.008594 0.015640
0 0.209375 0.568254 0.012109 0.014597
0 0.164551 0.905036 0.009375 0.007299
0 0.526563 0.826836 0.009766 0.010427
0 0.900000 0.681905 0.010156 0.011469
0 0.051660 0.668350 0.010986 0.013033
0 0.350977 0.821623 0.008203 0.012512
0 0.542188 0.754892 0.012109 0.013555
0 0.437891 0.885225 0.009375 0.019289
0 0.831250 0.755413 0.007031 0.013555
0 0.583984 0.920676 0.009375 0.018768
0 0.686328 0.150666 0.010156 0.015379
0 0.559375 0.726740 0.008594 0.010948
0 0.694531 0.662094 0.008984 0.017204
0 0.953125 0.212965 0.010156 0.010427
0 0.297266 0.471807 0.010156 0.011469
0 0.834375 0.790343 0.007812 0.008341
0 0.456250 0.323488 0.007422 0.010427
0 0.720313 0.543230 0.012109 0.014597
0 0.471875 0.408726 0.008203 0.009905
0 0.573047 0.570340 0.010156 0.013555
0 0.451563 0.518727 0.007422 0.009384
0 0.100586 0.932145 0.009326 0.013555
0 0.265234 0.468679 0.011133 0.014597
0 0.721094 0.420195 0.009375 0.009905
0 0.439063 0.053306 0.010938 0.014597
0 0.407813 0.847168 0.011328 0.012512
0 0.933594 0.131376 0.007812 0.009123
0 0.654687 0.279956 0.009766 0.013294
0 0.503125 0.815367 0.007812 0.006777
0 0.667188 0.940487 0.009766 0.010427
0 0.239648 0.758020 0.010547 0.014076
0 0.485156 0.625601 0.008203 0.010948
0 0.710156 0.919633 0.008984 0.015640
0 0.260547 0.489011 0.009961 0.011991
0 0.588281 0.531761 0.007422 0.008863
0 0.158398 0.153012 0.011035 0.012512
0 0.489063 0.779916 0.007812 0.007820
0 0.270313 0.891481 0.012500 0.011991
0 0.175977 0.994485 0.008984 0.011029
0 0.533594 0.649582 0.012109 0.013033
0 0.176367 0.550529 0.009668 0.013555
0 0.377344 0.159007 0.011133 0.014597
0 0.865625 0.679820 0.010156 0.009384
0 0.592969 0.139196 0.008984 0.013033
0 0.873438 0.874277 0.006250 0.008341
0 0.224609 0.168130 0.009961 0.011469
0 0.533594 0.040403 0.010937 0.013424
0 0.177734 0.383702 0.008301 0.010427
0 0.513281 0.785129 0.010547 0.013033
0 0.211328 0.509865 0.011133 0.013033
0 0.436719 0.711100 0.010547 0.014076
0 0.832031 0.493182 0.010938 0.013033
0 0.795703 0.560956 0.010156 0.015640
0 0.502344 0.117300 0.009766 0.014337
0 0.157715 0.786172 0.007812 0.009384
0 0.426953 0.864372 0.009375 0.008863
0 0.925000 0.915463 0.010937 0.013555
0 0.570703 0.590150 0.008594 0.010948
0 0.850781 0.262231 0.007812 0.011209
0 0.582031 0.438442 0.011719 0.011469
0 0.900000 0.588065 0.008594 0.014076
0 0.959375 0.435835 0.009375 0.011469
0 0.128320 0.391522 0.012207 0.011469
0 0.803125 0.150666 0.011719 0.017204
0 0.014661 0.467115 0.011017 0.015119
0 0.349609 0.300288 0.009570 0.011469
0 0.231641 0.444698 0.008984 0.014597
0 0.083545 0.461902 0.007129 0.010948
0 0.931250 0.315928 0.007812 0.009645
0 0.355469 0.580766 0.008008 0.011991
0 0.713281 0.275004 0.009766 0.013555
0 0.062891 0.077288 0.006836 0.009645
0 0.464063 0.957170 0.007422 0.009384
0 0.576563 0.546880 0.008594 0.013555
0 0.147266 0.756456 0.008789 0.012512
0 0.895313 0.605269 0.008594 0.008341
0 0.055566 0.440527 0.011304 0.013555
0 0.405078 0.176732 0.007031 0.009645
0 0.019116 0.128770 0.008350 0.015901
0 0.035620 0.921719 0.008838 0.011469
0 0.515625 0.126163 0.010156 0.011730
0 0.016565 0.300028 0.009033 0.015119
0 0.692969 0.453561 0.007422 0.011991
0 0.743750 0.903993 0.010547 0.014597
0 0.814062 0.575553 0.009375 0.014076
0 0.108203 0.080025 0.010059 0.014467
0 0.133691 0.277610 0.011523 0.013555
0 0.188477 0.504130 0.011035 0.015640
0 0.716797 0.580245 0.010156 0.011469
0 0.258203 0.760105 0.010742 0.014597
0 0.413281 0.922761 0.009375 0.014597
0 0.656641 0.044053 0.007031 0.010687
0 0.828125 0.261970 0.009375 0.010948
0 0.099365 0.549486 0.007910 0.008863
0 0.202930 0.576596 0.010254 0.010948
0 0.016211 0.518206 0.008301 0.010948
0 0.985937 0.854988 0.008594 0.015640
0 0.657813 0.098141 0.008203 0.008081
0 0.464063 0.547401 0.008203 0.014076
0 0.564844 0.193415 0.010547 0.013294
0 0.378320 0.819016 0.008984 0.009384
0 0.601562 0.717356 0.011328 0.010948
0 0.313672 0.951956 0.009961 0.014597
0 0.645312 0.582852 0.008594 0.011991
0 0.685156 0.582852 0.009375 0.016161
0 0.097510 0.995267 0.008691 0.009465
0 0.275195 0.609961 0.008594 0.011469
0 0.558594 0.066600 0.011719 0.014076
0 0.648047 0.701716 0.010156 0.011991
0 0.732031 0.657924 0.008203 0.009905
0 0.007202 0.701716 0.009003 0.015119
0 0.461328 0.444177 0.010937 0.014597
0 0.571094 0.509865 0.011328 0.014597
0 0.024585 0.480670 0.008020 0.013555
0 0.437500 0.008602 0.011719 0.016292
0 0.438281 0.418110 0.007812 0.010948
0 0.050928 0.988450 0.007031 0.008341
0 0.268750 0.596928 0.008789 0.017725
0 0.789062 0.578160 0.010156 0.012512
0 0.546875 0.941530 0.011328 0.012512
0 0.769531 0.634985 0.011328 0.013033
0 0.253125 0.762190 0.008984 0.008863
0 0.643359 0.531761 0.007812 0.010948
0 0.151953 0.055131 0.009473 0.012773
0 0.506641 0.198628 0.007031 0.010427
0 0.381445 0.669914 0.010547 0.012512
0 0.437500 0.514557 0.007812 0.010427
0 0.501563 0.648018 0.008594 0.010427
0 0.489844 0.263274 0.008984 0.011730
0 0.014490 0.238510 0.009735 0.011469
0 0.588281 0.062821 0.009375 0.017334
0 0.733594 0.584937 0.009375 0.011991
0 0.150195 0.824751 0.011230 0.014076
0 0.498828 0.249980 0.009375 0.013033
0 0.140039 0.519249 0.012305 0.015119
0 0.318750 0.054349 0.012109 0.016161
0 0.615625 0.188202 0.010156 0.011209
0 0.681250 0.368062 0.010547 0.012251
0 0.951563 0.343559 0.009375 0.010948
0 0.067725 0.732996 0.011816 0.014076
0 0.463672 0.757499 0.013281 0.012512
0 0.856250 0.110523 0.010938 0.012251
0 0.057568 0.187159 0.008789 0.012773
0 0.033350 0.753328 0.008667 0.011469
0 0.573438 0.563041 0.009766 0.015640
0 0.783203 0.370147 0.010938 0.013033
0 0.859375 0.045486 0.007031 0.007559
0 0.344922 0.016422 0.011914 0.013685
0 0.145508 0.145974 0.008105 0.013815
0 0.425781 0.850817 0.011328 0.016161
0 0.630469 0.295075 0.007031 0.009123
0 0.862500 0.072205 0.007031 0.010818
0 0.264844 0.758020 0.010742 0.014076
0 0.342969 0.744465 0.006055 0.009384
0 0.940625 0.341995 0.010156 0.011209
0 0.786719 0.475457 0.007812 0.010948
0 0.399805 0.330005 0.009766 0.014858
0 0.017664 0.689204 0.011310 0.016161
0 0.139648 0.368062 0.011816 0.012512
0 0.780078 0.515078 0.006250 0.007820
0 0.072656 0.181424 0.009424 0.010948
0 0.471484 0.543230 0.010937 0.014076
0 0.569922 0.122514 0.007812 0.011730
0 0.065039 0.153533 0.010107 0.011991
0 0.558594 0.818495 0.011328 0.012512
0 0.814062 0.115736 0.009375 0.009905
0 0.884375 0.202799 0.007812 0.015379
0 0.950781 0.009905 0.012500 0.012642
0 0.789062 0.324009 0.011719 0.014597
0 0.833594 0.959255 0.010938 0.016683
0 0.663672 0.727782 0.010156 0.013033
0 0.675781 0.531761 0.007031 0.009384
0 0.988281 0.412375 0.009375 0.012512
0 0.705469 0.094622 0.007812 0.010036
0 0.612109 0.699630 0.009375 0.010948
0 0.182227 0.459295 0.011523 0.009384
0 0.220703 0.180382 0.008789 0.010948
0 0.698438 0.836220 0.007422 0.009905
0 0.053711 0.348251 0.008057 0.011209
0 0.810156 0.528633 0.009375 0.015640
0 0.527344 0.519770 0.010547 0.014597
0 0.817969 0.769489 0.006250 0.010948
0 0.190820 0.323748 0.009082 0.011209
0 0.959375 0.521334 0.010156 0.010427
0 0.480078 0.798684 0.005469 0.009384
0 0.750781 0.482234 0.007812 0.009384
0 0.584375 0.698588 0.006641 0.007820
0 0.019263 0.945700 0.009216 0.014597
0 0.830469 0.897737 0.009375 0.013033
0 0.401172 0.858116 0.007227 0.009384
0 0.566406 0.162135 0.009375 0.013033
0 0.171973 0.009514 0.009961 0.011730
0 0.400000 0.800769 0.011328 0.012512
0 0.562109 0.456689 0.007031 0.008863
0 0.030029 0.862287 0.007690 0.014076
0 0.435156 0.260146 0.008594 0.008602
0 0.967969 0.513514 0.009375 0.011469
0 0.739453 0.670436 0.009375 0.014597
0 0.825000 0.085629 0.011719 0.014337
0 0.835938 0.085108 0.008594 0.013033
0 0.925000 0.765319 0.007031 0.009905
0 0.769922 0.648018 0.010156 0.011469
0 0.608984 0.065167 0.009375 0.008863
0 0.434375 0.941529 0.009766 0.010427
0 0.670703 0.925889 0.011719 0.012512
0 0.753516 0.385787 0.010938 0.011991
0 0.536719 0.738209 0.010938 0.014597
0 0.296289 0.567212 0.010156 0.009905
0 0.857031 0.748114 0.009375 0.011469
0 0.294531 0.960297 0.011133 0.012512
0 0.489063 0.746550 0.007812 0.009905
0 0.501563 0.790343 0.009375 0.010948
0 0.770313 0.420195 0.010938 0.016161
0 0.034033 0.422281 0.010132 0.014076
0 0.048340 0.080937 0.006958 0.009123
0 0.592188 0.868543 0.010547 0.015119
0 0.213281 0.257278 0.007617 0.008863
0 0.041113 0.402470 0.010156 0.010427
0 0.890625 0.135026 0.010156 0.012773
0 0.489844 0.724654 0.009766 0.010948
0 0.563281 0.244766 0.009766 0.017204
0 0.668750 0.069598 0.008984 0.013424
0 0.446094 0.747593 0.008594 0.010948
0 0.921875 0.174126 0.011719 0.011209
0 0.840625 0.264577 0.010156 0.009905
0 0.640625 0.428537 0.010938 0.013555
0 0.765625 0.543230 0.010156 0.010948
0 0.846094 0.110002 0.010938 0.010687
0 0.605859 0.425409 0.010937 0.011991
0 0.551562 0.446262 0.007422 0.008863
0 0.710547 0.098662 0.006250 0.008602
0 0.889844 0.319057 0.009375 0.009905
0 0.211719 0.397257 0.009570 0.015119
0 0.273438 0.844561 0.008984 0.010948
0 0.465625 0.877927 0.009766 0.015119
0 0.042920 0.917548 0.007715 0.015640
0 0.111523 0.019550 0.011816 0.015901
0 0.251172 0.611004 0.010156 0.013555
0 0.714063 0.783044 0.008203 0.008863
0 0.032861 0.338607 0.008521 0.013555
0 0.140430 0.309933 0.009863 0.011991
0 0.211328 0.422802 0.010156 0.013555
0 0.400781 0.559913 0.008789 0.011469
0 0.165430 0.547401 0.009473 0.009905
0 0.280469 0.359460 0.009961 0.013033
0 0.825000 0.024503 0.009375 0.010948
0 0.217773 0.906079 0.009375 0.012512
0 0.136719 0.262231 0.010059 0.014337
0 0.826563 0.344602 0.008594 0.012773
0 0.931250 0.589629 0.007812 0.011469
0 0.077148 0.951956 0.011279 0.012512
0 0.481641 0.579724 0.008594 0.013033
0 0.045654 0.731953 0.012207 0.013033
0 0.487891 0.590150 0.008594 0.011469
0 0.635938 0.332090 0.007031 0.008602
0 0.013013 0.593800 0.012024 0.013555
0 0.764063 0.481713 0.008594 0.009384
0 0.622266 0.156922 0.007812 0.011991
0 0.603906 0.556785 0.009375 0.010948
0 0.632031 0.131376 0.007812 0.009645
0 0.395117 0.046138 0.009766 0.014337
0 0.595313 0.403513 0.008984 0.015640
0 0.900000 0.975938 0.010156 0.010427
0 0.214063 0.582330 0.008984 0.008341
0 0.039990 0.083544 0.010913 0.010687
0 0.527344 0.675128 0.008984 0.009384
0 0.163867 0.144149 0.008691 0.009384
0 0.740625 0.242942 0.012109 0.013033
0 0.513281 0.321403 0.010547 0.014597
0 0.717969 0.246591 0.010547 0.015379
0 0.700000 0.798684 0.010937 0.011469
0 0.915625 0.930060 0.008594 0.008341
0 0.457031 0.111044 0.009766 0.014597
0 0.218750 0.573468 0.009961 0.010427
0 0.884375 0.310715 0.010938 0.012773
0 0.601562 0.774703 0.012891 0.011991
0 0.261328 0.980108 0.009961 0.011469
0 0.884375 0.345123 0.009375 0.014337
0 0.709375 0.934231 0.009766 0.013555
0 0.157813 0.129812 0.009961 0.011991
0 0.482812 0.744465 0.009766 0.012512
0 0.590625 0.669393 0.010547 0.012512
0 0.454688 0.413939 0.005469 0.010427
0 0.195117 0.449390 0.007129 0.009905
0 0.446094 0.211401 0.010547 0.014076
0 0.031299 0.012773 0.007861 0.011469
0 0.748438 0.821101 0.008203 0.012512
0 0.134961 0.829964 0.009473 0.016161
0 0.785156 0.078982 0.009766 0.014076
0 0.265234 0.532803 0.015039 0.014076
0 0.593359 0.556264 0.008594 0.012512
0 0.796094 0.592236 0.012109 0.010948
0 0.158203 0.194979 0.007715 0.007038
0 0.875000 0.412897 0.009375 0.015119
0 0.201758 0.045356 0.008984 0.015510
0 0.458594 0.915463 0.009766 0.010427
0 0.359375 0.304980 0.008789 0.010427
0 0.544531 0.422281 0.009375 0.011991
0 0.131836 0.920676 0.006738 0.014597
0 0.950000 0.972810 0.008594 0.016683
0 0.926563 0.291947 0.010938 0.016161
0 0.544922 0.271615 0.008594 0.010166
0 0.699219 0.594321 0.007422 0.009905
0 0.843750 0.737166 0.010156 0.014076
0 0.076758 0.642805 0.010742 0.014597
0 0.914062 0.909207 0.008594 0.011469
0 0.048389 0.508301 0.013940 0.016683
0 0.877344 0.620388 0.010938 0.016161
0 0.002684 0.467115 0.005368 0.011991
0 0.268359 0.243463 0.007422 0.011730
0 0.685938 0.799727 0.007422 0.009905
0 0.933594 0.005474 0.009375 0.009514
0 0.806250 0.598492 0.008594 0.012512
0 0.044678 0.963426 0.009497 0.009384
0 0.781250 0.653753 0.007422 0.011991
0 0.136914 0.563041 0.008301 0.014597
0 0.820312 0.456167 0.006250 0.008341
0 0.269141 0.529676 0.012305 0.016161
0 0.806250 0.069077 0.010156 0.014206
0 0.090234 0.253368 0.009912 0.013033
0 0.763672 0.967596 0.011719 0.014597
0 0.494141 0.626644 0.009375 0.011991
0 0.578906 0.116258 0.008203 0.010948
0 0.867188 0.060214 0.007031 0.010818
0 0.308203 0.938401 0.010742 0.011469
0 0.124023 0.584937 0.010547 0.010948
0 0.802344 0.167870 0.010938 0.012773
0 0.855469 0.693374 0.012500 0.016683
0 0.975000 0.377967 0.007031 0.010427
0 0.711719 0.729868 0.008203 0.009905
0 0.442187 0.837263 0.010547 0.015119
0 0.738281 0.823708 0.008984 0.011469
0 0.717188 0.757499 0.010156 0.012512
0 0.128320 0.491097 0.008203 0.008863
0 0.528516 0.253629 0.009375 0.014076
0 0.702344 0.690246 0.007812 0.010948
0 0.175879 0.304459 0.010156 0.015379
0 0.415625 0.556785 0.008594 0.007820
0 0.881250 0.469201 0.007812 0.011991
0 0.620703 0.690246 0.010156 0.011469
0 0.871875 0.996571 0.006250 0.006858
0 0.177734 0.458774 0.010449 0.008863
0 0.221094 0.303416 0.010742 0.014858
0 0.605078 0.681384 0.007031 0.009384
0 0.387109 0.616217 0.009961 0.009905
0 0.059180 0.963426 0.008936 0.011469
0 0.839063 0.045226 0.008594 0.012251
0 0.386328 0.530718 0.006445 0.008863
0 0.642578 0.319057 0.010156 0.012773
0 0.666797 0.503609 0.010156 0.007820
0 0.741016 0.059171 0.010938 0.009645
0 0.775781 0.763754 0.008594 0.012512
0 0.513281 0.010687 0.009375 0.012121
0 0.663281 0.361806 0.008594 0.011209
0 0.524219 0.307587 0.007031 0.010166
0 0.304297 0.009645 0.009961 0.013685
0 0.784375 0.084456 0.009766 0.013424
0 0.929688 0.848732 0.007031 0.011991
0 0.046826 0.946743 0.006836 0.007299
0 0.058398 0.195240 0.009521 0.013033
0 0.148633 0.417067 0.009961 0.011991
0 0.821875 0.649582 0.011719 0.012512
0 0.948438 0.528633 0.009375 0.011991
0 0.807031 0.462945 0.009375 0.012512
0 0.473047 0.269530 0.008594 0.010687
0 0.010388 0.425409 0.011963 0.016161
0 0.920313 0.967596 0.010938 0.016683
0 0.900781 0.649582 0.009375 0.013033
0 0.817969 0.870107 0.009375 0.011469
0 0.679688 0.643326 0.012109 0.016161
0 0.871875 0.299246 0.008594 0.008602
0 0.007593 0.938401 0.010834 0.017725
0 0.458203 0.004073 0.007812 0.008146
0 0.711719 0.930060 0.008203 0.017725
0 0.745313 0.341474 0.010937 0.011730
0 0.812500 0.084195 0.003906 0.005474
0 0.269141 0.703801 0.006836 0.008341
0 0.757031 0.387351 0.009766 0.014597
0 0.614063 0.478585 0.009766 0.014076
0 0.825000 0.927975 0.007812 0.011469
0 0.659766 0.814324 0.010156 0.012512
0 0.242773 0.120689 0.008594 0.013555
0 0.320703 0.236164 0.011914 0.016422
0 0.462500 0.116779 0.003516 0.004692
0 0.381836 0.471807 0.008203 0.012512
0 0.583594 0.553136 0.010547 0.014597
0 0.506250 0.256496 0.007812 0.012773
0 0.747656 0.219742 0.009766 0.011991
0 0.245312 0.052524 0.010742 0.011209
0 0.792969 0.033756 0.008203 0.010948
0 0.250781 0.285691 0.008984 0.017204
0 0.656250 0.882097 0.007812 0.014076
0 0.909375 0.965511 0.008594 0.011469
0 0.613672 0.471286 0.008594 0.015119
0 0.803906 0.738209 0.008203 0.007820
0 0.959375 0.532282 0.010156 0.009384
0 0.506641 0.375361 0.010937 0.011991
0 0.247266 0.406641 0.008398 0.010948
0 0.935938 0.997353 0.007031 0.005294
0 0.385938 0.268487 0.010742 0.011730
0 0.012671 0.529676 0.009680 0.011991
0 0.560156 0.318014 0.009375 0.009645
0 0.499609 0.270051 0.007812 0.012773
0 0.413281 0.624558 0.012891 0.013033
0 0.375977 0.137372 0.007422 0.008341
0 0.303906 0.629250 0.009180 0.011469
0 0.757031 0.991578 0.007812 0.010427
0 0.586328 0.179860 0.010937 0.012773
0 0.396289 0.269530 0.010547 0.013294
0 0.664844 0.509865 0.008203 0.009905
0 0.438281 0.827879 0.010547 0.015119
0 0.989844 0.443655 0.007812 0.010427
0 0.597266 0.983236 0.007031 0.008341
0 0.495313 0.810153 0.009766 0.011991
0 0.013110 0.481713 0.009381 0.013033
0 0.826563 0.080807 0.011719 0.016683
0 0.415625 0.719441 0.010156 0.011469
0 0.948438 0.990535 0.007812 0.009384
0 0.843750 0.764276 0.007031 0.009905
0 0.589063 0.950913 0.009375 0.011469
0 0.464063 0.725697 0.010547 0.015119
0 0.789844 0.030237 0.007422 0.013685
0 0.388867 0.838827 0.007422 0.007299
0 0.182227 0.910249 0.011621 0.010427
0 0.318359 0.728304 0.011914 0.011469
0 0.544531 0.143367 0.008984 0.011991
0 0.608594 0.604748 0.010156 0.014076
0 0.494922 0.516121 0.008594 0.008863
0 0.686719 0.400385 0.008203 0.013033
0 0.245898 0.559913 0.010156 0.016161
0 0.413281 0.739252 0.007031 0.007299
0 0.184766 0.095143 0.010254 0.013685
0 0.096387 0.580766 0.010498 0.011469
0 0.258984 0.341995 0.012109 0.012773
0 0.035205 0.874799 0.008276 0.009384
0 0.333594 0.804419 0.010352 0.013555
0 0.045850 0.892524 0.010352 0.011991
0 0.927344 0.925889 0.012500 0.009384
0 0.721094 0.755934 0.008984 0.009905
0 0.697656 0.666265 0.011719 0.015640
0 0.871094 0.495267 0.007812 0.007820
0 0.549219 0.434793 0.008203 0.012512
0 0.507031 0.804940 0.009375 0.011991
0 0.651563 0.894609 0.012500 0.010948
0 0.058203 0.408726 0.009131 0.009905
0 0.705469 0.417067 0.008984 0.011991
0 0.531641 0.161092 0.007031 0.009123
0 0.970313 0.405598 0.007812 0.008863
0 0.495313 0.402470 0.008984 0.015640
0 0.457031 0.393086 0.008203 0.010948
0 0.043115 0.992620 0.007153 0.010427
0 0.288281 0.589108 0.007422 0.009905
0 0.376953 0.808068 0.009180 0.009905
0 0.750781 0.515078 0.008203 0.010427
0 0.325781 0.047702 0.009766 0.013424
0 0.482031 0.052915 0.007812 0.009254
0 0.801563 0.051482 0.008594 0.011991
0 0.632031 0.085368 0.008984 0.015119
0 0.688672 0.086672 0.009375 0.015901
0 0.143262 0.551050 0.009570 0.010427
0 0.383789 0.807025 0.010547 0.014597
0 0.759375 0.978023 0.010547 0.012512
0 0.615625 0.492661 0.011328 0.014597
0 0.284766 0.325052 0.010937 0.010948
0 0.241406 0.387351 0.010547 0.015640
0 0.811719 0.905036 0.010937 0.014597
0 0.056885 0.629772 0.008203 0.010427
0 0.587109 0.628208 0.007812 0.012512
0 0.942188 0.981151 0.007031 0.008341
0 0.327148 0.737166 0.010547 0.011991
0 0.680859 0.252847 0.008594 0.011730
0 0.146484 0.543752 0.010059 0.014597
0 0.715625 0.960297 0.011328 0.014597
0 0.675000 0.713706 0.010938 0.011469
0 0.937500 0.307066 0.007031 0.008602
0 0.919531 0.494225 0.010938 0.014597
0 0.964844 0.217136 0.009375 0.010427
0 0.843750 0.800769 0.007031 0.009905
0 0.739062 0.339910 0.009766 0.011209
0 0.291992 0.982194 0.009375 0.012512
0 0.391406 0.665222 0.009570 0.010427
0 0.630469 0.435835 0.007812 0.014076
0 0.610156 0.030237 0.005078 0.007299
0 0.403125 0.654796 0.009961 0.014076
0 0.881250 0.005995 0.007031 0.010818
0 0.747656 0.907121 0.007422 0.009384
0 0.171484 0.292990 0.011230 0.016683
0 0.017261 0.421759 0.011743 0.014597
0 0.397266 0.590672 0.008789 0.008341
0 0.946094 0.060996 0.010938 0.015640
0 0.669531 0.240856 0.007422 0.009123
0 0.782031 0.750721 0.010547 0.010948
0 0.201758 0.270051 0.007812 0.015640
0 0.134375 0.449390 0.008691 0.008863
0 0.459375 0.552614 0.010547 0.014076
0 0.074707 0.948828 0.009717 0.015640
0 0.326562 0.243202 0.010156 0.012512
0 0.692969 0.827879 0.007812 0.013033
0 0.624219 0.036884 0.009766 0.013033
0 0.012067 0.262752 0.008630 0.015379
0 0.482031 0.042749 0.010547 0.013294
0 0.460547 0.046399 0.010938 0.011991
0 0.862500 0.233558 0.008594 0.011209
0 0.052051 0.404555 0.007959 0.013033
0 0.657031 0.565126 0.008984 0.011469
0 0.918750 0.556785 0.010156 0.013033
0 0.314063 0.324791 0.010352 0.013815
0 0.511328 0.399863 0.007812 0.012512
0 0.818750 0.326877 0.008594 0.014337
0 0.543750 0.747593 0.014453 0.017204
0 0.214063 0.154836 0.009961 0.012773
0 0.188086 0.921719 0.006543 0.013555
0 0.962500 0.884183 0.011719 0.010427
0 0.535156 0.333133 0.010547 0.011991
0 0.241016 0.418110 0.011133 0.010948
0 0.450391 0.544794 0.010938 0.015640
0 0.934375 0.101399 0.010156 0.013424
0 0.417578 0.913377 0.008594 0.007299
0 0.168750 0.487447 0.008496 0.014597
0 0.878125 0.081589 0.009375 0.010557
0 0.466797 0.004106 0.006250 0.008211
0 0.686328 0.452518 0.009375 0.010948
0 0.765625 0.911292 0.009766 0.016683
0 0.755469 0.905036 0.010938 0.015119
0 0.900000 0.420195 0.007031 0.009905
0 0.572656 0.627686 0.010547 0.016161
0 0.461328 0.485362 0.009375 0.013555
0 0.670313 0.250240 0.008984 0.011209
0 0.655469 0.593800 0.011719 0.014597
0 0.727344 0.987407 0.007422 0.008341
0 0.182812 0.410811 0.008984 0.011991
0 0.675781 0.369105 0.010156 0.011209
0 0.405469 0.299767 0.008594 0.012512
0 0.162891 0.059171 0.008301 0.011991
0 0.500000 0.245809 0.008203 0.014076
0 0.225586 0.179860 0.011328 0.011209
0 0.443750 0.753849 0.008984 0.014597
0 0.310742 0.012382 0.008203 0.012512
0 0.522656 0.220003 0.009766 0.013815
0 0.867969 0.347730 0.007812 0.012251
0 0.643750 0.260667 0.008984 0.011469
0 0.865625 0.095925 0.010156 0.010036
0 0.606250 0.793471 0.009766 0.016683
0 0.380469 0.544794 0.008008 0.013555
0 0.925000 0.245548 0.008594 0.015379
0 0.539062 0.577117 0.009766 0.012512
0 0.914062 0.845604 0.008594 0.015119
0 0.670313 0.505173 0.010937 0.009384
0 0.399805 0.250240 0.008984 0.010948
0 0.757031 0.468158 0.008984 0.010948
0 0.314453 0.054479 0.009961 0.014337
0 0.854688 0.245288 0.010937 0.013033
0 0.637500 0.268226 0.008984 0.013555
0 0.651563 0.420717 0.009375 0.011469
0 0.344922 0.864372 0.007422 0.007299
0 0.406250 0.731432 0.007422 0.009384
0 0.082520 0.965511 0.008203 0.008341
0 0.598437 0.715270 0.011328 0.010427
0 0.528125 0.836220 0.009375 0.010948
0 0.714063 0.818495 0.008984 0.013033
0 0.678516 0.783044 0.012500 0.010948
0 0.437891 0.462945 0.011719 0.015119
0 0.466797 0.707972 0.008594 0.008863
0 0.442578 0.822665 0.010156 0.014076
0 0.285742 0.039882 0.009375 0.010296
0 0.113770 0.320099 0.011328 0.015901
0 0.982813 0.952999 0.007812 0.009384
0 0.758984 0.959255 0.011719 0.013555
0 0.487891 0.016552 0.003125 0.004953
0 0.518750 0.885225 0.008984 0.011991
0 0.604688 0.235643 0.008203 0.012773
0 0.619922 0.502566 0.009375 0.016683
0 0.226953 0.383702 0.010547 0.010948
0 0.573828 0.372233 0.009375 0.011209
0 0.285352 0.616217 0.011328 0.009905
0 0.221875 0.422802 0.009375 0.009384
0 0.833594 0.876884 0.010938 0.013033
0 0.746094 0.066861 0.010156 0.012251
0 0.627734 0.095665 0.009375 0.009384
0 0.593750 0.127206 0.009375 0.012773
0 0.568750 0.127206 0.009375 0.016161
0 0.591406 0.196022 0.009766 0.013294
0 0.619531 0.235122 0.008203 0.011469
0 0.842969 0.098793 0.009375 0.011339
0 0.162109 0.468679 0.007910 0.010427
0 0.912500 0.884183 0.009375 0.011469
0 0.615234 0.118343 0.009375 0.013815
0 0.773047 0.573468 0.013281 0.015119
0 0.078955 0.834135 0.010645 0.010427
0 0.662891 0.722569 0.009375 0.012512
0 0.175195 0.503609 0.009082 0.015119
0 0.129004 0.144931 0.008398 0.016943
0 0.817188 0.387873 0.006250 0.009384
0 0.442187 0.996310 0.007422 0.007380
0 0.699219 0.844561 0.007422 0.011991
0 0.738281 0.644369 0.008984 0.015119
0 0.595703 0.422281 0.009375 0.011991
0 0.890625 0.776267 0.010938 0.014597
0 0.567578 0.326355 0.008594 0.012773
0 0.632422 0.793471 0.011719 0.013033
0 0.062158 0.420195 0.009473 0.013033
0 0.055273 0.312279 0.007373 0.008602
0 0.489062 0.314364 0.009375 0.012251
0 0.090234 0.187941 0.010498 0.011991
0 0.577344 0.591193 0.010547 0.009905
0 0.089746 0.492661 0.011035 0.014597
0 0.191113 0.346687 0.011133 0.011209
0 0.813281 0.017856 0.007812 0.010948
0 0.290820 0.522377 0.009766 0.013033
0 0.916406 0.965511 0.014063 0.014597
0 0.346484 0.078200 0.009570 0.016292
0 0.279297 0.844561 0.007617 0.011991
0 0.606250 0.969682 0.008984 0.011469
0 0.739844 0.976980 0.010547 0.010427
0 0.520312 0.388915 0.010547 0.011991
0 0.427344 0.327919 0.008203 0.011469
0 0.087744 0.917548 0.002832 0.004171
0 0.092578 0.815367 0.006299 0.010427
0 0.036963 0.532282 0.007495 0.009384
0 0.885156 0.628729 0.007812 0.012512
0 0.801562 0.089148 0.007812 0.007950
0 0.893750 0.618302 0.010937 0.013033
0 0.800000 0.896695 0.011328 0.015119
0 0.650000 0.839348 0.010547 0.012512
0 0.477344 0.043662 0.009375 0.012512
0 0.964063 0.414461 0.010937 0.011469
0 0.157617 0.834135 0.011035 0.010427
0 0.374023 0.919633 0.010937 0.014597
0 0.418750 0.824229 0.010156 0.014597
0 0.071484 0.254411 0.010303 0.013815
0 0.675000 0.032192 0.012891 0.015379
0 0.682813 0.679820 0.007812 0.009905
0 0.806250 0.511950 0.008594 0.015640
0 0.051172 0.853424 0.011475 0.010427
0 0.689063 0.909207 0.008594 0.010427
0 0.684375 0.561998 0.008203 0.013033
0 0.453906 0.552614 0.009375 0.011469
0 0.722266 0.432186 0.012500 0.012512
0 0.485938 0.662094 0.009766 0.010948
0 0.915625 0.629250 0.010156 0.013555
0 0.193848 0.542709 0.010156 0.011469
0 0.976562 0.417067 0.009375 0.013033
0 0.267773 0.844561 0.008203 0.013033
0 0.918750 0.994225 0.010938 0.011550
0 0.042773 0.939444 0.007593 0.012512
0 0.650000 0.243984 0.008203 0.011730
0 0.903125 0.888353 0.010156 0.010948
0 0.562109 0.062560 0.010156 0.016031
0 0.547266 0.117300 0.011719 0.012251
0 0.925000 0.148059 0.008594 0.014076
0 0.746875 0.246591 0.009766 0.011730
0 0.898438 0.433750 0.010156 0.014076
0 0.705859 0.469201 0.007031 0.011991
0 0.752344 0.116258 0.010547 0.011209
0 0.573438 0.577638 0.008203 0.014597
0 0.832031 0.103224 0.007812 0.014076
0 0.434375 0.732474 0.009766 0.008341
0 0.983594 0.361285 0.007812 0.016683
0 0.448438 0.622473 0.006250 0.009384
0 0.552734 0.737166 0.011719 0.011991
0 0.624609 0.463987 0.008594 0.013555
0 0.888281 0.446783 0.007812 0.010427
0 0.947656 0.285691 0.007812 0.010948
0 0.358008 0.406641 0.010547 0.011469
0 0.779688 0.011209 0.008984 0.013685
0 0.131836 0.897737 0.007520 0.016683
0 0.126953 0.641241 0.011816 0.011991
0 0.169336 0.369105 0.009277 0.013294
0 0.026440 0.085499 0.008447 0.013164
0 0.633984 0.732996 0.007812 0.008341
0 0.580078 0.165784 0.009375 0.012512
0 0.328711 0.731953 0.009375 0.008341
0 0.600391 0.545316 0.009375 0.012512
0 0.785938 0.824229 0.007422 0.008341
0 0.002011 0.754371 0.004022 0.010427
0 0.793750 0.819016 0.008203 0.012512
0 0.296289 0.247634 0.009766 0.010687
0 0.705469 0.679820 0.008203 0.011991
0 0.308203 0.257539 0.008789 0.008602
0 0.517969 0.229126 0.008594 0.013033
0 0.060693 0.913377 0.009961 0.017725
0 0.546875 0.382138 0.011719 0.012512
0 0.542578 0.060735 0.008594 0.013424
0 0.642969 0.256236 0.009375 0.011469
0 0.384375 0.791385 0.010547 0.009905
0 0.006262 0.445219 0.009076 0.018768
0 0.703906 0.805983 0.008984 0.013555
0 0.550781 0.951956 0.010547 0.012512
0 0.062500 0.671478 0.008447 0.010427
0 0.860937 0.714228 0.008594 0.013555
0 0.420313 0.899301 0.008594 0.011469
0 0.623047 0.100878 0.008594 0.010296
0 0.321094 0.242420 0.011914 0.015379
0 0.835938 0.771574 0.008594 0.010427
0 0.121094 0.889396 0.007910 0.007820
0 0.978125 0.192112 0.009375 0.012512
0 0.345703 0.043792 0.011523 0.011600
0 0.190234 0.629772 0.008691 0.010948
0 0.671875 0.245548 0.009766 0.013555
0 0.775781 0.476499 0.007422 0.010948
0 0.141406 0.221046 0.010059 0.013294
0 0.041919 0.385266 0.010693 0.014597
0 0.587500 0.755413 0.007422 0.012512
0 0.035303 0.083283 0.011035 0.011209
0 0.014050 0.620909 0.010962 0.012512
0 0.732813 0.782001 0.010156 0.017204
0 0.374609 0.113130 0.006445 0.009123
0 0.928125 0.218178 0.010156 0.011469
0 0.936719 0.823708 0.006250 0.008341
0 0.910156 0.234600 0.007812 0.011209
0 0.629687 0.560956 0.009375 0.015119
0 0.849219 0.570340 0.007812 0.010948
0 0.109180 0.112608 0.010352 0.012251
0 0.238281 0.406641 0.009180 0.013033
0 0.483203 0.313582 0.010156 0.013555
0 0.462891 0.366498 0.011719 0.013294
0 0.047900 0.370147 0.009058 0.010427
0 0.375000 0.555742 0.009180 0.011991
0 0.903125 0.699109 0.013281 0.014597
0 0.104297 0.223131 0.009473 0.010427
0 0.438281 0.573989 0.008594 0.010427
0 0.867969 0.729868 0.010938 0.014076
0 0.562500 0.523941 0.008984 0.009384
0 0.318164 0.793471 0.008594 0.009905
0 0.674219 0.592236 0.009766 0.011991
0 0.043701 0.363370 0.009302 0.014597
0 0.264063 0.192372 0.010742 0.014858
0 0.956250 0.310715 0.008594 0.011730
0 0.530469 0.576596 0.008984 0.011991
0 0.158789 0.392043 0.010840 0.011991
0 0.415625 0.646454 0.012109 0.014076
0 0.820312 0.752806 0.010938 0.013033
0 0.720313 0.821623 0.007812 0.008863
0 0.554297 0.259103 0.009375 0.013815
0 0.667969 0.497874 0.010156 0.013555
0 0.378320 0.791907 0.013281 0.011469
0 0.473047 0.595364 0.006250 0.007820
0 0.395312 0.652710 0.011523 0.014076
0 0.914844 0.744465 0.009375 0.011991
0 0.896875 0.812239 0.010938 0.011991
0 0.664062 0.442091 0.010547 0.014076
0 0.603906 0.242942 0.008594 0.012251
0 0.311914 0.022678 0.008594 0.011078
0 0.052100 0.412897 0.010938 0.013033
0 0.015503 0.978023 0.008740 0.015640
0 0.214844 0.410290 0.012695 0.013555
0 0.803906 0.032453 0.007812 0.010948
0 0.209375 0.117822 0.011523 0.013033
0 0.973438 0.880012 0.008594 0.009905
0 0.734375 0.994225 0.007422 0.011550
0 0.009760 0.616217 0.012512 0.010427
0 0.014014 0.831007 0.007507 0.007299
0 0.744531 0.603705 0.012891 0.015119
0 0.803906 0.602662 0.010547 0.016161
0 0.581250 0.180382 0.010938 0.013294
0 0.492969 0.672521 0.008984 0.012512
0 0.012964 0.554700 0.012054 0.014597
0 0.761719 0.854988 0.008984 0.011991
0 0.161523 0.302374 0.011426 0.013555
0 0.906250 0.893567 0.008594 0.010948
0 0.741406 0.792428 0.010156 0.011991
0 0.317188 0.248155 0.010352 0.010687
0 0.394922 0.037666 0.010156 0.015119
0 0.399609 0.556264 0.008594 0.012512
0 0.764453 0.688161 0.009375 0.010427
0 0.970312 0.179860 0.008594 0.009645
0 0.423047 0.864893 0.011719 0.010427
0 0.486719 0.015379 0.007422 0.010296
0 0.976562 0.106352 0.010938 0.009905
0 0.448438 0.483798 0.010547 0.014076
0 0.789062 0.021896 0.007812 0.010036
0 0.627344 0.556785 0.008203 0.013033
0 0.626563 0.791385 0.009766 0.013033
0 0.028198 0.934231 0.010437 0.011469
0 0.100879 0.948828 0.007812 0.009384
0 0.059131 0.617781 0.011523 0.011469
0 0.767187 0.965511 0.008594 0.016683
0 0.744141 0.057086 0.010156 0.009775
0 0.652734 0.190026 0.011719 0.014597
0 0.573828 0.105831 0.008594 0.011600
0 0.715625 0.837263 0.008203 0.010427
0 0.343359 0.771053 0.007617 0.012512
0 0.862500 0.096968 0.010156 0.012382
0 0.160742 0.689204 0.007715 0.009905
0 0.215625 0.570340 0.010742 0.015640
0 0.025195 0.871149 0.012012 0.012512
0 0.831250 0.247634 0.007031 0.010687
0 0.697656 0.827879 0.007422 0.013033
0 0.835156 0.262752 0.014063 0.014337
0 0.425000 0.711100 0.007812 0.016161
0 0.469922 0.165263 0.009375 0.011730
0 0.165039 0.345123 0.009473 0.011209
0 0.050977 0.370669 0.007910 0.009123
0 0.575391 0.314364 0.007812 0.011209
0 0.100195 0.450433 0.008984 0.015640
0 0.703906 0.834656 0.009766 0.011469
0 0.028857 0.888353 0.009058 0.008863
0 0.550000 0.842476 0.008203 0.011991
0 0.584375 0.022939 0.007422 0.009775
0 0.726953 0.553657 0.007812 0.015640
0 0.691797 0.346687 0.007812 0.011209
0 0.867188 0.485883 0.010156 0.011991
0 0.407813 0.556785 0.007422 0.009384
0 0.216602 0.132940 0.010156 0.011209
0 0.005743 0.421759 0.008704 0.016683
0 0.021680 0.869585 0.010828 0.010427
0 0.704688 0.698588 0.008203 0.010948
0 0.926563 0.919633 0.012500 0.015640
0 0.550000 0.025806 0.008984 0.011860
0 0.076074 0.366759 0.009912 0.015119
0 0.276172 0.394129 0.008398 0.011991
0 0.790625 0.654796 0.008594 0.011991
0 0.135937 0.982194 0.005762 0.007299
0 0.707812 0.021766 0.006641 0.007299
0 0.917188 0.339389 0.007812 0.010166
0 0.672266 0.912335 0.009375 0.012512
0 0.856250 0.379531 0.008594 0.015119
0 0.036523 0.656881 0.010327 0.011991
0 0.063672 0.328962 0.008789 0.013815
0 0.673828 0.921719 0.007031 0.012512
0 0.659375 0.412897 0.010547 0.014597
0 0.578516 0.982194 0.010937 0.010427
0 0.512500 0.795556 0.008984 0.011991
0 0.516797 0.859159 0.010938 0.016161
0 0.733594 0.881055 0.011719 0.012512
0 0.530078 0.036884 0.010937 0.013815
0 0.739844 0.460338 0.011328 0.014597
0 0.857031 0.609961 0.007812 0.010948
0 0.361523 0.278914 0.008203 0.012251
0 0.136816 0.381617 0.008984 0.010427
0 0.701563 0.711621 0.008984 0.012512
0 0.275586 0.958212 0.008594 0.014597
0 0.628125 0.747593 0.008203 0.010948
0 0.812500 0.471286 0.009375 0.011991
0 0.643750 0.485362 0.008203 0.016683
0 0.291211 0.043922 0.009375 0.011730
0 0.440625 0.251022 0.010938 0.011991
0 0.186914 0.304459 0.007227 0.012251
0 0.900781 0.891481 0.009375 0.011991
0 0.500000 0.622473 0.007812 0.010948
0 0.538281 0.335218 0.010938 0.011209
0 0.514063 0.139196 0.008984 0.008602
0 0.763281 0.259103 0.009375 0.011469
0 0.794531 0.334175 0.012109 0.011469
0 0.428125 0.068034 0.009766 0.012642
0 0.945312 0.043922 0.007031 0.008602
0 0.578125 0.602662 0.009766 0.011991
0 0.834375 0.081980 0.009375 0.011730
0 0.662500 0.054219 0.009766 0.012903
0 0.970312 0.863329 0.009375 0.007820
0 0.957813 0.300288 0.009375 0.012251
0 0.665234 0.332351 0.009375 0.008863
0 0.801563 0.586501 0.013281 0.013555
0 0.685938 0.507779 0.006641 0.009905
0 0.104102 0.394129 0.009473 0.013555
0 0.187109 0.556785 0.011035 0.012512
0 0.128320 0.542709 0.010156 0.013555
0 0.445312 0.499438 0.008203 0.008863
0 0.769922 0.024763 0.009375 0.012382
0 0.780469 0.770532 0.012500 0.014076
0 0.691797 0.773660 0.009375 0.012512
0 0.692187 0.042489 0.010547 0.014206
0 0.855469 0.874277 0.006250 0.009384
0 0.852344 0.927975 0.009375 0.011469
0 0.906250 0.857073 0.008594 0.011469
0 0.022021 0.737166 0.007507 0.010948
0 0.584375 0.702758 0.007812 0.010948
0 0.534375 0.698588 0.008203 0.009905
0 0.296875 0.234861 0.010742 0.011469
0 0.515625 0.273179 0.010938 0.016943
0 0.273828 0.839869 0.009375 0.011469
0 0.628516 0.728825 0.010156 0.013033
0 0.126074 0.088366 0.010742 0.012642
0 0.451563 0.754892 0.010547 0.014597
0 0.445312 0.686076 0.008203 0.011991
0 0.607031 0.769489 0.012891 0.016161
0 0.887500 0.410811 0.010156 0.012512
0 0.818750 0.273179 0.009375 0.014337
0 0.666406 0.917548 0.012109 0.011469
0 0.849219 0.006680 0.009375 0.013359
0 0.774609 0.799727 0.011719 0.016161
0 0.538281 0.026588 0.007031 0.009514
0 0.618750 0.037797 0.009766 0.011339
0 0.975000 0.231733 0.007812 0.010427
0 0.859375 0.578160 0.008594 0.015640
0 0.667188 0.016943 0.010938 0.012121
0 0.712500 0.813281 0.008594 0.016161
0 0.546094 0.621430 0.010156 0.011991
0 0.335547 0.046529 0.007227 0.010687
0 0.294531 0.043792 0.008398 0.010818
0 0.943750 0.655317 0.007812 0.014597
0 0.056104 0.583894 0.008789 0.012512
0 0.960938 0.655838 0.009375 0.011469
0 0.041309 0.157443 0.011646 0.013815
0 0.151953 0.145192 0.010352 0.014076
0 0.667969 0.588065 0.009766 0.016161
0 0.125488 0.204363 0.009375 0.013815
0 0.987500 0.919633 0.007031 0.011469
0 0.428906 0.942572 0.012109 0.015640
0 0.154199 0.242942 0.009375 0.012773
0 0.164844 0.409769 0.011230 0.013033
0 0.557031 0.644369 0.007812 0.010948
0 0.713281 0.125381 0.008984 0.010948
0 0.441406 0.453039 0.009766 0.013555
0 0.760938 0.491097 0.008984 0.009905
0 0.897656 0.617260 0.010937 0.011991
0 0.517969 0.880012 0.010547 0.017204
0 0.981250 0.279435 0.007031 0.013815
0 0.907031 0.906079 0.007812 0.010948
0 0.539062 0.105570 0.007812 0.009905
0 0.984375 0.994485 0.010156 0.011029
0 0.664062 0.996049 0.008984 0.007901
0 0.221484 0.751243 0.012305 0.011469
0 0.954687 0.662094 0.008594 0.013033
0 0.638281 0.401949 0.008984 0.011469
0 0.982813 0.473893 0.008594 0.010427
0 0.684375 0.468679 0.009766 0.011469
0 0.554688 0.165784 0.008203 0.010166
0 0.154102 0.602662 0.009473 0.013555
0 0.821875 0.713185 0.008594 0.015640
0 0.012158 0.519249 0.010834 0.011469
0 0.159180 0.005213 0.008203 0.009645
0 0.330469 0.871671 0.006055 0.008863
0 0.184570 0.314104 0.009473 0.011469
0 0.324414 0.783565 0.008203 0.012512
0 0.408984 0.438963 0.009375 0.013555
0 0.619531 0.612568 0.009375 0.013555
0 0.410937 0.520813 0.008594 0.011469
0 0.913281 0.144410 0.007812 0.012251
0 0.717188 0.089669 0.008984 0.010427
0 0.057520 0.382138 0.008203 0.009384
0 0.570312 0.245027 0.008594 0.010948
0 0.650000 0.424366 0.008203 0.014076
0 0.568750 0.546880 0.008984 0.014597
0 0.845312 0.870107 0.008594 0.014597
0 0.074707 0.311497 0.008105 0.010948
0 0.084375 0.077157 0.010059 0.011860
0 0.869531 0.163699 0.007812 0.008341
0 0.106250 0.356593 0.007324 0.010427
0 0.557031 0.295075 0.009766 0.012251
0 0.720313 0.866457 0.008984 0.010427
0 0.056494 0.574510 0.009863 0.014076
0 0.143359 0.515078 0.011719 0.016161
0 0.517969 0.392565 0.013672 0.017725
0 0.845312 0.033105 0.010938 0.013294
0 0.201953 0.448869 0.009082 0.010427
0 0.092871 0.758541 0.008887 0.010427
0 0.193066 0.121210 0.010156 0.015640
0 0.053711 0.161092 0.007715 0.013815
0 0.984375 0.861244 0.008594 0.016161
0 0.522656 0.675649 0.012109 0.010948
0 0.871875 0.007690 0.010156 0.011209
0 0.041846 0.308108 0.008472 0.010166
0 0.367578 0.504651 0.009180 0.015119
0 0.273242 0.955084 0.009766 0.017725
0 0.598047 0.556264 0.010156 0.012512
0 0.648438 0.409769 0.008203 0.011991
0 0.071289 0.723612 0.009717 0.011991
0 0.589453 0.085629 0.009375 0.011991
0 0.804688 0.178818 0.007812 0.011469
0 0.463281 0.087845 0.008984 0.011600
0 0.037061 0.216875 0.008594 0.013294
0 0.984375 0.668350 0.008594 0.009905
0 0.907812 0.314364 0.010156 0.008602
0 0.384180 0.591193 0.007422 0.009905
0 0.932031 0.712142 0.009375 0.013033
0 0.083887 0.902951 0.011328 0.012512
0 0.639844 0.234600 0.009766 0.011209
0 0.953125 0.529676 0.013281 0.014076
0 0.650781 0.402991 0.008594 0.012512
0 0.541797 0.054479 0.007812 0.008993
0 0.823438 0.391001 0.007031 0.008863
0 0.182520 0.646454 0.009180 0.010948
0 0.818750 0.353465 0.008594 0.013555
0 0.757812 0.641241 0.010547 0.010948
0 0.417188 0.702758 0.008984 0.010427
0 0.903125 0.745508 0.009375 0.014076
0 0.065430 0.302895 0.008057 0.011730
0 0.081934 0.453561 0.010303 0.014597
0 0.970312 0.679298 0.009375 0.011469
0 0.925000 0.581288 0.007812 0.010427
0 0.034180 0.294032 0.011621 0.015901
0 0.034692 0.886789 0.008350 0.010427
0 0.641406 0.331569 0.012109 0.010948
0 0.742969 0.975937 0.008594 0.009384
0 0.854688 0.707450 0.011719 0.011469
0 0.665625 0.248937 0.011328 0.009905
0 0.127539 0.915463 0.011621 0.015640
0 0.857813 0.583894 0.010156 0.010948
0 0.909375 0.321663 0.010156 0.013555
0 0.569141 0.300810 0.010156 0.013555
0 0.400781 0.454082 0.010156 0.015640
0 0.706250 0.288298 0.012109 0.013815
0 0.517188 0.120689 0.010547 0.015119
0 0.827344 0.636028 0.007812 0.010948
0 0.692969 0.654274 0.010938 0.015640
0 0.544531 0.563041 0.009766 0.013033
0 0.735156 0.047963 0.008984 0.011469
0 0.593359 0.167870 0.007812 0.011209
0 0.939062 0.201235 0.010156 0.012512
0 0.180859 0.750721 0.007129 0.008863
0 0.948438 0.978023 0.008594 0.016683
0 0.178418 0.911292 0.010938 0.007299
0 0.442188 0.448347 0.009766 0.009905
0 0.548438 0.088627 0.005859 0.007168
0 0.054980 0.527590 0.014990 0.021375
0 0.535937 0.875320 0.008594 0.012512
0 0.613281 0.521856 0.008984 0.014597
0 0.750000 0.064906 0.012109 0.011991
0 0.580469 0.040403 0.007812 0.009905
0 0.376953 0.650104 0.009961 0.013555
0 0.607422 0.260928 0.007812 0.010427
0 0.722656 0.706929 0.006250 0.008863
0 0.427344 0.275786 0.011328 0.012251
0 0.875000 0.210619 0.009375 0.011991
0 0.307227 0.005050 0.010156 0.010101
0 0.518750 0.724654 0.007422 0.009384
0 0.856250 0.104267 0.012500 0.013946
0 0.082813 0.710578 0.008203 0.010427
0 0.043384 0.225216 0.010498 0.013815
0 0.741406 0.994485 0.008984 0.011029
0 0.041699 0.468158 0.007495 0.009905
0 0.012842 0.907121 0.008984 0.010427
0 0.890625 0.208534 0.009375 0.010166
0 0.919531 0.531761 0.007812 0.009384
0 0.435156 0.005637 0.009766 0.011274
0 0.084131 0.382659 0.010840 0.009384
0 0.053174 0.125642 0.011450 0.013033
0 0.226953 0.753849 0.008984 0.013033
0 0.658594 0.068686 0.008594 0.011730
0 0.036646 0.425930 0.011572 0.013555
0 0.044238 0.319317 0.008398 0.011469
0 0.806250 0.159528 0.012500 0.011730
0 0.400000 0.517163 0.011133 0.013555
0 0.213672 0.467115 0.009180 0.010948
0 0.538281 0.243463 0.007812 0.010687
0 0.500781 0.131376 0.008203 0.009384
0 0.607422 0.627686 0.009375 0.014597
0 0.920313 0.234600 0.013281 0.016943
0 0.745313 0.978023 0.010547 0.011469
0 0.701563 0.544273 0.006641 0.010427
0 0.628906 0.497874 0.008984 0.011469
0 0.581250 0.009775 0.010156 0.013555
0 0.558594 0.617260 0.010156 0.016161
0 0.813281 0.294032 0.010938 0.010948
0 0.897656 0.300810 0.010937 0.016943
0 0.960938 0.458774 0.008594 0.008863
0 0.680469 0.407683 0.010547 0.008863
0 0.604688 0.607354 0.013672 0.014597
0 0.664844 0.592236 0.009766 0.013555
0 0.652734 0.600577 0.010937 0.013033
0 0.400781 0.650104 0.009766 0.013555
0 0.454297 0.917548 0.013281 0.011469
0 0.820312 0.617260 0.010938 0.011991
0 0.550391 0.003552 0.007812 0.007103
0 0.154688 0.387873 0.010742 0.013555
0 0.615234 0.090973 0.011719 0.014597
0 0.864063 0.478585 0.012500 0.016161
0 0.430469 0.027631 0.006641 0.008211
0 0.539844 0.012773 0.007031 0.008732
0 0.536719 0.318796 0.010156 0.013555
0 0.375586 0.820059 0.009766 0.012512
0 0.545313 0.303416 0.010547 0.013033
0 0.898438 0.336782 0.006250 0.011469
0 0.635938 0.344602 0.010547 0.015379
0 0.194727 0.295075 0.009766 0.015379
0 0.771094 0.862287 0.010547 0.015640
0 0.845312 0.263274 0.014062 0.013294
0 0.971875 0.434793 0.009375 0.011991
0 0.534375 0.119386 0.006641 0.008081
0 0.176270 0.073769 0.008203 0.008081
0 0.227734 0.554700 0.011328 0.013555
0 0.447656 0.753849 0.009766 0.013033
0 0.895313 0.710578 0.009375 0.012512
0 0.308789 0.031410 0.010156 0.011730
0 0.776563 0.982194 0.009375 0.011469
0 0.588672 0.246591 0.009375 0.012251
0 0.574219 0.111044 0.009766 0.013294
0 0.960156 0.272397 0.007812 0.014597
0 0.851562 0.241378 0.009375 0.011469
0 0.298438 0.320881 0.010352 0.009905
0 0.860937 0.484841 0.010938 0.010948
0 0.018311 0.731953 0.012048 0.012512
0 0.443359 0.619345 0.009375 0.012512
0 0.608984 0.591193 0.012500 0.017725
0 0.790234 0.328962 0.012500 0.017204
0 0.007703 0.967596 0.012964 0.010427
0 0.043433 0.888875 0.012354 0.014597
0 0.059961 0.583894 0.009375 0.011991
0 0.109961 0.221046 0.010645 0.014337
0 0.694531 0.479627 0.010547 0.013033
0 0.432813 0.359199 0.009766 0.010948
0 0.335742 0.668872 0.007812 0.010427
0 0.962500 0.551572 0.007812 0.010948
0 0.673438 0.339389 0.007422 0.010166
0 0.498828 0.996310 0.007031 0.007380
0 0.483594 0.251804 0.011719 0.015379
0 0.820312 0.032844 0.010156 0.011209
0 0.054736 0.952999 0.009375 0.010427
0 0.533203 0.899823 0.010156 0.012512
0 0.165430 0.478585 0.010547 0.018247
0 0.460156 0.695981 0.008203 0.010427
0 0.951563 0.257278 0.008594 0.009905
0 0.485156 0.078721 0.006250 0.013946
0 0.995313 0.320360 0.008594 0.011991
0 0.660937 0.994485 0.009375 0.011029
0 0.580469 0.078721 0.008984 0.015640
0 0.561719 0.272397 0.009375 0.012512
0 0.072559 0.706929 0.008057 0.008341
0 0.051270 0.382138 0.009326 0.010427
0 0.004254 0.523419 0.006677 0.011991
0 0.678125 0.540102 0.009766 0.010948
0 0.825000 0.788257 0.007812 0.011991
0 0.856250 0.571382 0.010156 0.013033
0 0.386328 0.809632 0.010352 0.013555
0 0.566406 0.314364 0.010547 0.011469
0 0.033691 0.670957 0.010083 0.014597
0 0.722266 0.071683 0.009375 0.008211
0 0.109082 0.978023 0.009961 0.009384
0 0.139746 0.570340 0.010742 0.014076
0 0.814062 0.602141 0.008594 0.010427
0 0.427734 0.533325 0.012500 0.014597
0 0.257812 0.206448 0.010352 0.011991
0 0.167773 0.632900 0.007910 0.009905
0 0.960156 0.025806 0.007812 0.013164
0 0.888281 0.891481 0.007812 0.009384
0 0.703125 0.253368 0.009766 0.012251
0 0.569531 0.871671 0.007031 0.008863
0 0.889063 0.790343 0.009375 0.009384
0 0.856250 0.714228 0.011719 0.017204
0 0.927344 0.241378 0.010938 0.015901
0 0.660938 0.408205 0.009766 0.014597
0 0.859375 0.466073 0.008594 0.008863
0 0.198242 0.260667 0.009375 0.012773
0 0.783203 0.346687 0.009375 0.008863
0 0.287500 0.617260 0.003906 0.005213
0 0.588281 0.320099 0.008203 0.016161
0 0.885938 0.387873 0.010937 0.015640
0 0.917969 0.206709 0.007812 0.013033
0 0.186719 0.440006 0.007422 0.009905
0 0.047656 0.155879 0.009399 0.016943
0 0.122461 0.074811 0.014062 0.011339
0 0.217578 0.296118 0.015625 0.019289
0 0.801563 0.213226 0.007422 0.011209
0 0.682813 0.765319 0.008984 0.010427
0 0.737500 0.331047 0.010156 0.011991
0 0.506250 0.402470 0.012500 0.015640
0 0.955469 0.285691 0.010938 0.011209
0 0.339453 0.803897 0.010742 0.015119
0 0.363086 0.237468 0.010156 0.013555
0 0.205859 0.468679 0.009766 0.014597
0 0.611719 0.714228 0.008984 0.010948
0 0.854688 0.581809 0.010156 0.011991
0 0.281250 0.617260 0.011914 0.010948
0 0.082813 0.895652 0.011768 0.008863
0 0.551172 0.229908 0.008594 0.012251
0 0.039917 0.968639 0.009033 0.012512
0 0.650000 0.947785 0.010156 0.010427
0 0.194727 0.386830 0.008301 0.015119
0 0.825000 0.285691 0.010156 0.012512
0 0.212695 0.579202 0.011328 0.015640
0 0.831250 0.478585 0.010156 0.015119
0 0.339844 0.461902 0.009766 0.011991
0 0.302734 0.948828 0.009961 0.010427
0 0.459766 0.244245 0.009375 0.011991
0 0.439063 0.531761 0.008203 0.009905
0 0.143164 0.697024 0.011914 0.016683
0 0.241797 0.717356 0.011133 0.011991
0 0.208984 0.289340 0.010352 0.011991
0 0.676562 0.314625 0.008984 0.009905
0 0.632031 0.020202 0.008203 0.013815
0 0.893750 0.603705 0.010937 0.014597
0 0.083594 0.825793 0.010889 0.012512
0 0.385156 0.359981 0.011133 0.015119
0 0.453125 0.341735 0.010938 0.013033
0 0.746875 0.993964 0.009766 0.012072
0 0.963281 0.204363 0.007812 0.009645
0 0.995117 0.395171 0.009766 0.014076
0 0.518750 0.462945 0.009766 0.012512
0 0.407422 0.588586 0.007812 0.009384
0 0.363477 0.802855 0.008984 0.016161
0 0.354883 0.106352 0.005859 0.008081
0 0.611719 0.910249 0.007031 0.010427
0 0.559766 0.757499 0.009375 0.009384
0 0.170508 0.913377 0.009570 0.007299
0 0.453125 0.266402 0.012109 0.010687
0 0.699219 0.713185 0.007812 0.010427
0 0.766797 0.494746 0.007812 0.010427
0 0.567187 0.271354 0.008594 0.010427
0 0.398047 0.675649 0.011133 0.010948
0 0.688672 0.730910 0.009375 0.010427
0 0.529688 0.815367 0.008203 0.011991
0 0.031152 0.946743 0.008472 0.014597
0 0.181152 0.905036 0.010742 0.014076
0 0.771094 0.466073 0.008594 0.008863
0 0.012817 0.347209 0.009003 0.010166
0 0.810938 0.282563 0.009375 0.012773
0 0.082080 0.805983 0.007324 0.008341
0 0.742969 0.599534 0.009766 0.013033
0 0.198535 0.463987 0.009570 0.013033
0 0.046289 0.392565 0.011060 0.010427
0 0.557813 0.280478 0.008203 0.013033
0 0.144336 0.194979 0.010254 0.016422
0 0.126367 0.073899 0.009766 0.009645
0 0.516016 0.258060 0.009375 0.015379
0 0.624219 0.497874 0.010547 0.016683
0 0.024451 0.566169 0.009204 0.009905
0 0.518750 0.571382 0.010156 0.015119
0 0.574219 0.622473 0.011328 0.017204
0 0.143555 0.616738 0.007715 0.012512
0 0.352344 0.994485 0.007617 0.011029
0 0.376563 0.540623 0.010156 0.013555
0 0.107129 0.312800 0.012305 0.015379
0 0.156543 0.564084 0.009180 0.013033
0 0.842969 0.225477 0.006250 0.009905
0 0.698438 0.370669 0.007812 0.011730
0 0.642969 0.584937 0.009766 0.013033
0 0.091113 0.561998 0.009033 0.009905
0 0.049756 0.089278 0.008130 0.014858
0 0.978125 0.869064 0.010156 0.012512
0 0.658203 0.283606 0.010938 0.012251
0 0.788281 0.011991 0.007422 0.013685
0 0.595313 0.713185 0.011719 0.017204
0 0.164062 0.608918 0.009180 0.010948
0 0.082275 0.243984 0.012793 0.014337
0 0.038770 0.672521 0.010620 0.011991
0 0.436719 0.754892 0.008203 0.013033
0 0.621094 0.025545 0.012500 0.012903
0 0.508984 0.301331 0.009375 0.010687
0 0.572656 0.544794 0.010547 0.015640
0 0.114648 0.078721 0.013184 0.016292
0 0.071484 0.136329 0.010059 0.016161
0 0.879688 0.729868 0.010156 0.013033
0 0.480859 0.126163 0.007031 0.011209
0 0.163086 0.762190 0.008203 0.010948
0 0.706250 0.411854 0.009766 0.017725
0 0.446094 0.153794 0.008203 0.012251
0 0.791797 0.633942 0.010156 0.013555
0 0.059131 0.712142 0.008496 0.009905
0 0.679297 0.580766 0.010156 0.015119
0 0.173926 0.413939 0.007422 0.012512
0 0.358789 0.004529 0.008203 0.009058
0 0.501563 0.996831 0.008984 0.006337
0 0.752344 0.994225 0.009766 0.011550
0 0.810938 0.028673 0.007031 0.009384
0 0.401563 0.273440 0.008789 0.008863
0 0.782031 0.042619 0.008203 0.011469
0 0.908594 0.919633 0.009375 0.012512
0 0.904688 0.133722 0.010938 0.011991
0 0.100195 0.459295 0.008691 0.011469
0 0.150391 0.563041 0.010547 0.015119
0 0.710156 0.292208 0.008594 0.010948
0 0.613281 0.056304 0.011328 0.011078
0 0.150977 0.322706 0.008691 0.017465
0 0.403906 0.517685 0.011133 0.011469
0 0.521875 0.878969 0.008984 0.014076
0 0.555859 0.254932 0.013281 0.018507
0 0.809375 0.577117 0.011719 0.016683
0 0.508203 0.997614 0.008594 0.004773
0 0.567969 0.319578 0.008984 0.013815
0 0.815625 0.740294 0.008594 0.008863
0 0.002857 0.083935 0.005714 0.013424
0 0.005447 0.818495 0.008636 0.011991
0 0.819531 0.511429 0.009375 0.012512
0 0.369531 0.308108 0.005469 0.007559
0 0.405469 0.446262 0.013672 0.016161
0 0.837500 0.097229 0.009375 0.016683
0 0.722656 0.900865 0.008984 0.010948
0 0.521484 0.207491 0.010156 0.010427
0 0.732031 0.055783 0.007812 0.012121
0 0.987500 0.073899 0.007031 0.010166
0 0.426172 0.320621 0.007812 0.015119
0 0.032202 0.173083 0.008154 0.008602
0 0.079883 0.463987 0.009717 0.012512
0 0.469531 0.035451 0.007422 0.011600
0 0.507422 0.445219 0.007812 0.010948
0 0.499609 0.676692 0.007031 0.010948
0 0.808594 0.065949 0.010938 0.011339
0 0.510938 0.647497 0.007812 0.012512
0 0.201562 0.038839 0.008691 0.011600
0 0.597656 0.443134 0.007422 0.010948
0 0.493750 0.335739 0.008984 0.011991
0 0.235938 0.759063 0.009180 0.013555
0 0.993750 0.334697 0.007812 0.009645
0 0.530469 0.522898 0.010547 0.013555
0 0.065137 0.406119 0.011475 0.012512
0 0.015967 0.626644 0.010144 0.011469
0 0.149414 0.571382 0.008301 0.011991
0 0.524219 0.173604 0.008594 0.009384
0 0.799219 0.604226 0.010547 0.016683
0 0.456250 0.028543 0.007422 0.011209
0 0.748828 0.250240 0.007812 0.010166
0 0.058887 0.497353 0.008252 0.008341
0 0.244336 0.524462 0.005859 0.006777
0 0.305078 0.031019 0.009961 0.011600
0 0.950781 0.296378 0.010938 0.015640
0 0.428906 0.002770 0.010547 0.005539
0 0.453906 0.467115 0.010547 0.011991
0 0.004114 0.376925 0.008228 0.013555
0 0.884375 0.208534 0.010156 0.014858
0 0.906250 0.430622 0.008594 0.013033
0 0.987500 0.984279 0.010156 0.011469
0 0.875000 0.624558 0.013281 0.017204
0 0.335156 0.467115 0.010352 0.014076
0 0.039648 0.660530 0.011646 0.013555
0 0.733984 0.058650 0.010156 0.011469
0 0.691406 0.801812 0.014062 0.016161
0 0.536328 0.611004 0.010156 0.013033
0 0.040552 0.697024 0.016455 0.020853
0 0.211719 0.932145 0.006836 0.007299
0 0.734375 0.444698 0.009375 0.012512
0 0.361523 0.743422 0.007422 0.010427
0 0.049121 0.420195 0.010522 0.010948
0 0.689844 0.539060 0.008203 0.010948
0 0.996680 0.334436 0.006641 0.010948
0 0.697656 0.409769 0.007031 0.011991
0 0.721484 0.079894 0.010156 0.013555
0 0.204102 0.566690 0.012012 0.017725
0 0.006573 0.576596 0.006360 0.007820
0 0.772656 0.046268 0.006250 0.008081
0 0.304297 0.023721 0.010547 0.010948
0 0.442969 0.051612 0.011328 0.013164
0 0.617188 0.504651 0.009375 0.015640
0 0.687891 0.696502 0.008594 0.010948
0 0.960156 0.189766 0.007812 0.009645
0 0.458594 0.583894 0.012109 0.014076
0 0.584766 0.166566 0.011719 0.013033
0 0.485156 0.086541 0.007422 0.015770
0 0.712500 0.518206 0.007422 0.010427
0 0.041602 0.210880 0.009009 0.013033
0 0.567969 0.620388 0.012109 0.015119
0 0.679688 0.587022 0.007812 0.017204
0 0.864063 0.335739 0.010156 0.013815
0 0.137988 0.140760 0.010547 0.017204
0 0.850781 0.426451 0.009375 0.013033
0 0.806250 0.871149 0.010938 0.012512
0 0.010266 0.959255 0.011224 0.016683
0 0.467969 0.291426 0.005078 0.007299
0 0.071484 0.343559 0.007373 0.011209
0 0.056348 0.607354 0.008057 0.011469
0 0.131250 0.951956 0.006836 0.010427
0 0.154102 0.690246 0.009863 0.010427
0 0.494531 0.693896 0.007422 0.011469
0 0.923438 0.927975 0.011719 0.011469
0 0.578125 0.957170 0.010547 0.011469
0 0.202734 0.106352 0.011133 0.011209
0 0.771094 0.807025 0.010938 0.016161
0 0.530469 0.821623 0.008203 0.013033
0 0.866406 0.552614 0.009375 0.011991
0 0.712500 0.545316 0.008594 0.014076
0 0.703906 0.518727 0.008594 0.010427
0 0.183203 0.392565 0.008984 0.011469
0 0.177344 0.449390 0.009082 0.012512
0 0.661719 0.245027 0.010938 0.013033
0 0.529688 0.937359 0.011328 0.016683
0 0.389063 0.469201 0.010156 0.012512
0 0.672656 0.280999 0.007031 0.009645
0 0.511719 0.277871 0.012891 0.014597
0 0.494531 0.275786 0.010547 0.012512
0 0.298438 0.329223 0.010742 0.015119
0 0.470703 0.581288 0.007031 0.009384
0 0.490625 0.710057 0.010547 0.015119
0 0.727344 0.415503 0.009766 0.010427
0 0.008154 0.907121 0.011578 0.011469
0 0.009564 0.640720 0.012341 0.014597
0 0.433594 0.637070 0.007812 0.009384
0 0.559375 0.963426 0.007422 0.007299
0 0.195117 0.349294 0.010938 0.011209
0 0.448438 0.470243 0.012109 0.016683
0 0.250391 0.983236 0.008789 0.010427
0 0.341797 0.796077 0.008984 0.015640
0 0.122656 0.944657 0.006152 0.009384
0 0.535937 0.846647 0.009375 0.016161
0 0.071826 0.301070 0.010352 0.010948
0 0.046240 0.967596 0.011060 0.011469
0 0.815625 0.528633 0.010156 0.015119
0 0.994727 0.659488 0.010547 0.012512
0 0.686719 0.364413 0.010156 0.014337
0 0.423438 0.273961 0.011328 0.011469
0 0.710156 0.721526 0.007422 0.010427
0 0.593750 0.263795 0.009375 0.012251
0 0.229297 0.152751 0.009180 0.013294
0 0.908594 0.175168 0.010938 0.011991
0 0.670703 0.459817 0.008594 0.010948
0 0.601562 0.877405 0.009375 0.013555
0 0.215039 0.520813 0.010547 0.015640
0 0.020093 0.080546 0.007898 0.012121
0 0.191602 0.323748 0.005371 0.007559
0 0.551562 0.254932 0.011328 0.013555
0 0.782812 0.034669 0.010547 0.017986
0 0.494531 0.804940 0.008984 0.015640
0 0.092871 0.596406 0.010986 0.011991
0 0.101367 0.521334 0.009033 0.013033
0 0.956250 0.653753 0.010156 0.012512
0 0.316016 0.049005 0.012695 0.017856
0 0.171484 0.209576 0.009180 0.011730
0 0.556250 0.150926 0.009375 0.013033
0 0.967969 0.130855 0.009375 0.011730
0 0.456250 0.580245 0.008203 0.015640
0 0.511719 0.246591 0.008203 0.010948
0 0.768750 0.567733 0.010937 0.016683
0 0.739844 0.036754 0.010156 0.010557
0 0.772656 0.967596 0.012109 0.013555
0 0.179004 0.217657 0.009570 0.010948
0 0.451562 0.148580 0.009766 0.014076
0 0.866406 0.036884 0.009375 0.009384
0 0.721094 0.920676 0.008203 0.016683
0 0.808594 0.327398 0.009375 0.011730
0 0.304297 0.252847 0.010352 0.010948
0 0.950000 0.337825 0.010938 0.016943
0 0.882812 0.753849 0.011719 0.017204
0 0.832031 0.848732 0.007812 0.008863
0 0.665625 0.903993 0.010156 0.010427
0 0.707812 0.617260 0.010547 0.014597
0 0.558203 0.857595 0.008594 0.009384
0 0.087305 0.886789 0.006934 0.011469
0 0.046021 0.712142 0.009326 0.013555
0 0.237109 0.754370 0.010742 0.012512
0 0.309180 0.774181 0.007812 0.008341
0 0.817188 0.034278 0.008594 0.010166
0 0.675391 0.362327 0.010156 0.016422
0 0.896094 0.364934 0.009375 0.010427
0 0.971875 0.358678 0.010156 0.010687
0 0.568750 0.372233 0.010156 0.011730
0 0.555469 0.379531 0.010156 0.015119
0 0.061133 0.386830 0.012158 0.015119
0 0.512500 0.453561 0.010547 0.013555
0 0.792969 0.501523 0.008984 0.010427
0 0.470313 0.508822 0.011328 0.011991
0 0.502734 0.584937 0.009375 0.011991
0 0.003091 0.721005 0.006181 0.009384
0 0.609375 0.424366 0.008984 0.010948
0 0.102148 0.419153 0.009326 0.010948
0 0.231445 0.165784 0.010547 0.011469
0 0.250781 0.761148 0.009766 0.014597
0 0.789062 0.357114 0.010938 0.011469
0 0.683203 0.701716 0.009375 0.010948
0 0.111133 0.324270 0.012695 0.014337
0 0.391016 0.814324 0.007617 0.010948
0 0.846094 0.101399 0.012500 0.014076
0 0.658984 0.354768 0.007812 0.009905
0 0.142480 0.302374 0.010352 0.015901
0 0.468750 0.428537 0.009766 0.014076
0 0.785547 0.365455 0.010938 0.014858
0 0.268750 0.696502 0.007031 0.011991
0 0.503125 0.407162 0.012109 0.012512
0 0.727734 0.994225 0.008594 0.011550
0 0.584766 0.611004 0.009375 0.011991
0 0.679297 0.356593 0.010156 0.014858
0 0.500781 0.685033 0.007812 0.011469
0 0.148828 0.483277 0.008105 0.015640
0 0.485156 0.712142 0.012891 0.017725
0 0.142969 0.187680 0.010449 0.012251
0 0.567969 0.278392 0.008594 0.012773
0 0.685156 0.653753 0.010547 0.016683
0 0.553125 0.703280 0.008984 0.013555
0 0.592969 0.547401 0.009766 0.017204
0 0.952344 0.428537 0.010937 0.011991
0 0.973438 0.611004 0.005469 0.008863
0 0.900000 0.599013 0.008594 0.010427
0 0.503125 0.499438 0.010938 0.015119
0 0.605469 0.670436 0.008984 0.011991
0 0.029517 0.579724 0.009534 0.013033
0 0.677344 0.432707 0.009766 0.009384
0 0.442969 0.664180 0.007812 0.011469
0 0.157324 0.661052 0.007812 0.010427
0 0.705469 0.612568 0.011328 0.017725
0 0.900000 0.602662 0.010156 0.011991
0 0.475781 0.289340 0.009375 0.010687
0 0.687500 0.150666 0.004297 0.005995
0 0.210156 0.133983 0.010742 0.012251
0 0.921875 0.803376 0.010156 0.013555
0 0.723437 0.282563 0.006641 0.009645
0 0.928125 0.579724 0.010156 0.013555
0 0.903906 0.255454 0.009375 0.011209
0 0.850000 0.046920 0.008594 0.010557
0 0.746094 0.646454 0.006641 0.009905
0 0.806250 0.582330 0.008594 0.012512
0 0.835938 0.398299 0.008594 0.009905
0 0.008752 0.450433 0.012207 0.014597
0 0.785156 0.071553 0.010547 0.015640
0 0.906250 0.263013 0.010156 0.013555
0 0.468359 0.452518 0.008594 0.014076
0 0.536719 0.371190 0.006250 0.009645
0 0.176074 0.045356 0.009766 0.010036
0 0.917188 0.234600 0.010156 0.012773
0 0.049683 0.386309 0.009814 0.015640
0 0.141797 0.759584 0.010449 0.019811
0 0.069141 0.337303 0.008936 0.014597
0 0.634375 0.745508 0.008594 0.012512
0 0.121582 0.444177 0.008398 0.011469
0 0.446094 0.326877 0.010156 0.013555
0 0.735547 0.767404 0.014063 0.013033
0 0.413672 0.526547 0.009375 0.015119
0 0.086816 0.323749 0.007324 0.011730
0 0.846094 0.310194 0.010938 0.011730
0 0.619531 0.062169 0.008594 0.012512
0 0.200000 0.522377 0.009082 0.013033
0 0.797656 0.579724 0.011328 0.013555
0 0.907812 0.755934 0.008594 0.008341
0 0.717969 0.870628 0.012109 0.015119
0 0.729688 0.079764 0.008203 0.011730
0 0.960938 0.021114 0.007031 0.014988
0 0.800000 0.093840 0.010156 0.012121
0 0.437500 0.895652 0.010156 0.016683
0 0.564063 0.588065 0.011328 0.013033
0 0.809375 0.585980 0.011719 0.013033
0 0.599219 0.152751 0.012109 0.016422
0 0.783594 0.504651 0.010547 0.011469
0 0.808594 0.765319 0.009375 0.011469
0 0.206641 0.421759 0.011133 0.013555
0 0.889063 0.309412 0.015625 0.014076
0 0.625000 0.230951 0.011328 0.013555
0 0.389063 0.619345 0.009375 0.015119
0 0.692187 0.232515 0.007422 0.009123
0 0.293359 0.483277 0.009961 0.011469
0 0.041968 0.710057 0.013330 0.016161
0 0.029517 0.984279 0.009363 0.011469
0 0.960938 0.253890 0.010156 0.014076
0 0.430469 0.294554 0.011328 0.015379
0 0.678125 0.409769 0.008984 0.011991
0 0.208203 0.510386 0.011328 0.018768
0 0.460547 0.084977 0.010938 0.015640
0 0.442969 0.486926 0.008203 0.011991
0 0.807031 0.051221 0.010938 0.011991
0 0.973437 0.169955 0.007812 0.009645
0 0.164062 0.792428 0.009473 0.010948
0 0.714844 0.162656 0.012109 0.011730