0 0.277148 0.850817 0.008594 0.014076
0 0.296289 0.852903 0.005469 0.011991
0 0.301563 0.853424 0.006641 0.011469
0 0.450391 0.345123 0.008594 0.017204
0 0.294922 0.413418 0.006836 0.008341
0 0.952344 0.797641 0.007812 0.007299
0 0.583594 0.901908 0.008203 0.014076
0 0.026343 0.645412 0.008838 0.013033
0 0.313281 0.420195 0.006250 0.009905
0 0.306836 0.853424 0.007031 0.011469
0 0.291016 0.852903 0.006836 0.011991
0 0.257422 0.853424 0.006055 0.014597
0 0.178027 0.574510 0.008008 0.011991
0 0.176758 0.378489 0.006152 0.008863
0 0.081885 0.683990 0.007812 0.011991
0 0.455469 0.754892 0.005078 0.007820
0 0.812500 0.847168 0.007812 0.013555
0 0.236719 0.978023 0.010742 0.016683
0 0.270508 0.527590 0.006250 0.009384
0 0.151953 0.530197 0.008789 0.010427
0 0.657813 0.861765 0.005859 0.007299
0 0.036475 0.591714 0.009180 0.011469
0 0.268750 0.853945 0.008594 0.012512
0 0.948438 0.807025 0.010156 0.014076
0 0.663281 0.593278 0.008984 0.015119
0 0.132031 0.677734 0.008887 0.011991
0 0.220703 0.562520 0.006641 0.008341
0 0.621875 0.905036 0.008203 0.011991
0 0.821875 0.986364 0.005469 0.007299
0 0.321484 0.370147 0.007812 0.009645
0 0.514844 0.432707 0.009766 0.008863
0 0.061523 0.595364 0.006494 0.013033
0 0.545312 0.726218 0.009766 0.016683
0 0.498047 0.747593 0.005469 0.006777
0 0.953125 0.887311 0.004687 0.006777
0 0.834375 0.710057 0.010156 0.015119
0 0.710156 0.694417 0.007422 0.011991
0 0.458594 0.465030 0.008203 0.011991
0 0.102930 0.635506 0.009473 0.010427
0 0.831250 0.960298 0.010156 0.010427
0 0.049561 0.694417 0.007715 0.013033
0 0.814062 0.576074 0.009375 0.014597
0 0.826563 0.836220 0.010156 0.019289
0 0.467969 0.130334 0.005859 0.008602
0 0.121582 0.618302 0.009961 0.014076
0 0.386719 0.945700 0.005859 0.008341
0 0.321680 0.311236 0.008984 0.015119
0 0.269727 0.583894 0.008203 0.011991
0 0.013379 0.768447 0.011542 0.013033
0 0.706250 0.025806 0.012891 0.014988
0 0.157813 0.590672 0.008398 0.009384
0 0.934375 0.093319 0.009375 0.011078
0 0.031201 0.626644 0.007495 0.013555
0 0.258203 0.872192 0.005273 0.014597
0 0.826563 0.739252 0.007031 0.007820
0 0.922656 0.963426 0.004687 0.005213
0 0.273242 0.043531 0.007812 0.011209
0 0.651563 0.651668 0.010938 0.017204
0 0.816406 0.873756 0.010938 0.009905
0 0.928125 0.277610 0.008594 0.010948
0 0.744531 0.300028 0.011719 0.016683
0 0.610156 0.295596 0.008984 0.010948
0 0.451172 0.469201 0.010156 0.015119
0 0.676172 0.485883 0.007812 0.008863
0 0.070801 0.459817 0.010596 0.009905
0 0.610547 0.862287 0.008594 0.008863
0 0.447656 0.812239 0.010547 0.013555
0 0.050195 0.634985 0.009912 0.014076
0 0.347656 0.443134 0.009961 0.014597
0 0.849219 0.180121 0.007812 0.012512
0 0.660156 0.375361 0.010547 0.015119
0 0.350781 0.400385 0.007227 0.012512
0 0.342969 0.220785 0.009961 0.015640
0 0.899219 0.294293 0.006250 0.009384
0 0.394727 0.412375 0.008203 0.009384
0 0.830469 0.944657 0.010938 0.011469
0 0.090820 0.607876 0.008350 0.008863
0 0.197363 0.235122 0.010742 0.012512
0 0.450781 0.284909 0.009766 0.011991
0 0.318555 0.384745 0.008203 0.011991
0 0.614062 0.364413 0.011328 0.010687
0 0.769531 0.397778 0.008984 0.012512
0 0.658984 0.447826 0.009375 0.010427
0 0.467969 0.794513 0.007422 0.009384
0 0.246484 0.752806 0.008008 0.009905
0 0.068213 0.150926 0.007129 0.014076
0 0.708203 0.301331 0.009375 0.013815
0 0.524219 0.259103 0.011328 0.014858
0 0.351562 0.219482 0.009180 0.014337
0 0.006488 0.984279 0.008362 0.013555
0 0.552734 0.393086 0.010938 0.014597
0 0.664844 0.460859 0.010547 0.011469
0 0.534375 0.506737 0.009766 0.008341
0 0.921875 0.271876 0.010938 0.005213
0 0.407813 0.992400 0.009375 0.015200
0 0.610547 0.390479 0.009375 0.012512
0 0.058105 0.552614 0.009570 0.008863
0 0.773438 0.895652 0.009375 0.015119
0 0.776563 0.196022 0.008203 0.008341
0 0.241406 0.613610 0.008203 0.010427
0 0.729688 0.840391 0.006641 0.007820
0 0.293164 0.369105 0.007031 0.011209
0 0.988281 0.517163 0.009375 0.017204
0 0.748047 0.870628 0.008594 0.011991
0 0.079980 0.761148 0.010010 0.017204
0 0.753125 0.065036 0.006641 0.007820
0 0.326562 0.379531 0.008398 0.009905
0 0.330859 0.427494 0.006836 0.011469
0 0.904688 0.788257 0.007031 0.010948
0 0.375977 0.784087 0.011719 0.016161
0 0.805469 0.942572 0.007812 0.011469
0 0.876562 0.029586 0.009375 0.010427
0 0.718750 0.687118 0.007422 0.016161
0 0.893750 0.743422 0.012500 0.013033
0 0.268750 0.845604 0.007617 0.011991
0 0.290625 0.740294 0.008789 0.009384
0 0.068750 0.201496 0.008057 0.013033
0 0.406250 0.383702 0.011719 0.014076
0 0.095117 0.195240 0.011133 0.009905
0 0.150586 0.696502 0.008008 0.010948
0 0.039136 0.589108 0.009277 0.013033
0 0.258203 0.661052 0.010937 0.011991
0 0.414844 0.167870 0.010937 0.013033
0 0.434375 0.969682 0.010547 0.011469
0 0.147461 0.653753 0.005371 0.009384
0 0.388867 0.362067 0.008984 0.013033
0 0.084375 0.427494 0.010889 0.011991
0 0.739062 0.561477 0.009766 0.013555
0 0.747656 0.857073 0.008984 0.010427
0 0.801563 0.787736 0.007031 0.008341
0 0.907031 0.168912 0.009375 0.013294
0 0.884375 0.775745 0.011719 0.015119
0 0.780078 0.860201 0.010938 0.010948
0 0.831250 0.919633 0.007031 0.009384
0 0.845312 0.086672 0.008594 0.009384
0 0.932813 0.642284 0.011719 0.011991
0 0.230469 0.314625 0.007617 0.008863
0 0.481250 0.496310 0.007422 0.014076
0 0.082324 0.615174 0.008252 0.011469
0 0.915625 0.327919 0.010938 0.015119
0 0.897656 0.812239 0.004688 0.007820
0 0.421094 0.997614 0.006641 0.004773
0 0.254883 0.579724 0.010547 0.014597
0 0.678125 0.911292 0.010547 0.013555
0 0.401172 0.288819 0.007812 0.008341
0 0.703906 0.212704 0.009766 0.012251
0 0.153418 0.520292 0.008789 0.012512
0 0.251953 0.328962 0.009961 0.010166
0 0.457812 0.436357 0.008984 0.014597
0 0.507812 0.647497 0.009766 0.011991
0 0.568750 0.996571 0.010156 0.006858
0 0.662500 0.446262 0.011328 0.011991
0 0.557031 0.409769 0.010937 0.013555
0 0.200195 0.231994 0.008301 0.009123
0 0.901563 0.620388 0.009375 0.012512
0 0.412891 0.368583 0.008594 0.013294
0 0.840625 0.955084 0.009375 0.009384
0 0.100391 0.976980 0.012402 0.012512
0 0.560156 0.368583 0.009375 0.011209
0 0.307031 0.534889 0.010937 0.013033
0 0.077979 0.650625 0.011133 0.012512
0 0.655078 0.126163 0.011719 0.011730
0 0.941406 0.840391 0.006250 0.006777
0 0.383594 0.319057 0.011133 0.014337
0 0.134277 0.043010 0.010742 0.013294
0 0.496875 0.727782 0.008984 0.011469
0 0.278906 0.413939 0.008203 0.009384
0 0.946094 0.091885 0.009375 0.013815
0 0.034473 0.614132 0.009302 0.011469
0 0.903125 0.798163 0.008594 0.007299
0 0.077539 0.058780 0.011621 0.010948
0 0.603125 0.206448 0.006641 0.007559
0 0.630469 0.615174 0.007031 0.009905
0 0.095313 0.911292 0.010400 0.015640
0 0.910938 0.095404 0.008594 0.016031
0 0.546094 0.468158 0.010547 0.014076
0 0.261328 0.866979 0.009180 0.012512
0 0.560938 0.900865 0.009375 0.010948
0 0.597266 0.461902 0.009375 0.014597
0 0.255078 0.646976 0.010937 0.014597
0 0.526172 0.448347 0.010937 0.014597
0 0.823438 0.821101 0.005469 0.006256
0 0.940625 0.051351 0.011719 0.015770
0 0.253906 0.961340 0.009180 0.014597
0 0.904688 0.144670 0.005469 0.007820
0 0.804688 0.313322 0.007812 0.013294
0 0.889063 0.983236 0.007031 0.008341
0 0.615625 0.093710 0.008984 0.010948
0 0.882812 0.184813 0.010156 0.011469
0 0.973438 0.620388 0.005469 0.006777
0 0.925000 0.264838 0.008594 0.011209
0 0.807813 0.657402 0.007031 0.008341
0 0.400000 0.326877 0.012109 0.013815
0 0.870313 0.842476 0.010937 0.016683
0 0.587500 0.115997 0.011328 0.014597
0 0.582812 0.546358 0.006641 0.006777
0 0.818750 0.930060 0.010938 0.015640
0 0.537891 0.748636 0.007812 0.010427
0 0.077930 0.048354 0.009668 0.010687
0 0.802344 0.669393 0.010547 0.013555
0 0.045752 0.494225 0.005933 0.008863
0 0.565625 0.369626 0.009375 0.010166
0 0.137305 0.611004 0.010840 0.011469
0 0.567969 0.602141 0.006641 0.011469
0 0.669531 0.995267 0.006641 0.009465
0 0.979688 0.837263 0.007031 0.008863
0 0.085645 0.651668 0.007178 0.011469
0 0.894531 0.797641 0.007812 0.010948
0 0.632812 0.886268 0.010547 0.011469
0 0.291406 0.743944 0.009180 0.012512
0 0.889063 0.952999 0.007031 0.009384
0 0.846875 0.193415 0.010156 0.011991
0 0.009583 0.769489 0.008917 0.011991
0 0.283203 0.748114 0.008984 0.010427
0 0.388867 0.212704 0.010938 0.010687
0 0.759375 0.235643 0.009375 0.012251
0 0.696875 0.810153 0.009766 0.013033
0 0.903125 0.750721 0.008594 0.009905
0 0.447656 0.297160 0.008984 0.012773
0 0.398242 0.739252 0.005078 0.007299
0 0.560938 0.915463 0.008203 0.013555
0 0.364844 0.802855 0.011133 0.014076
0 0.850000 0.645412 0.008594 0.010948
0 0.559766 0.841433 0.010938 0.011991
0 0.122461 0.552614 0.008398 0.014597
0 0.478125 0.663137 0.010547 0.011991
0 0.301758 0.374318 0.009375 0.009905
0 0.471094 0.379531 0.009375 0.010948
0 0.393750 0.391001 0.008008 0.010948
0 0.893750 0.615174 0.011719 0.010427
0 0.920313 0.980108 0.010156 0.012512
0 0.118555 0.779916 0.009863 0.013033
0 0.455469 0.674606 0.007422 0.008341
0 0.977344 0.068555 0.010938 0.010818
0 0.716406 0.693374 0.008203 0.011991
0 0.935156 0.105570 0.009375 0.010427
0 0.217188 0.369626 0.008789 0.015379
0 0.740625 0.787215 0.004687 0.006256
0 0.844531 0.075593 0.010938 0.011600
0 0.939063 0.470243 0.011719 0.010427
0 0.505859 0.289601 0.008594 0.009905
0 0.297656 0.522898 0.009180 0.008341
0 0.528516 0.602662 0.010156 0.010948
0 0.196094 0.553657 0.011230 0.014076
0 0.881250 0.868543 0.007031 0.009905
0 0.426172 0.719962 0.010937 0.016683
0 0.668359 0.923804 0.010156 0.013555
0 0.614062 0.895652 0.008203 0.010427
0 0.315625 0.852903 0.004883 0.013555
0 0.600781 0.657402 0.007812 0.010427
0 0.475781 0.378489 0.010547 0.010427
0 0.082617 0.671478 0.008398 0.010948
0 0.389258 0.515078 0.008203 0.008863
0 0.295312 0.397257 0.006641 0.008863
0 0.446484 0.391522 0.010938 0.014597
0 0.236328 0.615174 0.010352 0.010948
0 0.842969 0.481191 0.006250 0.008341
0 0.931250 0.244506 0.007031 0.010166
0 0.528516 0.926932 0.010156 0.012512
0 0.077832 0.192372 0.010791 0.012773
0 0.899219 0.363891 0.006250 0.008341
0 0.692969 0.085890 0.012109 0.015901
0 0.690625 0.697545 0.008594 0.009905
0 0.334180 0.980108 0.007422 0.009384
0 0.257422 0.003715 0.007227 0.007429
0 0.907812 0.706408 0.007031 0.009384
0 0.169727 0.565648 0.011816 0.011469
0 0.837500 0.392043 0.012500 0.014076
0 0.167578 0.590150 0.006543 0.009905
0 0.256445 0.229908 0.007031 0.011209
0 0.812500 0.905036 0.011719 0.015119
0 0.306250 0.416025 0.009180 0.010948
0 0.541016 0.579202 0.010156 0.011469
0 0.952344 0.786693 0.009375 0.013555
0 0.842188 0.505694 0.005469 0.007299
0 0.064697 0.497874 0.007910 0.009384
0 0.812500 0.754371 0.011719 0.015640
0 0.743750 0.070380 0.011719 0.012642
0 0.384375 0.212183 0.008594 0.011209
0 0.985937 0.120428 0.005469 0.008081
0 0.544531 0.522377 0.007422 0.008863
0 0.129297 0.780959 0.008691 0.014076
0 0.828125 0.955084 0.010156 0.011469
0 0.544531 0.584937 0.009375 0.009384
0 0.843750 0.967596 0.010938 0.011469
0 0.605469 0.919633 0.008984 0.011469
0 0.411328 0.258060 0.010938 0.013815
0 0.220313 0.310715 0.008984 0.013294
0 0.974219 0.849253 0.006250 0.009384
0 0.555859 0.481191 0.008594 0.013555
0 0.913281 0.295075 0.007812 0.009645
0 0.112695 0.627686 0.008789 0.010427
0 0.462500 0.808068 0.008203 0.010948
0 0.622656 0.899823 0.007422 0.012512
0 0.358203 0.708493 0.009570 0.011469
0 0.257422 0.985322 0.008398 0.012512
0 0.707031 0.368062 0.008203 0.010948
0 0.221875 0.355550 0.009766 0.011730
0 0.559766 0.920676 0.008594 0.014597
0 0.285938 0.857073 0.006055 0.010948
0 0.421875 0.328441 0.009766 0.014337
0 0.216406 0.411333 0.009570 0.012512
0 0.075781 0.460338 0.008154 0.010427
0 0.041943 0.145974 0.010474 0.013294
0 0.745313 0.819537 0.008594 0.011469
0 0.989063 0.871149 0.007031 0.009384
0 0.508594 0.690246 0.009766 0.009905
0 0.147656 0.630814 0.007129 0.007820
0 0.074268 0.197064 0.009961 0.017204
0 0.068262 0.603705 0.007227 0.011991
0 0.027344 0.625601 0.008472 0.012512
0 0.756250 0.047311 0.006641 0.009123
0 0.103418 0.160050 0.009814 0.012773
0 0.561719 0.491097 0.006641 0.007820
0 0.785156 0.742901 0.012109 0.012512
0 0.989063 0.740294 0.007031 0.006777
0 0.866406 0.967596 0.009375 0.013555
0 0.453125 0.206448 0.010156 0.010166
0 0.705469 0.223392 0.009766 0.013555
0 0.760156 0.938401 0.010547 0.015640
0 0.566406 0.472329 0.010547 0.011991
0 0.269336 0.228866 0.008984 0.015901
0 0.425781 0.792949 0.010547 0.013555
0 0.657031 0.319578 0.006641 0.008863
0 0.512891 0.715270 0.010938 0.007299
0 0.015491 0.978023 0.009650 0.011469
0 0.881250 0.997614 0.007812 0.004773
0 0.582031 0.347209 0.008984 0.012773
0 0.732813 0.755934 0.006641 0.007820
0 0.318359 0.369105 0.007227 0.011991
0 0.190820 0.393086 0.010059 0.010427
0 0.144629 0.950913 0.013086 0.011469
0 0.906250 0.056565 0.007031 0.008472
0 0.053223 0.407683 0.012061 0.013033
0 0.783594 0.856552 0.011719 0.014597
0 0.700000 0.805983 0.011328 0.011991
0 0.625000 0.665222 0.008203 0.010948
0 0.455859 0.387873 0.008594 0.014597
0 0.788672 0.853945 0.007812 0.010948
0 0.502344 0.300288 0.012109 0.011209
0 0.912500 0.472329 0.007031 0.009384
0 0.728125 0.715270 0.008594 0.008341
0 0.914062 0.706408 0.011719 0.009384
0 0.076953 0.547401 0.006982 0.007299
0 0.523438 0.587022 0.005859 0.007820
0 0.910938 0.617260 0.008594 0.010948
0 0.518750 0.436878 0.012109 0.013555
0 0.059766 0.515599 0.006885 0.008341
0 0.026440 0.640198 0.009900 0.017725
0 0.871094 0.696502 0.009375 0.010948
0 0.039990 0.449911 0.010132 0.013555
0 0.851562 0.852903 0.010156 0.014076
0 0.467969 0.500481 0.008203 0.008863
0 0.142578 0.827879 0.007324 0.011469
0 0.566406 0.675649 0.009375 0.009905
0 0.710156 0.221828 0.007422 0.014076
0 0.921875 0.277350 0.008594 0.012512
0 0.601562 0.627686 0.005859 0.010948
0 0.508594 0.728825 0.008984 0.012512
0 0.315625 0.874799 0.006250 0.011991
0 0.917188 0.272658 0.007812 0.008602
0 0.758594 0.645412 0.009766 0.013555
0 0.835938 0.089539 0.008594 0.010166
0 0.881250 0.971767 0.011719 0.012512
0 0.355078 0.385787 0.008594 0.009905
0 0.915625 0.260667 0.008594 0.014337
0 0.767969 0.788257 0.007812 0.009905
0 0.987500 0.218960 0.007031 0.010687
0 0.144922 0.517685 0.012891 0.011469
0 0.145313 0.598492 0.010937 0.010948
0 0.032886 0.277350 0.009521 0.011209
0 0.459375 0.604748 0.009766 0.011469
0 0.368359 0.800248 0.010352 0.011469
0 0.136523 0.688682 0.007324 0.009384
0 0.686719 0.912335 0.008594 0.016683
0 0.760156 0.206970 0.005859 0.007559
0 0.785938 0.005148 0.008984 0.010296
0 0.114453 0.768968 0.009863 0.011469
0 0.862500 0.888875 0.008594 0.014597
0 0.427734 0.137372 0.005469 0.006777
0 0.603516 0.898780 0.010156 0.010948
0 0.878125 0.441049 0.007812 0.008341
0 0.460938 0.346687 0.010938 0.014597
0 0.536328 0.503609 0.011719 0.015119
0 0.395312 0.428537 0.009180 0.014076
0 0.259766 0.287776 0.008008 0.006517
0 0.656250 0.819537 0.008594 0.017204
0 0.357031 0.412897 0.008789 0.010948
0 0.603125 0.281781 0.010547 0.014597
0 0.937500 0.042098 0.008594 0.010166
0 0.049414 0.431665 0.006860 0.010427
0 0.210547 0.329483 0.009570 0.008602
0 0.244336 0.286734 0.007812 0.010427
0 0.744531 0.267966 0.007422 0.009645
0 0.721875 0.006028 0.007031 0.012056
0 0.814062 0.338867 0.007031 0.006777
0 0.495313 0.860201 0.007812 0.014076
0 0.631250 0.635506 0.007812 0.011469
0 0.441406 0.961340 0.009766 0.011469
0 0.347656 0.247112 0.009961 0.012251
0 0.114648 0.443134 0.011621 0.013033
0 0.225781 0.371190 0.007617 0.011209
0 0.496094 0.290122 0.009766 0.010427
0 0.942969 0.185334 0.007812 0.013033
0 0.470703 0.718398 0.009375 0.013033
0 0.895313 0.974895 0.008594 0.008341
0 0.665625 0.392565 0.010547 0.012512
0 0.454688 0.216875 0.011328 0.010948
0 0.258203 0.280999 0.008008 0.009123
0 0.119531 0.678777 0.008203 0.011991
0 0.537891 0.750721 0.003906 0.004171
0 0.592969 0.915463 0.009766 0.009384
0 0.567969 0.925889 0.008594 0.009384
0 0.125977 0.767925 0.009082 0.012512
0 0.903906 0.676170 0.007812 0.009384
0 0.223438 0.322185 0.008789 0.010687
0 0.312891 0.364413 0.008789 0.008341
0 0.401563 0.399342 0.008594 0.008863
0 0.735937 0.952999 0.012109 0.017725
0 0.135156 0.564084 0.009473 0.011991
0 0.974219 0.476499 0.006250 0.008863
0 0.406250 0.507779 0.007422 0.009905
0 0.514844 0.357114 0.010938 0.010166
0 0.802344 0.762191 0.009375 0.010427
0 0.184180 0.260667 0.009277 0.010948
0 0.310937 0.352422 0.008008 0.011991
0 0.793750 0.656881 0.009766 0.013033
0 0.966406 0.715270 0.010938 0.014597
0 0.503906 0.729868 0.007031 0.011991
0 0.070703 0.572425 0.005908 0.009384
0 0.264648 0.864372 0.008984 0.004692
0 0.322852 0.381617 0.009375 0.012512
0 0.017065 0.755934 0.006946 0.010427
0 0.266016 0.255454 0.008984 0.010687
0 0.520703 0.405598 0.010156 0.010948
0 0.055957 0.809111 0.007373 0.009905
0 0.178906 0.498395 0.010645 0.014076
0 0.179590 0.035972 0.007031 0.009123
0 0.169922 0.369105 0.009082 0.015640
0 0.083789 0.967596 0.011523 0.014597
0 0.810938 0.552614 0.006250 0.009905
0 0.533594 0.530197 0.006250 0.010427
0 0.516406 0.444177 0.011328 0.011469
0 0.446094 0.769489 0.009375 0.013033
0 0.288281 0.294032 0.008008 0.012251
0 0.525781 0.802855 0.006641 0.008863
0 0.971094 0.736124 0.010938 0.012512
0 0.989844 0.316971 0.009375 0.010948
0 0.235547 0.599534 0.011133 0.012512
0 0.987500 0.459817 0.010156 0.016161
0 0.741406 0.334175 0.006641 0.009123
0 0.956250 0.914420 0.007031 0.010427
0 0.069531 0.459817 0.005615 0.006777
0 0.307813 0.589108 0.007617 0.007820
0 0.853906 0.769489 0.006250 0.007820
0 0.692969 0.066209 0.006641 0.008732
0 0.171875 0.696502 0.011230 0.014076
0 0.565625 0.365455 0.009766 0.009645
0 0.890625 0.739252 0.010156 0.015640
0 0.598047 0.626644 0.007812 0.010948
0 0.592188 0.579724 0.010156 0.015640
0 0.587500 0.913377 0.008984 0.012512
0 0.785938 0.726740 0.006641 0.008863
0 0.156641 0.512471 0.008105 0.015640
0 0.386328 0.401949 0.011523 0.013555
0 0.832031 0.690768 0.007812 0.008341
0 0.620703 0.756977 0.006250 0.006777
0 0.309961 0.552614 0.010547 0.017204
0 0.308594 0.418110 0.009570 0.011991
0 0.814844 0.195500 0.006250 0.007038
0 0.850000 0.506216 0.007031 0.009384
0 0.013904 0.727782 0.008691 0.013033
0 0.913281 0.196804 0.007812 0.008863
0 0.039307 0.442091 0.008862 0.010948
0 0.281641 0.393086 0.008398 0.009905
0 0.024219 0.752806 0.007910 0.010948
0 0.216797 0.398821 0.007227 0.008341
0 0.652344 0.957170 0.008203 0.009384
0 0.829687 0.197846 0.007031 0.008341
0 0.273242 0.222610 0.010156 0.009123
0 0.928125 0.460859 0.010156 0.013033
0 0.602344 0.565126 0.008984 0.008863
0 0.121484 0.649582 0.010645 0.014076
0 0.872656 0.039882 0.009375 0.009775
0 0.940625 0.093579 0.014844 0.016161
0 0.693750 0.935273 0.008203 0.010427
0 0.917188 0.255975 0.007812 0.009905
0 0.086572 0.531761 0.006445 0.007820
0 0.196094 0.249198 0.009375 0.009123
0 0.065771 0.569297 0.007520 0.008341
0 0.236328 0.994485 0.008008 0.011029
0 0.201562 0.322706 0.008105 0.010687
0 0.530859 0.529676 0.007031 0.010948
0 0.258398 0.327398 0.010156 0.010687
0 0.971094 0.115215 0.007812 0.007038
0 0.569531 0.564084 0.006641 0.007820
0 0.803906 0.771574 0.007812 0.012512
0 0.740625 0.950913 0.010937 0.013555
0 0.636328 0.973852 0.006250 0.007299
0 0.294141 0.387351 0.007617 0.011469
0 0.414062 0.363891 0.009375 0.011209
0 0.509766 0.357375 0.010156 0.010427
0 0.968750 0.420195 0.007031 0.010427
0 0.094531 0.159528 0.010303 0.014597
0 0.157129 0.520292 0.009570 0.016161
0 0.377148 0.368583 0.011719 0.016943
0 0.275781 0.413418 0.008984 0.011469
0 0.145508 0.638634 0.008789 0.008341
0 0.082959 0.193676 0.014941 0.014076
0 0.112305 0.307066 0.006934 0.009123
0 0.517969 0.122514 0.006250 0.008602
0 0.782031 0.309672 0.008984 0.014597
0 0.076172 0.273179 0.007568 0.008863
0 0.177051 0.489011 0.008789 0.006777
0 0.349414 0.215832 0.014062 0.019550
0 0.498047 0.226780 0.010938 0.012512
0 0.539062 0.531761 0.008203 0.007820
0 0.898438 0.787215 0.009375 0.010948
0 0.117969 0.621430 0.012012 0.018247
0 0.615625 0.621430 0.008984 0.006256
0 0.135937 0.710578 0.005762 0.009384
0 0.479297 0.729868 0.008594 0.006777
0 0.457031 0.653232 0.008594 0.014597
0 0.021948 0.114172 0.006494 0.007559
0 0.920313 0.826836 0.007812 0.009905
0 0.211719 0.063603 0.006055 0.007429
0 0.485547 0.706929 0.007031 0.007299
0 0.276563 0.221306 0.010547 0.006777
0 0.645312 0.027370 0.009375 0.015770
0 0.469531 0.495267 0.010937 0.016161
0 0.950000 0.797120 0.008594 0.014597
0 0.508203 0.720484 0.008594 0.012512
0 0.510156 0.955084 0.004688 0.006256
0 0.927344 0.658966 0.009375 0.010427
0 0.969531 0.156922 0.007812 0.008341
0 0.451172 0.453561 0.009375 0.013033
0 0.496094 0.723612 0.009375 0.008863
0 0.927344 0.641241 0.009375 0.009905
0 0.550391 0.510907 0.007031 0.009384
0 0.105371 0.403513 0.009180 0.016161
0 0.157617 0.590150 0.004590 0.006256
0 0.832813 0.392043 0.010938 0.013033
0 0.664453 0.584937 0.009375 0.016161
0 0.591406 0.519249 0.010547 0.011469
0 0.710547 0.688161 0.009375 0.019289
0 0.027344 0.595364 0.007410 0.010948
0 0.512109 0.689204 0.010156 0.010427
0 0.389844 0.748114 0.011719 0.015640
0 0.109961 0.062821 0.005371 0.007038
0 0.131543 0.553136 0.008398 0.012512
0 0.956250 0.645412 0.006250 0.011469
0 0.803906 0.316971 0.010937 0.012773
0 0.391797 0.394129 0.011133 0.010948
0 0.003497 0.656881 0.006995 0.008863
0 0.252344 0.317753 0.011523 0.013033
0 0.208594 0.240856 0.011523 0.012512
0 0.607422 0.911292 0.011719 0.009384
0 0.834375 0.807547 0.010156 0.010427
0 0.015015 0.501523 0.009241 0.010948
0 0.901563 0.604748 0.010156 0.011991
0 0.436328 0.959255 0.010937 0.011469
0 0.807813 0.860201 0.007812 0.010948
0 0.661328 0.454603 0.012500 0.016161
0 0.034814 0.114694 0.009961 0.011209
0 0.995313 0.231733 0.007812 0.007820
0 0.376953 0.437921 0.006445 0.007299
0 0.426562 0.371711 0.008203 0.008341
0 0.253516 0.976980 0.007812 0.010427
0 0.059717 0.521334 0.008496 0.010427
0 0.458203 0.431665 0.008594 0.007820
0 0.984375 0.393607 0.007812 0.009384
0 0.326172 0.360242 0.008398 0.010166
0 0.212109 0.333393 0.010742 0.013033
0 0.956250 0.457210 0.007031 0.009384
0 0.466406 0.809111 0.009766 0.013033
0 0.602344 0.637070 0.005469 0.010948
0 0.309180 0.371711 0.009766 0.009645
0 0.135937 0.693374 0.007715 0.011469
0 0.842188 0.088366 0.013281 0.013164
0 0.184180 0.763754 0.005566 0.006256
0 0.124707 0.620388 0.012500 0.018247
0 0.569531 0.531761 0.007812 0.008341
0 0.036719 0.116779 0.004272 0.004953
0 0.467578 0.323227 0.006250 0.008602
0 0.326953 0.383702 0.009766 0.011991
0 0.153711 0.012251 0.004785 0.007690
0 0.269531 0.057607 0.007422 0.009775
0 0.523828 0.547401 0.007031 0.009905
0 0.413281 0.393086 0.010156 0.010948
0 0.603125 0.659488 0.007812 0.012512
0 0.573438 0.678256 0.008594 0.010427
0 0.315430 0.351119 0.012109 0.015640
0 0.481250 0.724133 0.008984 0.010427
0 0.933594 0.460859 0.009375 0.014076
0 0.586719 0.564084 0.006641 0.009905
0 0.622656 0.878969 0.009375 0.006777
0 0.694141 0.702758 0.010156 0.014076
0 0.325781 0.370669 0.009180 0.012773
0 0.842188 0.832049 0.005469 0.007820
0 0.686328 0.958212 0.007812 0.008341
0 0.226367 0.326355 0.009766 0.011209
0 0.406250 0.506737 0.004297 0.005213
0 0.170410 0.377446 0.009570 0.013033
0 0.075195 0.437921 0.007959 0.010427
0 0.358008 0.349294 0.009375 0.008863
0 0.649219 0.399342 0.007031 0.008341
0 0.981250 0.068295 0.010938 0.011600
0 0.587109 0.116779 0.005469 0.005995
0 0.537891 0.614653 0.007031 0.008341
0 0.097070 0.190287 0.010205 0.013294
0 0.912500 0.617781 0.004687 0.005213
0 0.570703 0.622994 0.008594 0.010427
0 0.504687 0.865415 0.009375 0.010948
0 0.914062 0.279435 0.009375 0.012251
0 0.055371 0.809111 0.004443 0.005735
0 0.047681 0.456689 0.006689 0.010427
0 0.925000 0.321142 0.007031 0.009645
0 0.763281 0.373275 0.007422 0.007299
0 0.311719 0.345384 0.006836 0.011991
0 0.218359 0.321142 0.009180 0.011469
0 0.145996 0.705365 0.010352 0.010427
0 0.982813 0.821101 0.008594 0.010427
0 0.694141 0.696502 0.010156 0.013555
0 0.273047 0.035451 0.008594 0.014597
0 0.505469 0.298464 0.010547 0.011991
0 0.455469 0.674606 0.005078 0.005213
0 0.251953 0.574510 0.012500 0.016683
0 0.164355 0.495267 0.008594 0.008863
0 0.072363 0.512993 0.006787 0.008341
0 0.599219 0.899823 0.011328 0.010948
0 0.457812 0.753849 0.007031 0.009905
0 0.261133 0.320099 0.007422 0.011730
0 0.907812 0.280478 0.010156 0.011209
0 0.817969 0.873756 0.006250 0.005735
0 0.230859 0.393607 0.006836 0.010427
0 0.920313 0.542709 0.008594 0.009384
0 0.227734 0.322706 0.011328 0.013294
0 0.834375 0.497874 0.007031 0.007299
0 0.143164 0.629772 0.008203 0.009384
0 0.234375 0.985322 0.012109 0.018768
0 0.276563 0.863329 0.008984 0.005735
0 0.391602 0.935273 0.009375 0.010427
0 0.146094 0.644369 0.008008 0.009384
0 0.107129 0.682426 0.008984 0.010427
0 0.804688 0.838305 0.008594 0.008863
0 0.339258 0.411854 0.008984 0.010948
0 0.748438 0.363370 0.005078 0.006777
0 0.149609 0.581809 0.006543 0.008863
0 0.362695 0.361285 0.007422 0.010687
0 0.127539 0.613089 0.016211 0.015640
0 0.012042 0.966554 0.011023 0.014597
0 0.652344 0.614132 0.006641 0.007299
0 0.729688 0.024242 0.007031 0.008472
0 0.100977 0.186377 0.009863 0.015640
0 0.535156 0.577638 0.011328 0.013033
0 0.617969 0.091233 0.007812 0.009514
0 0.837500 0.080025 0.010156 0.015119
0 0.875781 0.969682 0.010938 0.013555
0 0.542969 0.421238 0.006641 0.008863
0 0.813281 0.990535 0.007812 0.009384
0 0.870313 0.159528 0.010156 0.013815
0 0.453125 0.391001 0.010156 0.015640
0 0.951563 0.661573 0.007031 0.009384
0 0.296094 0.863329 0.009961 0.007820
0 0.997266 0.865415 0.005469 0.008341
0 0.111719 0.638113 0.008594 0.013555
0 0.700391 0.882097 0.007031 0.008341
0 0.823438 0.294554 0.005469 0.007559
0 0.384766 0.060084 0.009570 0.012251
0 0.351367 0.313843 0.006641 0.007038
0 0.564063 0.986364 0.008203 0.014597
0 0.810156 0.840391 0.010938 0.015119
0 0.593750 0.523419 0.012109 0.010948
0 0.463281 0.463466 0.008203 0.012512
0 0.081445 0.050048 0.012061 0.012903
0 0.063525 0.628729 0.010449 0.015119
0 0.310547 0.072465 0.008398 0.011209
0 0.586328 0.026067 0.007031 0.010036
0 0.134277 0.636549 0.008594 0.011469
0 0.036865 0.698066 0.006616 0.009384
0 0.025317 0.037275 0.008313 0.011730
0 0.833594 0.195500 0.009375 0.010948
0 0.286133 0.749678 0.011719 0.013033
0 0.476953 0.235643 0.009375 0.013033
0 0.481250 0.490575 0.007812 0.015640
0 0.824219 0.185074 0.007812 0.012251
0 0.931250 0.092797 0.007031 0.006647
0 0.884375 0.365455 0.007031 0.007559
0 0.674219 0.948828 0.006641 0.009384
0 0.474609 0.468158 0.007031 0.010948
0 0.315625 0.862287 0.005078 0.010948
0 0.986719 0.856552 0.007812 0.009384
0 0.198242 0.505694 0.008203 0.010948
0 0.986719 0.659488 0.006250 0.009384
0 0.603125 0.645412 0.005078 0.012512
0 0.525781 0.795556 0.006641 0.009384
0 0.612500 0.672521 0.009375 0.014076
0 0.761719 0.601098 0.006641 0.010427
0 0.130078 0.668350 0.010645 0.011469
0 0.800000 0.023330 0.008984 0.010427
0 0.616797 0.676692 0.007812 0.010948
0 0.461719 0.812239 0.010156 0.014076
0 0.995117 0.276307 0.009766 0.010166
0 0.592187 0.627686 0.005859 0.012512
0 0.249219 0.631857 0.006836 0.009905
0 0.682813 0.984279 0.008203 0.011469
0 0.725781 0.969682 0.008203 0.011469
0 0.053564 0.545316 0.011523 0.014597
0 0.818750 0.355029 0.007031 0.008602
0 0.569141 0.119907 0.007031 0.010166
0 0.024304 0.623516 0.010962 0.010948
0 0.248828 0.978023 0.008398 0.015640
0 0.112500 0.190287 0.007324 0.010166
0 0.004175 0.463987 0.005603 0.006777
0 0.324219 0.558349 0.007227 0.010427
0 0.503516 0.619866 0.006250 0.011469
0 0.374805 0.289340 0.007031 0.009645
0 0.308594 0.379010 0.009961 0.011469
0 0.473437 0.982194 0.005078 0.007299
0 0.310547 0.404034 0.006836 0.010427
0 0.157031 0.527590 0.009375 0.015640
0 0.596875 0.594321 0.007422 0.011469
0 0.240625 0.623516 0.009961 0.009905
0 0.701172 0.997614 0.007031 0.004773
0 0.217187 0.681905 0.006445 0.008863
0 0.901563 0.615174 0.011719 0.013555
0 0.374414 0.372754 0.012109 0.011730
0 0.536719 0.511429 0.011328 0.013555
0 0.620313 0.996049 0.007031 0.007901
0 0.598437 0.511429 0.008203 0.014597
0 0.354687 0.593278 0.005859 0.008863
0 0.625000 0.614132 0.007812 0.010948
0 0.301563 0.864372 0.010352 0.007820
0 0.686328 0.976980 0.007812 0.014597
0 0.358203 0.397257 0.009570 0.011991
0 0.264844 0.474414 0.007617 0.008341
0 0.411719 0.345645 0.007422 0.011730
0 0.850000 0.890960 0.008594 0.011469
0 0.917188 0.826836 0.010937 0.011991
0 0.105273 0.673564 0.008789 0.010948
0 0.625781 0.463987 0.008203 0.008863
0 0.148242 0.606833 0.008398 0.010948
0 0.002225 0.726740 0.004449 0.009905
0 0.308789 0.862287 0.011328 0.006777
0 0.038110 0.582852 0.010010 0.016161
0 0.676953 0.986364 0.009375 0.011469
0 0.929688 0.979066 0.008594 0.012512
0 0.248633 0.314886 0.011719 0.012512
0 0.053027 0.526547 0.008789 0.010427
0 0.705469 0.242160 0.007422 0.010948
0 0.261914 0.609961 0.008984 0.010948
0 0.668750 0.923804 0.006641 0.007299
0 0.814063 0.257278 0.007812 0.007820
0 0.387695 0.517163 0.004687 0.005735
0 0.801563 0.774703 0.010547 0.011991
0 0.023645 0.763754 0.010815 0.015640
0 0.700781 0.214790 0.010547 0.011209
0 0.357812 0.197586 0.006641 0.007820
0 0.293555 0.632378 0.006641 0.010427
0 0.553125 0.727261 0.006641 0.012512
0 0.027246 0.766361 0.008972 0.008863
0 0.782813 0.447305 0.007812 0.008863
0 0.510938 0.126684 0.009375 0.012773
0 0.142187 0.677213 0.006836 0.011469
0 0.259375 0.594321 0.008398 0.008863
0 0.421094 0.112348 0.007031 0.007299
0 0.624219 0.627686 0.007422 0.010948
0 0.326562 0.538538 0.008398 0.010427
0 0.667969 0.835177 0.006641 0.009905
0 0.929688 0.800248 0.010156 0.009384
0 0.725781 0.787736 0.006641 0.008341
0 0.551172 0.359199 0.007812 0.011209
0 0.274023 0.385787 0.009375 0.009905
0 0.677734 0.971767 0.009375 0.013555
0 0.449609 0.767404 0.010937 0.010948
0 0.795313 0.848732 0.008203 0.007820
0 0.947656 0.840391 0.007812 0.008863
0 0.328516 0.988450 0.007617 0.008341
0 0.831250 0.187159 0.007031 0.013294
0 0.054834 0.618824 0.008008 0.012512
0 0.195508 0.992620 0.008984 0.014597
0 0.954687 0.831007 0.008594 0.009905
0 0.951563 0.898259 0.007812 0.009384
0 0.165527 0.992620 0.008008 0.013555
0 0.985156 0.271094 0.009375 0.009645
0 0.306641 0.073117 0.010742 0.010948
0 0.661328 0.388915 0.012500 0.016683
0 0.294922 0.459817 0.007617 0.008863
0 0.580078 0.555742 0.008594 0.009384
0 0.806250 0.670436 0.010938 0.015119
0 0.142383 0.601098 0.012598 0.013555
0 0.542188 0.782001 0.005859 0.007820
0 0.831250 0.943615 0.007031 0.006256
0 0.617969 0.903993 0.011328 0.016683
0 0.287305 0.750721 0.005078 0.005735
0 0.971094 0.819537 0.009375 0.013033
0 0.799219 0.771574 0.010938 0.014076
0 0.575781 0.682948 0.008984 0.009905
0 0.435938 0.923804 0.006250 0.007299
0 0.669922 0.092406 0.008594 0.010427
0 0.651563 0.413939 0.007031 0.008341
0 0.449219 0.446783 0.008203 0.010427
0 0.639844 0.606833 0.009766 0.010948
0 0.529688 0.446262 0.011328 0.015640
0 0.794531 0.246070 0.006641 0.008081
0 0.608594 0.898780 0.014844 0.015119
0 0.987500 0.216875 0.003906 0.005474