0 0.233984 0.859159 0.008398 0.013033
0 0.258789 0.861244 0.006250 0.011991
0 0.253906 0.860201 0.006055 0.012512
0 0.876562 0.509343 0.010156 0.018768
0 0.247266 0.861244 0.006836 0.009905
0 0.264062 0.861765 0.007031 0.010427
0 0.339063 0.363109 0.007031 0.007299
0 0.140625 0.735602 0.008789 0.012512
0 0.702344 0.818495 0.009766 0.016161
0 0.126270 0.767404 0.011133 0.012512
0 0.225977 0.853945 0.007812 0.011469
0 0.635156 0.434271 0.009766 0.012512
0 0.670313 0.629250 0.006641 0.008341
0 0.211719 0.810153 0.009180 0.013555
0 0.815625 0.578681 0.005469 0.005735
0 0.026318 0.250240 0.008411 0.010948
0 0.225781 0.863329 0.008398 0.009905
0 0.677344 0.597449 0.009375 0.008863
0 0.307422 0.035060 0.010352 0.016943
0 0.046436 0.827879 0.009277 0.015119
0 0.608203 0.705365 0.009375 0.014597
0 0.714844 0.956127 0.008594 0.008341
0 0.610938 0.435835 0.008203 0.011469
0 0.670703 0.606833 0.007812 0.005735
0 0.363281 0.175168 0.011523 0.015119
0 0.683203 0.578681 0.010156 0.015640
0 0.138281 0.930060 0.007520 0.011469
0 0.095215 0.492139 0.009619 0.018247
0 0.332813 0.809632 0.009180 0.014597
0 0.900000 0.986364 0.010156 0.012512
0 0.807813 0.729868 0.006250 0.006777
0 0.308594 0.806504 0.008789 0.008341
0 0.485156 0.435835 0.010156 0.012512
0 0.084766 0.948828 0.007812 0.007299
0 0.489062 0.862287 0.007422 0.009905
0 0.447656 0.041837 0.009375 0.014076
0 0.545313 0.711100 0.006641 0.008863
0 0.583594 0.256496 0.007422 0.008081
0 0.798047 0.694417 0.010156 0.016161
0 0.190234 0.519249 0.009082 0.011469
0 0.014673 0.736645 0.009216 0.019811
0 0.870313 0.522898 0.011719 0.010427
0 0.952344 0.157964 0.010937 0.015640
0 0.639844 0.598492 0.007422 0.007820
0 0.601562 0.693374 0.010156 0.011469
0 0.800781 0.183510 0.010938 0.015379
0 0.514844 0.961340 0.008984 0.011469
0 0.426172 0.296639 0.006250 0.006777
0 0.493750 0.885225 0.007422 0.011469
0 0.774219 0.294554 0.006250 0.008863
0 0.865625 0.809632 0.009375 0.010427
0 0.169727 0.111566 0.008691 0.017986
0 0.601562 0.222088 0.006250 0.007038
0 0.255469 0.535932 0.010352 0.011469
0 0.029346 0.247634 0.006445 0.012773
0 0.856250 0.420195 0.010156 0.016683
0 0.795313 0.247894 0.008203 0.007820
0 0.307813 0.193936 0.010937 0.014337
0 0.679688 0.245548 0.006641 0.008602
0 0.948438 0.163178 0.009375 0.008341
0 0.903125 0.978023 0.012500 0.017725
0 0.272656 0.861765 0.005664 0.014597
0 0.896094 0.968639 0.010938 0.016683
0 0.558594 0.079764 0.005859 0.007038
0 0.903125 0.400385 0.010156 0.016161
0 0.471094 0.457731 0.007422 0.008863
0 0.583984 0.044053 0.009375 0.014206
0 0.210938 0.319057 0.005273 0.007820
0 0.420703 0.593278 0.010156 0.016161
0 0.845313 0.556264 0.011719 0.011469
0 0.362891 0.044444 0.008203 0.012251
0 0.871094 0.463987 0.010938 0.013033
0 0.666797 0.373797 0.006250 0.007299
0 0.505469 0.163438 0.005469 0.007299
0 0.825000 0.570340 0.011719 0.012512
0 0.382422 0.663137 0.006445 0.007820
0 0.420703 0.834656 0.009375 0.013555
0 0.149902 0.735081 0.008008 0.016683
0 0.851562 0.003161 0.007031 0.006321
0 0.142187 0.838305 0.005371 0.006256
0 0.878125 0.098011 0.007031 0.007429
0 0.450000 0.038579 0.011719 0.017204
0 0.267578 0.160832 0.005664 0.007820
0 0.273242 0.858116 0.005078 0.008341
0 0.626953 0.627686 0.010938 0.013033
0 0.302734 0.770010 0.009570 0.012512
0 0.635156 0.025676 0.009766 0.014597
0 0.569922 0.598492 0.009375 0.015119
0 0.200977 0.294032 0.011816 0.014337
0 0.466797 0.973852 0.008594 0.007299
0 0.119141 0.755934 0.008887 0.011991
0 0.102148 0.086020 0.011572 0.011469
0 0.980469 0.722048 0.006250 0.006256
0 0.636719 0.020984 0.010156 0.015119
0 0.623438 0.629250 0.008984 0.013555
0 0.623438 0.121471 0.005078 0.007038
0 0.046387 0.238250 0.005225 0.006777
0 0.882812 0.333393 0.011719 0.011991
0 0.161914 0.750721 0.004004 0.004171
0 0.021729 0.237207 0.008655 0.008081
0 0.133301 0.035842 0.011523 0.015901
0 0.867188 0.796599 0.006250 0.006777
0 0.475781 0.246591 0.006250 0.006777
0 0.759766 0.463987 0.010156 0.014076
0 0.685938 0.629772 0.006250 0.007820
0 0.121387 0.780959 0.009766 0.012512
0 0.125391 0.785129 0.008105 0.011991
0 0.525781 0.333654 0.011328 0.015119
0 0.550000 0.568776 0.012109 0.013555
0 0.597656 0.720484 0.009766 0.011991
0 0.756250 0.566169 0.006641 0.009384
0 0.414844 0.374318 0.011719 0.013033
0 0.878125 0.331308 0.007031 0.009905
0 0.022583 0.252847 0.007849 0.008341
0 0.072949 0.512471 0.009082 0.014597
0 0.878125 0.232515 0.011719 0.012251
0 0.029785 0.240335 0.006567 0.012773
0 0.345117 0.536453 0.008594 0.015640
0 0.665625 0.534889 0.010547 0.013033
0 0.875000 0.331047 0.007031 0.007820
0 0.666797 0.506737 0.004688 0.006777
0 0.356641 0.764276 0.007227 0.009905
0 0.867969 0.447305 0.006250 0.007820
0 0.738672 0.358157 0.011719 0.012251
0 0.263867 0.472850 0.007812 0.007299
0 0.313281 0.051742 0.009180 0.011469
0 0.064697 0.260928 0.010645 0.015119
0 0.015454 0.845604 0.010925 0.013033
0 0.385938 0.514036 0.007227 0.009905
0 0.509375 0.228605 0.010547 0.016161
0 0.576563 0.477542 0.008594 0.009905
0 0.034204 0.227823 0.009424 0.010166
0 0.475000 0.940487 0.007031 0.010427
0 0.660937 0.533325 0.010156 0.011469
0 0.521484 0.181946 0.007812 0.008602
0 0.018042 0.251283 0.007214 0.009384
0 0.601953 0.991578 0.007812 0.008341
0 0.555469 0.494225 0.006250 0.008863
0 0.259766 0.524462 0.008789 0.009905
0 0.645312 0.095404 0.011328 0.014206
0 0.366992 0.044444 0.007813 0.012251
0 0.507812 0.847689 0.005859 0.005735
0 0.391797 0.803897 0.009570 0.016683
0 0.671094 0.609961 0.008984 0.011991
0 0.518750 0.961340 0.011719 0.012512
0 0.804688 0.673564 0.005469 0.006777
0 0.364648 0.710057 0.010937 0.014076
0 0.519531 0.203842 0.008594 0.014858
0 0.184863 0.441049 0.010742 0.013033
0 0.413281 0.395171 0.008594 0.016161
0 0.945312 0.826836 0.009375 0.011469
0 0.331641 0.153272 0.011523 0.014076
0 0.495313 0.678777 0.010938 0.014597
0 0.007111 0.685033 0.011023 0.011991
0 0.714844 0.478063 0.009766 0.011469
0 0.417188 0.752285 0.005078 0.008341
0 0.948438 0.193936 0.005469 0.008081
0 0.851562 0.530718 0.005469 0.006777
0 0.131738 0.738209 0.010352 0.015640
0 0.982031 0.402470 0.007812 0.015119
0 0.421094 0.828400 0.009766 0.014597
0 0.074072 0.929017 0.005762 0.008341
0 0.593750 0.720484 0.010547 0.011991
0 0.646875 0.023981 0.009766 0.009775
0 0.208008 0.719441 0.009766 0.011991
0 0.751172 0.598492 0.007812 0.008341
0 0.162891 0.747593 0.007617 0.010427
0 0.501172 0.856031 0.006250 0.007820
0 0.296875 0.230430 0.005664 0.006517
0 0.420313 0.402470 0.008594 0.013033
0 0.003705 0.744465 0.007410 0.009384
0 0.782812 0.460338 0.006641 0.008341
0 0.698438 0.458253 0.012891 0.014597
0 0.907031 0.980108 0.007812 0.015640
0 0.451953 0.533846 0.010156 0.013033
0 0.642188 0.027109 0.010547 0.014597
0 0.089844 0.938401 0.010352 0.011469
0 0.481641 0.198628 0.010938 0.013815
0 0.618750 0.515599 0.006641 0.009384
0 0.027026 0.947785 0.006189 0.006256
0 0.344727 0.153012 0.008984 0.017204
0 0.512500 0.196022 0.007422 0.008602
0 0.068750 0.515078 0.012451 0.013033
0 0.333203 0.543230 0.010742 0.012512
0 0.608594 0.555742 0.010938 0.013033
0 0.221289 0.871149 0.008594 0.003128
0 0.519531 0.792428 0.010547 0.013033
0 0.097266 0.805983 0.004639 0.006256
0 0.094922 0.216354 0.010156 0.014337
0 0.389063 0.544794 0.008594 0.012512
0 0.425391 0.894609 0.007031 0.011469
0 0.435156 0.195240 0.008594 0.012512
0 0.216211 0.886268 0.006250 0.006777
0 0.520312 0.748636 0.006641 0.007820
0 0.546484 0.312279 0.010156 0.011469
0 0.507031 0.907121 0.006641 0.008341
0 0.206250 0.551050 0.006836 0.009384
0 0.248047 0.230690 0.005469 0.008863
0 0.420313 0.197586 0.010547 0.011209
0 0.931250 0.820580 0.007031 0.008863
0 0.236328 0.856552 0.009961 0.017725
0 0.349219 0.947785 0.005664 0.008341
0 0.657813 0.844561 0.007422 0.009905
0 0.892969 0.253890 0.006250 0.008863
0 0.826563 0.933188 0.007031 0.008341
0 0.934375 0.446262 0.005469 0.006256
0 0.352344 0.163178 0.008008 0.008602
0 0.013403 0.693374 0.007080 0.008863
0 0.719531 0.407683 0.009375 0.016161
0 0.580469 0.997353 0.005469 0.005294
0 0.590234 0.691289 0.007031 0.008341
0 0.461719 0.194979 0.011719 0.015119
0 0.329688 0.401427 0.010352 0.010948
0 0.693750 0.836741 0.007422 0.009384
0 0.532813 0.139196 0.008594 0.008341
0 0.073730 0.336782 0.008252 0.011209
0 0.705469 0.940487 0.005859 0.008341
0 0.186230 0.781480 0.005859 0.008341
0 0.074658 0.668350 0.006641 0.009905
0 0.344922 0.159007 0.008789 0.011730
0 0.850000 0.664180 0.007812 0.011991
0 0.604688 0.808068 0.007422 0.008863
0 0.237891 0.861244 0.010352 0.015640
0 0.142969 0.023981 0.008105 0.010296
0 0.569531 0.555742 0.007031 0.007299
0 0.961719 0.188723 0.006250 0.007299
0 0.612500 0.557306 0.010938 0.013555
0 0.502734 0.816409 0.010937 0.012512
0 0.981250 0.715792 0.007031 0.008341
0 0.073535 0.448347 0.005664 0.007299
0 0.273438 0.885225 0.006055 0.008863
0 0.355078 0.153272 0.008594 0.011469
0 0.584375 0.411333 0.005859 0.007299
0 0.255078 0.524462 0.010742 0.010427
0 0.742969 0.357114 0.009766 0.011469
0 0.490625 0.827879 0.009766 0.011991
0 0.319531 0.051482 0.009961 0.011209
0 0.554688 0.098662 0.008203 0.008602
0 0.113086 0.799205 0.007129 0.008341
0 0.592188 0.706929 0.006250 0.007820
0 0.681250 0.630293 0.008594 0.010427
0 0.470313 0.846647 0.009766 0.016161
0 0.126953 0.795556 0.008984 0.010948
0 0.973438 0.753328 0.006250 0.009384
0 0.810938 0.993663 0.007812 0.010427