0 0.721875 0.934231 0.007031 0.013555
0 0.702344 0.934231 0.008203 0.012512
0 0.727344 0.935273 0.008203 0.012512
0 0.732813 0.935273 0.008203 0.012512
0 0.863281 0.420195 0.006250 0.009384
0 0.195215 0.644369 0.009180 0.016161
0 0.274219 0.676692 0.009180 0.013033
0 0.470313 0.284127 0.008984 0.015901
0 0.715234 0.935273 0.008594 0.012512
0 0.038184 0.637070 0.008252 0.017204
0 0.145020 0.319317 0.008398 0.017204
0 0.776563 0.277350 0.009766 0.016161
0 0.762500 0.193936 0.008203 0.014597
0 0.807813 0.445219 0.008594 0.015119
0 0.363867 0.012251 0.007031 0.008081
0 0.358203 0.276828 0.009766 0.018247
0 0.245312 0.203842 0.006836 0.007559
0 0.289453 0.850817 0.009570 0.017204
0 0.657813 0.146495 0.007422 0.007299
0 0.352344 0.121471 0.006641 0.007038
0 0.204297 0.252065 0.005664 0.012512
0 0.351562 0.900344 0.009570 0.015640
0 0.296094 0.862287 0.009766 0.016683
0 0.694141 0.930060 0.007812 0.013555
0 0.701563 0.434793 0.006641 0.013033
0 0.158887 0.841433 0.009766 0.016161
0 0.978125 0.436357 0.009375 0.016683
0 0.820312 0.114694 0.008594 0.008081
0 0.269531 0.718920 0.007617 0.011469
0 0.331250 0.670436 0.007422 0.011991
0 0.675000 0.485883 0.008984 0.014076
0 0.645312 0.318535 0.008984 0.019550
0 0.643750 0.005213 0.008984 0.010427
0 0.870313 0.419153 0.007031 0.009905
0 0.375000 0.400385 0.008594 0.016161
0 0.233594 0.010296 0.006055 0.008081
0 0.621875 0.043010 0.009766 0.016031
0 0.726953 0.838305 0.009375 0.016683
0 0.734375 0.044444 0.009766 0.018247
0 0.859375 0.353465 0.010156 0.011991
0 0.383203 0.487447 0.009375 0.018768
0 0.532422 0.288819 0.007031 0.009123
0 0.726953 0.620388 0.011719 0.015119
0 0.751563 0.094883 0.007812 0.010296
0 0.150488 0.692332 0.011914 0.014076
0 0.926563 0.258582 0.010156 0.014076
0 0.741406 0.934231 0.005469 0.011469
0 0.719531 0.281260 0.010547 0.015119
0 0.733203 0.510907 0.010938 0.016683
0 0.971094 0.405598 0.006250 0.006777
0 0.964063 0.269008 0.007812 0.008863
0 0.239063 0.886268 0.010938 0.016161
0 0.693359 0.938401 0.008594 0.011469
0 0.254102 0.433229 0.009766 0.013555
0 0.357812 0.035581 0.008398 0.011730
0 0.311133 0.572425 0.008984 0.014076
0 0.873438 0.394129 0.010156 0.014597
0 0.052002 0.471807 0.009253 0.009384
0 0.636719 0.133983 0.011719 0.015379
0 0.860937 0.125120 0.010156 0.012512
0 0.800000 0.085890 0.009766 0.016943
0 0.826563 0.459295 0.010156 0.013555
0 0.650781 0.134765 0.008594 0.013033
0 0.644531 0.234079 0.010547 0.014858
0 0.895313 0.891481 0.010938 0.013555
0 0.060645 0.701716 0.010498 0.018768
0 0.800000 0.600577 0.008984 0.013033
0 0.321680 0.826836 0.010156 0.013033
0 0.898438 0.143628 0.011719 0.011991
0 0.188281 0.176732 0.010254 0.014076
0 0.348047 0.408726 0.009961 0.015119
0 0.059570 0.386309 0.009131 0.013555
0 0.860938 0.193415 0.011719 0.012512
0 0.826563 0.236946 0.007812 0.008863
0 0.702344 0.538538 0.005859 0.006256
0 0.896875 0.508822 0.010156 0.013033
0 0.856250 0.540623 0.008594 0.014597
0 0.820312 0.235643 0.010156 0.010948
0 0.945312 0.626644 0.007031 0.013033
0 0.142578 0.292990 0.008594 0.012512
0 0.113477 0.823708 0.007422 0.008863
0 0.285938 0.227041 0.009570 0.017204
0 0.697656 0.632900 0.008984 0.013555
0 0.242578 0.281260 0.009570 0.015119
0 0.181543 0.250501 0.010352 0.012512
0 0.894531 0.293772 0.010938 0.014597
0 0.914844 0.306023 0.007812 0.008341
0 0.433984 0.009384 0.009375 0.010687
0 0.771094 0.627165 0.008203 0.010427
0 0.230469 0.026067 0.007227 0.014597
0 0.916406 0.118864 0.006250 0.007820
0 0.059961 0.450433 0.009033 0.011991
0 0.842188 0.260146 0.009375 0.010166
0 0.280859 0.814324 0.010352 0.011991
0 0.253516 0.323227 0.005469 0.008602
0 0.658594 0.876884 0.010547 0.016161
0 0.258594 0.166566 0.010742 0.015640
0 0.704688 0.930060 0.010547 0.017725
0 0.788672 0.336782 0.009375 0.017465
0 0.205859 0.603705 0.011523 0.014597
0 0.932031 0.192894 0.009375 0.014337
0 0.082227 0.913377 0.009180 0.017725
0 0.056396 0.267705 0.012793 0.014076
0 0.184180 0.293511 0.011035 0.013294
0 0.133398 0.406641 0.010449 0.015119
0 0.854688 0.163699 0.010156 0.014597
0 0.626953 0.915463 0.011719 0.014597
0 0.663672 0.026588 0.007812 0.010036
0 0.632812 0.300810 0.010547 0.015640
0 0.467187 0.121992 0.007812 0.011730
0 0.506641 0.019289 0.011719 0.020332
0 0.809375 0.181946 0.011719 0.015901
0 0.378125 0.626644 0.007812 0.014076
0 0.948438 0.510907 0.005469 0.007820
0 0.655469 0.402470 0.012109 0.016161
0 0.843750 0.407683 0.007031 0.009384
0 0.852344 0.098793 0.010938 0.009384
0 0.644141 0.216875 0.010156 0.012512
0 0.678516 0.787736 0.007812 0.010427
0 0.256641 0.520292 0.008789 0.017204
0 0.675781 0.609961 0.011328 0.013033
0 0.987500 0.777830 0.008594 0.011991
0 0.823438 0.272658 0.007031 0.008863
0 0.945312 0.821101 0.010938 0.015640
0 0.837500 0.967596 0.012500 0.014597
0 0.953906 0.625601 0.009375 0.014076
0 0.395117 0.404034 0.010547 0.014597
0 0.793750 0.277350 0.008984 0.014858
0 0.795313 0.046659 0.008984 0.010166
0 0.165527 0.192894 0.009766 0.012251
0 0.626953 0.334697 0.010156 0.013815
0 0.138281 0.336782 0.008887 0.016161
0 0.155469 0.915463 0.006152 0.009384
0 0.722656 0.532803 0.011328 0.014076
0 0.657813 0.123035 0.008984 0.009645
0 0.899219 0.213226 0.006250 0.008081
0 0.653906 0.178296 0.009375 0.011209
0 0.688281 0.402470 0.010547 0.011991
0 0.262500 0.777830 0.009180 0.011469
0 0.786328 0.993182 0.009375 0.013636
0 0.420703 0.301852 0.010156 0.012251
0 0.363281 0.905036 0.006445 0.008341
0 0.187695 0.290644 0.008984 0.015119
0 0.362891 0.936316 0.006836 0.010427
0 0.327734 0.224695 0.010352 0.016161
0 0.249609 0.322706 0.007812 0.010427
0 0.722266 0.580766 0.004687 0.006777
0 0.344922 0.848211 0.009766 0.012512
0 0.732813 0.246070 0.007422 0.012773
0 0.237500 0.392043 0.012305 0.013033
0 0.834375 0.251804 0.010156 0.012773
0 0.600781 0.377446 0.007422 0.010948
0 0.851562 0.789300 0.008594 0.008863
0 0.271289 0.691289 0.010547 0.014076
0 0.729688 0.864372 0.005859 0.006777
0 0.985937 0.135026 0.010156 0.011209
0 0.417969 0.266923 0.010547 0.012251
0 0.909375 0.796077 0.008594 0.008341
0 0.817969 0.378489 0.007812 0.013555
0 0.890625 0.599534 0.010156 0.016161
0 0.826563 0.740294 0.011719 0.013555
0 0.778906 0.203842 0.006641 0.009123
0 0.130664 0.992400 0.011523 0.015200
0 0.770313 0.078591 0.008203 0.011209
0 0.526953 0.493182 0.010156 0.015119
0 0.673438 0.588065 0.010547 0.014597
0 0.842188 0.383702 0.011719 0.008863
0 0.188867 0.585458 0.010156 0.014597
0 0.851562 0.235643 0.009375 0.011730
0 0.064355 0.697024 0.009277 0.015640
0 0.181836 0.961340 0.006738 0.009384
0 0.670703 0.791907 0.010156 0.014597
0 0.701563 0.457731 0.011328 0.015119
0 0.873438 0.488490 0.007031 0.011469
0 0.233984 0.844561 0.010352 0.013033
0 0.028149 0.752285 0.006250 0.008341
0 0.771094 0.540102 0.008203 0.007820
0 0.758984 0.717356 0.009375 0.013555
0 0.984375 0.254932 0.011719 0.011730
0 0.993750 0.413418 0.007031 0.013555
0 0.818750 0.128248 0.010156 0.014597
0 0.738281 0.526547 0.007031 0.009905
0 0.784375 0.546880 0.008984 0.010427
0 0.858594 0.625601 0.010937 0.011991
0 0.923437 0.070901 0.005469 0.008081
0 0.367969 0.429058 0.011328 0.016683
0 0.349414 0.382659 0.012891 0.013033
0 0.853125 0.493182 0.011719 0.013555
0 0.195312 0.967596 0.011328 0.011469
0 0.319141 0.112087 0.007227 0.009905
0 0.378125 0.281781 0.010742 0.013033
0 0.939844 0.382138 0.009375 0.010427
0 0.082813 0.008602 0.010449 0.017204
0 0.689063 0.803897 0.010156 0.010427
0 0.745313 0.094361 0.010547 0.012512
0 0.919531 0.156661 0.007812 0.009384
0 0.826563 0.762712 0.010156 0.014597
0 0.175977 0.253890 0.009082 0.017725
0 0.702344 0.026718 0.008984 0.012512
0 0.803906 0.168130 0.010937 0.010948
0 0.139453 0.651668 0.011426 0.014076
0 0.733984 0.632900 0.010938 0.013033
0 0.233984 0.531761 0.008203 0.008863
0 0.220313 0.711100 0.011523 0.011991
0 0.262109 0.485883 0.011133 0.011991
0 0.444531 0.836741 0.011328 0.013555
0 0.426562 0.961340 0.007422 0.011469
0 0.778906 0.862287 0.006641 0.008341
0 0.563281 0.501523 0.012109 0.010948
0 0.810156 0.130855 0.009375 0.011730
0 0.788672 0.034929 0.010938 0.014076
0 0.970312 0.989492 0.008594 0.008341
0 0.727344 0.650625 0.008984 0.010427
0 0.835156 0.399863 0.010937 0.014597
0 0.187109 0.149884 0.003613 0.005213
0 0.826563 0.443134 0.008594 0.013033
0 0.206055 0.597449 0.010156 0.019811
0 0.843750 0.136068 0.007031 0.009384
0 0.867188 0.246330 0.005469 0.007820
0 0.684375 0.932145 0.005078 0.009384
0 0.386719 0.616217 0.007422 0.010948
0 0.145703 0.683990 0.010059 0.013033
0 0.216797 0.426451 0.010352 0.013033
0 0.939062 0.374318 0.010156 0.017204
0 0.525000 0.284127 0.007422 0.011991
0 0.684375 0.936316 0.005859 0.014597
0 0.824219 0.312800 0.006250 0.008081
0 0.543750 0.578681 0.012891 0.016161
0 0.198828 0.981151 0.010059 0.012512
0 0.664062 0.106352 0.008594 0.009384
0 0.422266 0.437921 0.010156 0.011991
0 0.942188 0.752285 0.010156 0.010427
0 0.835938 0.459817 0.010156 0.013033
0 0.945312 0.247634 0.007031 0.011209
0 0.317578 0.093579 0.009766 0.016683
0 0.412500 0.333654 0.010156 0.011991
0 0.901563 0.183510 0.009375 0.009905
0 0.901563 0.778873 0.008594 0.010948
0 0.837500 0.747072 0.012500 0.014597
0 0.809375 0.530718 0.009375 0.010427
0 0.921875 0.143367 0.010938 0.010687
0 0.164453 0.411854 0.011719 0.013033
0 0.288281 0.247634 0.007031 0.013555
0 0.909375 0.859680 0.010156 0.012512
0 0.764453 0.149623 0.011719 0.013555
0 0.002816 0.836741 0.005632 0.014597
0 0.938281 0.126684 0.009375 0.011209
0 0.146777 0.344341 0.009961 0.011469
0 0.526563 0.802855 0.007812 0.009905
0 0.959375 0.215832 0.011719 0.015640
0 0.885938 0.284127 0.008594 0.013815
0 0.249609 0.311236 0.007617 0.012773
0 0.773438 0.565126 0.010547 0.010948
0 0.657031 0.384745 0.012109 0.014076
0 0.823438 0.756977 0.009375 0.010948
0 0.466016 0.581809 0.009375 0.008863
0 0.684766 0.961340 0.007031 0.006256
0 0.964063 0.150666 0.010937 0.011730
0 0.615625 0.919633 0.010547 0.015640
0 0.991406 0.723612 0.009375 0.008863
0 0.739844 0.155358 0.009375 0.010687
0 0.689063 0.486926 0.011328 0.016161
0 0.153906 0.177254 0.010059 0.014076
0 0.404688 0.306544 0.009570 0.010687
0 0.921875 0.771574 0.008594 0.011991
0 0.813281 0.404555 0.007812 0.014076
0 0.885156 0.930060 0.009375 0.012512
0 0.647656 0.662616 0.008984 0.014597
0 0.238281 0.188462 0.008594 0.011991
0 0.785156 0.140760 0.009766 0.010427
0 0.732813 0.604748 0.006641 0.006256
0 0.034863 0.845604 0.009497 0.013033
0 0.284375 0.003812 0.007617 0.007625
0 0.331250 0.662094 0.007617 0.016161
0 0.082813 0.480149 0.010791 0.013555
0 0.708594 0.664180 0.008203 0.007820
0 0.632812 0.017986 0.012109 0.013424
0 0.349609 0.295075 0.012305 0.012773
0 0.690234 0.946743 0.008594 0.004171
0 0.667969 0.357375 0.011328 0.009384
0 0.068164 0.039621 0.006396 0.008993
0 0.953125 0.422281 0.010156 0.014076
0 0.337109 0.017465 0.009961 0.014206
0 0.621875 0.212444 0.011328 0.012512
0 0.779688 0.538538 0.009766 0.012512
0 0.219531 0.509865 0.010156 0.013033
0 0.870313 0.502566 0.008594 0.013033
0 0.987500 0.393607 0.007031 0.011469
0 0.793750 0.381617 0.010547 0.010948
0 0.653125 0.477542 0.010547 0.011469
0 0.334375 0.085238 0.009570 0.012382
0 0.890625 0.873235 0.009375 0.012512
0 0.489062 0.293511 0.010547 0.013294
0 0.752344 0.569818 0.007422 0.011469
0 0.711328 0.526547 0.007812 0.011991
0 0.764063 0.077809 0.008984 0.014858
0 0.608203 0.204884 0.009375 0.010948
0 0.080322 0.615696 0.007520 0.010427
0 0.492969 0.873756 0.005859 0.008341
0 0.133789 0.279174 0.008887 0.011469
0 0.053369 0.141803 0.010156 0.013555
0 0.989063 0.400385 0.010156 0.015640
0 0.307031 0.679298 0.006836 0.007299
0 0.976562 0.749678 0.011719 0.011991
0 0.062646 0.478585 0.009570 0.015119
0 0.201367 0.010166 0.010449 0.014597
0 0.288281 0.751764 0.011523 0.016161
0 0.875000 0.927975 0.008594 0.012512
0 0.029980 0.851860 0.007666 0.009905
0 0.301953 0.565126 0.009570 0.011991
0 0.366602 0.315928 0.010937 0.011730
0 0.894531 0.873756 0.012500 0.014597
0 0.951563 0.270051 0.008594 0.010687
0 0.614844 0.335218 0.010156 0.012251
0 0.956250 0.130594 0.007812 0.013033
0 0.971875 0.378489 0.009375 0.013033
0 0.646875 0.372233 0.008984 0.008863
0 0.687109 0.792949 0.010156 0.011469
0 0.525781 0.113651 0.011719 0.010687
0 0.196387 0.032192 0.010742 0.013815
0 0.708594 0.434271 0.010156 0.012512
0 0.286914 0.799727 0.010547 0.015119
0 0.763281 0.913377 0.010938 0.011469
0 0.728125 0.660530 0.010547 0.010427
0 0.945312 0.093319 0.010938 0.011078
0 0.957813 0.753328 0.010938 0.015640
0 0.360938 0.303938 0.009180 0.012251
0 0.184375 0.147538 0.010645 0.010948
0 0.932813 0.870628 0.010937 0.012512
0 0.732812 0.585980 0.010547 0.013033
0 0.347070 0.851860 0.010156 0.014597
0 0.476172 0.423323 0.011719 0.015119
0 0.395703 0.284648 0.010156 0.011209
0 0.629687 0.362327 0.008984 0.009384
0 0.845312 0.140760 0.010156 0.012773
0 0.777344 0.606833 0.012109 0.014597
0 0.789844 0.194458 0.011328 0.013294
0 0.850000 0.507779 0.007812 0.009905
0 0.724219 0.657924 0.010156 0.013033
0 0.178906 0.036624 0.010059 0.011469
0 0.641406 0.400385 0.009766 0.010948
0 0.505469 0.313322 0.010156 0.012773
0 0.458984 0.128509 0.010156 0.013033
0 0.386328 0.624558 0.007617 0.013555
0 0.735156 0.540102 0.007812 0.010427
0 0.207617 0.506737 0.008203 0.009905
0 0.039233 0.858116 0.008594 0.009384
0 0.759375 0.640720 0.008594 0.008341
0 0.939063 0.986364 0.011719 0.018768
0 0.886719 0.279435 0.007812 0.014858
0 0.558984 0.499438 0.009375 0.010427
0 0.358984 0.093710 0.010156 0.012773
0 0.216016 0.711100 0.009570 0.011469
0 0.668750 0.071162 0.012109 0.012903
0 0.753906 0.621430 0.007422 0.011469
0 0.160156 0.412897 0.010254 0.012512
0 0.521094 0.320360 0.010547 0.014076
0 0.609766 0.325834 0.011719 0.015640
0 0.152148 0.009905 0.011133 0.012121
0 0.244531 0.221567 0.011328 0.013815
0 0.068457 0.447305 0.008252 0.014076
0 0.539844 0.297682 0.010547 0.010427
0 0.937500 0.288298 0.007031 0.011730
0 0.163281 0.251804 0.008789 0.011209
0 0.618750 0.544273 0.007422 0.009384
0 0.671875 0.111566 0.008984 0.016422
0 0.427344 0.833092 0.010938 0.011991
0 0.888281 0.901908 0.007812 0.013033
0 0.097266 0.086281 0.010010 0.011860
0 0.683984 0.403513 0.010937 0.011991
0 0.901563 0.072987 0.007031 0.008341
0 0.378906 0.428537 0.009961 0.014076
0 0.971875 0.814324 0.010937 0.011991
0 0.953125 0.150144 0.008594 0.010687
0 0.863281 0.298203 0.012500 0.013033
0 0.818750 0.709014 0.010938 0.017204
0 0.362109 0.384745 0.010938 0.010427
0 0.477734 0.282042 0.009375 0.010427
0 0.793750 0.169434 0.008594 0.014597
0 0.216992 0.944657 0.005859 0.009384
0 0.494531 0.294032 0.007812 0.011469
0 0.039404 0.037797 0.009302 0.012773
0 0.893750 0.371190 0.010937 0.014858
0 0.239063 0.722569 0.010156 0.012512
0 0.190820 0.318274 0.010937 0.014597
0 0.852344 0.167870 0.010938 0.015640
0 0.337500 0.016943 0.004883 0.005604
0 0.939062 0.259624 0.008594 0.013033
0 0.775781 0.906079 0.006641 0.008341
0 0.884375 0.004301 0.009375 0.008602
0 0.710938 0.693374 0.010547 0.011991
0 0.464844 0.428537 0.010938 0.010948
0 0.882812 0.500481 0.011719 0.011991
0 0.714453 0.299246 0.012500 0.013815
0 0.328906 0.627686 0.010742 0.011991
0 0.626563 0.156400 0.008203 0.009123
0 0.795313 0.230951 0.010547 0.010948
0 0.631250 0.322185 0.008203 0.018247
0 0.744531 0.621430 0.010547 0.013555
0 0.298828 0.210880 0.010742 0.013033
0 0.668750 0.361024 0.012109 0.011469
0 0.331445 0.083153 0.009766 0.012903
0 0.521875 0.114172 0.010156 0.010427
0 0.628516 0.106352 0.009375 0.015249
0 0.367578 0.515078 0.005664 0.008341
0 0.525000 0.062299 0.007422 0.010557
0 0.522656 0.961340 0.007031 0.011469
0 0.430469 0.429579 0.008984 0.013555
0 0.954687 0.026067 0.010938 0.013555
0 0.042432 0.665744 0.009497 0.014597
0 0.799219 0.369105 0.009375 0.013555
0 0.534375 0.960297 0.008984 0.012512
0 0.697266 0.610482 0.011719 0.014597
0 0.241016 0.479627 0.006836 0.009905
0 0.056543 0.138675 0.010400 0.012251
0 0.614844 0.157443 0.008594 0.008081
0 0.141016 0.340953 0.012109 0.015640
0 0.157813 0.185074 0.009668 0.011991
0 0.876562 0.105310 0.007031 0.007559
0 0.787500 0.062039 0.011719 0.014858
0 0.256641 0.470765 0.008789 0.014597
0 0.233594 0.911292 0.011523 0.013555
0 0.353125 0.853945 0.010352 0.011469
0 0.277148 0.812239 0.011719 0.015119
0 0.254688 0.663137 0.011133 0.014076
0 0.918750 0.777831 0.009375 0.010427
0 0.546875 0.775745 0.011328 0.013033
0 0.394531 0.997614 0.007617 0.004773
0 0.651563 0.578160 0.010156 0.013555
0 0.226953 0.212704 0.008008 0.009645
0 0.788281 0.113651 0.008984 0.014858
0 0.417188 0.286734 0.008594 0.010948
0 0.022058 0.811196 0.010229 0.010948
0 0.825781 0.160050 0.007812 0.011730
0 0.163086 0.662094 0.010645 0.016161
0 0.741797 0.571382 0.011719 0.015640
0 0.904688 0.938401 0.007812 0.011469
0 0.467969 0.577638 0.012500 0.014597
0 0.893750 0.931103 0.008594 0.012512
0 0.839063 0.360503 0.008594 0.014076
0 0.260156 0.235122 0.010742 0.013294
0 0.920313 0.477542 0.009375 0.014076
0 0.403516 0.413939 0.010742 0.014076
0 0.916406 0.846647 0.009375 0.013033
0 0.825781 0.328962 0.010938 0.013033
0 0.952344 0.609961 0.010937 0.010948
0 0.655469 0.017986 0.010547 0.014206
0 0.361914 0.310194 0.010156 0.011730
0 0.333594 0.002607 0.011719 0.005213
0 0.601953 0.213486 0.009375 0.011469
0 0.521094 0.882097 0.007422 0.007299
0 0.939063 0.405077 0.007812 0.011469
0 0.796094 0.636028 0.011328 0.012512
0 0.462500 0.102703 0.008203 0.013294
0 0.951563 0.485362 0.011719 0.013555
0 0.272266 0.780959 0.008203 0.012512
0 0.948438 0.128248 0.008594 0.012773
0 0.279102 0.696502 0.008594 0.013033
0 0.881250 0.840391 0.007812 0.010948
0 0.426562 0.059432 0.007422 0.008732
0 0.589844 0.709014 0.010938 0.013033
0 0.903906 0.791907 0.012500 0.011469
0 0.804688 0.282824 0.009766 0.011991
0 0.481250 0.425409 0.012109 0.013033
0 0.851562 0.065558 0.010156 0.013033
0 0.060645 0.379010 0.008643 0.013555
0 0.200195 0.570340 0.010547 0.011991
0 0.846875 0.381617 0.011719 0.011991
0 0.582031 0.385787 0.009375 0.018247
0 0.739844 0.246330 0.011328 0.011469
0 0.407422 0.334697 0.011719 0.013294
0 0.889844 0.895131 0.010937 0.017725
0 0.639844 0.925889 0.011328 0.013555
0 0.613281 0.331047 0.010938 0.015640
0 0.460547 0.118604 0.009375 0.011991
0 0.720313 0.831007 0.009766 0.014597
0 0.444531 0.564084 0.008984 0.013555
0 0.024121 0.481713 0.009570 0.011991
0 0.761719 0.611004 0.010547 0.015119
0 0.265039 0.476499 0.010156 0.009905
0 0.195410 0.571382 0.011523 0.012512
0 0.976562 0.096447 0.007812 0.008863
0 0.803906 0.528633 0.010937 0.011991
0 0.258984 0.750200 0.011719 0.010427
0 0.797656 0.907121 0.009766 0.013033
0 0.460938 0.115215 0.007812 0.008341
0 0.161133 0.192372 0.010645 0.012773
0 0.021558 0.512993 0.011560 0.014597
0 0.365234 0.401427 0.010352 0.017204
0 0.176563 0.261710 0.009570 0.019811
0 0.088623 0.429579 0.010059 0.015119
0 0.624219 0.374318 0.008594 0.011469
0 0.182422 0.274743 0.008984 0.016422
0 0.878125 0.413939 0.010156 0.010948
0 0.170703 0.018768 0.011133 0.014076
0 0.964844 0.892524 0.010938 0.015119
0 0.925781 0.373797 0.007812 0.011469
0 0.664844 0.755413 0.009766 0.011469
0 0.415625 0.298724 0.011328 0.010427
0 0.865625 0.125642 0.010938 0.014337
0 0.040088 0.544273 0.010132 0.014076
0 0.009747 0.765319 0.006189 0.007820
0 0.076855 0.808068 0.007861 0.008341
0 0.641406 0.486926 0.010547 0.010948
0 0.656250 0.452518 0.009766 0.016161
0 0.840625 0.236425 0.008594 0.008863
0 0.787500 0.145713 0.011328 0.014076
0 0.969531 0.251022 0.009375 0.013555
0 0.101074 0.443134 0.009912 0.011991
0 0.892969 0.585980 0.009375 0.015119
0 0.233203 0.717356 0.009570 0.009384
0 0.194336 0.304459 0.010547 0.014076
0 0.137109 0.829443 0.012207 0.013555
0 0.298438 0.121471 0.005469 0.007299
0 0.620703 0.704322 0.008594 0.011469
0 0.080762 0.451475 0.011182 0.013033
0 0.628906 0.561998 0.010938 0.015119
0 0.271875 0.788257 0.009375 0.015640
0 0.626953 0.409247 0.008594 0.009384
0 0.829687 0.076636 0.008594 0.010557
0 0.875000 0.377967 0.008594 0.011469
0 0.732813 0.685554 0.010156 0.014597
0 0.646875 0.508822 0.012109 0.010948
0 0.926563 0.756977 0.007031 0.008341
0 0.247266 0.399863 0.008398 0.008341
0 0.318555 0.969682 0.008984 0.015640
0 0.408203 0.284127 0.009375 0.012512
0 0.805469 0.274222 0.009375 0.014076
0 0.621875 0.100617 0.012891 0.014206
0 0.387891 0.620388 0.008594 0.017204
0 0.854688 0.063603 0.010156 0.014206
0 0.050195 0.704322 0.008350 0.014597
0 0.501953 0.160050 0.010938 0.013815
0 0.023950 0.516121 0.011389 0.012512
0 0.289258 0.252326 0.008984 0.014337
0 0.641406 0.369105 0.010937 0.011209
0 0.968750 0.246070 0.008594 0.015640
0 0.728516 0.541145 0.010938 0.011991
0 0.921875 0.785129 0.009375 0.011469
0 0.564063 0.491097 0.011328 0.009905
0 0.060059 0.474935 0.012939 0.012512
0 0.915625 0.841433 0.007031 0.008341
0 0.221875 0.423323 0.010156 0.013033
0 0.921094 0.406641 0.009375 0.010948
0 0.934375 0.620388 0.010156 0.014076
0 0.815625 0.052655 0.010156 0.013033
0 0.165723 0.318535 0.010352 0.013033
0 0.689844 0.587022 0.010937 0.013033
0 0.323437 0.028543 0.008789 0.014858
0 0.850000 0.087323 0.010156 0.012903
0 0.495313 0.005311 0.008203 0.010622
0 0.951563 0.845604 0.011719 0.016161
0 0.708594 0.938401 0.010156 0.014597
0 0.979688 0.146495 0.006250 0.011209
0 0.843750 0.220003 0.007031 0.012251
0 0.652344 0.567733 0.010156 0.010427
0 0.909375 0.791385 0.008594 0.010427
0 0.794922 0.282563 0.009375 0.012773
0 0.835938 0.494225 0.005469 0.007820
0 0.864063 0.037145 0.010938 0.015119
0 0.832813 0.329744 0.009375 0.014597
0 0.717188 0.652710 0.010547 0.014597
0 0.929688 0.398821 0.007812 0.010427
0 0.840625 0.076115 0.010156 0.009775
0 0.140918 0.827879 0.011133 0.014597
0 0.233203 0.291947 0.009570 0.011209
0 0.670313 0.753849 0.011328 0.011991
0 0.874219 0.203842 0.010937 0.016422
0 0.658594 0.128248 0.009766 0.013815
0 0.041748 0.550008 0.008716 0.012512
0 0.879687 0.047441 0.007812 0.009905
0 0.715625 0.673564 0.009766 0.010948
0 0.612109 0.356332 0.009375 0.014597
0 0.594531 0.544273 0.011328 0.014076
0 0.384180 0.345645 0.010547 0.012773
0 0.014832 0.838305 0.012384 0.015119
0 0.891406 0.910249 0.012500 0.012512
0 0.934375 0.860201 0.011719 0.014076
0 0.956250 0.104788 0.011719 0.013555
0 0.404687 0.404034 0.009766 0.013555
0 0.925000 0.405598 0.011719 0.011991
0 0.233008 0.392043 0.010937 0.013033
0 0.920313 0.957169 0.010156 0.010427
0 0.464063 0.154315 0.008203 0.007299
0 0.876562 0.026458 0.008594 0.014076
0 0.868750 0.631336 0.008594 0.011469
0 0.733594 0.943615 0.011328 0.008341
0 0.854688 0.454603 0.008594 0.013033
0 0.316016 0.962383 0.010547 0.016683
0 0.362891 0.905036 0.008398 0.014597
0 0.768750 0.351901 0.006641 0.010427
0 0.753125 0.082371 0.010547 0.011339
0 0.740234 0.945700 0.007812 0.012512
0 0.807813 0.732996 0.007031 0.009905
0 0.337109 0.309151 0.006836 0.009905
0 0.431250 0.824751 0.008203 0.010427
0 0.051855 0.481713 0.009717 0.009905
0 0.528125 0.946743 0.008984 0.013555
0 0.686719 0.950913 0.008594 0.014597
0 0.983594 0.957170 0.009375 0.009384
0 0.133594 0.581809 0.006543 0.007299
0 0.839063 0.329223 0.008594 0.011469
0 0.957031 0.831007 0.007812 0.007820
0 0.800781 0.235643 0.010547 0.014337
0 0.812500 0.274222 0.008594 0.012512
0 0.086426 0.478585 0.009619 0.014076
0 0.671094 0.572946 0.012891 0.015640
0 0.829687 0.227302 0.010156 0.011469
0 0.821875 0.024242 0.010156 0.011860
0 0.475781 0.411854 0.012891 0.016161
0 0.156641 0.321663 0.008496 0.014858
0 0.454688 0.273961 0.009375 0.008863
0 0.055176 0.710057 0.008057 0.010948
0 0.136914 0.961340 0.010254 0.013555
0 0.436328 0.827879 0.011719 0.014076
0 0.792188 0.033626 0.007422 0.012773
0 0.465234 0.416025 0.010156 0.012512
0 0.764453 0.175168 0.009375 0.012512
0 0.595313 0.480149 0.010938 0.014597
0 0.989063 0.967596 0.009375 0.010427
0 0.813281 0.331569 0.010938 0.010687
0 0.231055 0.627686 0.009766 0.013555
0 0.942188 0.839348 0.010938 0.016683
0 0.410937 0.262752 0.011328 0.016943
0 0.318945 0.457210 0.007422 0.010427
0 0.741406 0.960297 0.007031 0.008341
0 0.882812 0.526026 0.010156 0.011469
0 0.915625 0.966554 0.012500 0.014597
0 0.840625 0.254411 0.009375 0.014337
0 0.807813 0.311758 0.008594 0.016683
0 0.238281 0.623516 0.008008 0.009905
0 0.946875 0.403513 0.011719 0.013033
0 0.251758 0.739252 0.010938 0.011991
0 0.612500 0.686076 0.009375 0.014076
0 0.054395 0.331829 0.006299 0.007820
0 0.265234 0.448347 0.010156 0.010948
0 0.720703 0.945700 0.010156 0.006256
0 0.820312 0.228344 0.010938 0.014858
0 0.933594 0.397257 0.010938 0.013033
0 0.850000 0.300810 0.008594 0.017986
0 0.075586 0.451475 0.009082 0.013033
0 0.829687 0.328962 0.008594 0.011991
0 0.626172 0.704322 0.010156 0.010427
0 0.057813 0.658966 0.008496 0.009905
0 0.639063 0.029977 0.012109 0.015901
0 0.198242 0.425409 0.007910 0.009384
0 0.787500 0.581809 0.012500 0.014076
0 0.845312 0.343038 0.010156 0.012512
0 0.292578 0.639156 0.005859 0.007820
0 0.129688 0.559913 0.006152 0.008863
0 0.907812 0.090191 0.010156 0.011469
0 0.533594 0.019289 0.011328 0.016813
0 0.062939 0.483798 0.009766 0.013033
0 0.742578 0.257018 0.008594 0.009645
0 0.676953 0.493182 0.010156 0.011469
0 0.977344 0.957169 0.010938 0.010427
0 0.982031 0.716313 0.007812 0.009905
0 0.828125 0.428537 0.010156 0.013033
0 0.853125 0.320360 0.009375 0.009905
0 0.194336 0.246070 0.008789 0.013815
0 0.383789 0.541145 0.012109 0.013555
0 0.792188 0.365977 0.010547 0.015379
0 0.880469 0.004399 0.010938 0.008798
0 0.871875 0.435835 0.011719 0.013033
0 0.801563 0.223131 0.010156 0.011209
0 0.696094 0.627686 0.010547 0.016161
0 0.047559 0.037275 0.009253 0.013946
0 0.122852 0.997874 0.006641 0.004252
0 0.217773 0.630814 0.007422 0.008863
0 0.166602 0.187680 0.008887 0.014597
0 0.707031 0.490054 0.009375 0.010948
0 0.260547 0.453561 0.009961 0.016161
0 0.621484 0.692332 0.010937 0.010948
0 0.684375 0.956127 0.005859 0.012512
0 0.203516 0.560956 0.010742 0.012512
0 0.640234 0.593278 0.010938 0.016161
0 0.895313 0.909207 0.010156 0.010427
0 0.754688 0.089409 0.010547 0.015249
0 0.664844 0.096968 0.007422 0.008993
0 0.657422 0.356593 0.009375 0.009645
0 0.475000 0.911292 0.011328 0.013555
0 0.939062 0.395171 0.009375 0.013033
0 0.747656 0.086020 0.013281 0.016292
0 0.664844 0.070641 0.011328 0.014988
0 0.397266 0.398821 0.009570 0.013555
0 0.477734 0.894609 0.010156 0.014076
0 0.358984 0.797641 0.010352 0.011991
0 0.807813 0.758020 0.007812 0.008341
0 0.246094 0.506737 0.012305 0.014076
0 0.865625 0.072335 0.010156 0.012773
0 0.188086 0.992620 0.008984 0.009384
0 0.921875 0.736124 0.010156 0.014597
0 0.407031 0.229387 0.011328 0.012251
0 0.935938 0.175950 0.010156 0.009384
0 0.753516 0.599534 0.010156 0.013033
0 0.937500 0.871149 0.010938 0.012512
0 0.975000 0.375361 0.013281 0.016161
0 0.861719 0.235122 0.010938 0.012251
0 0.044067 0.727782 0.008447 0.016161
0 0.049561 0.710057 0.011206 0.015119
0 0.235938 0.510907 0.007227 0.010427
0 0.755078 0.614132 0.008594 0.015640
0 0.496094 0.965511 0.007031 0.008341
0 0.886719 0.921719 0.009375 0.013555
0 0.963281 0.150666 0.003125 0.004692
0 0.937500 0.120428 0.008594 0.011991
0 0.387891 0.344863 0.010938 0.013033
0 0.768750 0.714749 0.010547 0.013555
0 0.848438 0.060996 0.010156 0.014988
0 0.367188 0.706929 0.007812 0.008863
0 0.780859 0.206709 0.010156 0.010427
0 0.365625 0.305502 0.010156 0.011730
0 0.132812 0.292990 0.009863 0.014076
0 0.019653 0.227302 0.010364 0.012773
0 0.258203 0.697545 0.011719 0.011991
0 0.397656 0.306284 0.009180 0.010948
0 0.145703 0.326616 0.011426 0.016161
0 0.313281 0.260667 0.011523 0.013033
0 0.358594 0.027240 0.009766 0.012512
0 0.644141 0.569818 0.009375 0.014597
0 0.810938 0.052133 0.012500 0.013685
0 0.219531 0.233297 0.008984 0.010948
0 0.764844 0.191069 0.011328 0.016161
0 0.446094 0.569297 0.010547 0.016683
0 0.875781 0.601620 0.007812 0.012512
0 0.732031 0.144410 0.010547 0.011730
0 0.783594 0.535932 0.010547 0.013033
0 0.802344 0.431665 0.008203 0.009905
0 0.228320 0.251804 0.010547 0.016422
0 0.639063 0.445219 0.008984 0.009384
0 0.978125 0.444698 0.011719 0.017725
0 0.275391 0.689725 0.013867 0.017725
0 0.871094 0.389958 0.010938 0.014597
0 0.642188 0.322967 0.012891 0.017204
0 0.347266 0.092276 0.009570 0.010427
0 0.405469 0.306544 0.005078 0.006517
0 0.608594 0.542188 0.008984 0.009905
0 0.580469 0.927975 0.005859 0.009384
0 0.875781 0.115215 0.007812 0.009123
0 0.232227 0.473893 0.010156 0.012512
0 0.803906 0.037536 0.010547 0.012512
0 0.772656 0.589108 0.012109 0.013033
0 0.622656 0.358157 0.011328 0.011730
0 0.451953 0.289862 0.008594 0.008081
0 0.787500 0.808068 0.007812 0.010948
0 0.828125 0.242681 0.013281 0.013033
0 0.884375 0.612568 0.010156 0.011469
0 0.777344 0.118343 0.009766 0.014858
0 0.534375 0.968639 0.009375 0.012512
0 0.788281 0.433750 0.008203 0.009905
0 0.596484 0.137632 0.010937 0.014076
0 0.400391 0.370147 0.011719 0.014076
0 0.614062 0.342517 0.010937 0.017465
0 0.938281 0.270572 0.007812 0.008602
0 0.909375 0.202799 0.011719 0.016422
0 0.102246 0.523941 0.012305 0.014597
0 0.741406 0.712142 0.010547 0.015119
0 0.813281 0.790343 0.007812 0.007820
0 0.041504 0.612046 0.009741 0.015640
0 0.989063 0.070380 0.010156 0.016552
0 0.626563 0.098793 0.009766 0.010557
0 0.035889 0.852903 0.009863 0.011991
0 0.928906 0.479106 0.010937 0.014597
0 0.228320 0.528633 0.012500 0.014076
0 0.779688 0.233297 0.007422 0.008863
0 0.822656 0.766361 0.014063 0.011991
0 0.564063 0.495267 0.013672 0.016683
0 0.676562 0.777309 0.008594 0.010427
0 0.090430 0.069077 0.011279 0.011991
0 0.745313 0.685033 0.011719 0.014597
0 0.563672 0.539581 0.008594 0.008341
0 0.733203 0.158486 0.010938 0.013294
0 0.778125 0.193415 0.008594 0.012251
0 0.778906 0.370147 0.005859 0.009905
0 0.170703 0.596406 0.009473 0.014597
0 0.875000 0.045617 0.010156 0.012773
0 0.984375 0.062560 0.013281 0.015249
0 0.981250 0.392043 0.008594 0.011991
0 0.291211 0.701716 0.010937 0.012512
0 0.271484 0.471286 0.007617 0.013033
0 0.065918 0.475457 0.011621 0.013555
0 0.803906 0.365977 0.012109 0.009123
0 0.946875 0.307066 0.013281 0.013555
0 0.934375 0.826315 0.011719 0.011469
0 0.239453 0.613089 0.008203 0.011469
0 0.987500 0.707972 0.008594 0.010427
0 0.004047 0.877927 0.008093 0.007820
0 0.726562 0.598492 0.008984 0.006777
0 0.640234 0.587022 0.010938 0.015119
0 0.729688 0.787736 0.008203 0.011469
0 0.042188 0.362327 0.009863 0.015640
0 0.316797 0.581809 0.007422 0.009905
0 0.519531 0.040794 0.010156 0.012251
0 0.804688 0.329744 0.010156 0.013033
0 0.857813 0.190808 0.011719 0.015379
0 0.953906 0.729868 0.009375 0.011991
0 0.490234 0.491097 0.010938 0.011991
0 0.784766 0.874799 0.011719 0.011469
0 0.826563 0.757499 0.014063 0.020853
0 0.375586 0.762190 0.007031 0.009384
0 0.928125 0.826836 0.011719 0.010948
0 0.979688 0.560434 0.005469 0.010427
0 0.225391 0.521856 0.010938 0.013555
0 0.216992 0.604748 0.008984 0.013555
0 0.978125 0.073508 0.008594 0.008472
0 0.466406 0.111566 0.010156 0.013555
0 0.629687 0.313322 0.010937 0.014597
0 0.457812 0.927975 0.012109 0.014597
0 0.194727 0.253890 0.009082 0.015379
0 0.519531 0.893045 0.011328 0.013555
0 0.669531 0.665744 0.007422 0.009384
0 0.992188 0.787736 0.007031 0.010427
0 0.914062 0.072726 0.007812 0.009775
0 0.941406 0.310194 0.014063 0.016422
0 0.632031 0.328180 0.008594 0.015640
0 0.830469 0.832049 0.006250 0.008863
0 0.569531 0.479627 0.010547 0.014076
0 0.470703 0.963426 0.010938 0.013555
0 0.806250 0.369105 0.010938 0.014597
0 0.439844 0.965511 0.010937 0.015640
0 0.599609 0.479106 0.010156 0.013555
0 0.012769 0.870628 0.010706 0.016683
0 0.910156 0.140239 0.010938 0.009905
0 0.241406 0.644369 0.008008 0.010427
0 0.654688 0.078200 0.005469 0.007168
0 0.965625 0.089278 0.007031 0.009123
0 0.828125 0.634985 0.010156 0.013555
0 0.040918 0.023981 0.012573 0.013424
0 0.723047 0.279956 0.010937 0.015901
0 0.817969 0.206709 0.007812 0.009905
0 0.147363 0.245027 0.010352 0.012773
0 0.812500 0.184031 0.003125 0.004431
0 0.258984 0.463987 0.010547 0.009905
0 0.434766 0.292990 0.010156 0.014597
0 0.633594 0.313582 0.010547 0.015640
0 0.867188 0.351379 0.010156 0.015379
0 0.959375 0.486926 0.010938 0.014076
0 0.596094 0.355550 0.012109 0.015640
0 0.881250 0.072205 0.007812 0.010427
0 0.735156 0.253890 0.012109 0.013815
0 0.457422 0.093319 0.010937 0.014076
0 0.324219 0.200192 0.007227 0.009905
0 0.917969 0.187159 0.010938 0.015901
0 0.637891 0.037927 0.009375 0.013815
0 0.868750 0.433750 0.011719 0.014076
0 0.978125 0.451475 0.011719 0.014597
0 0.065674 0.602662 0.011133 0.015119
0 0.476953 0.270051 0.009375 0.011991
0 0.219141 0.596406 0.008984 0.019289
0 0.606250 0.214268 0.013281 0.012251
0 0.392188 0.494225 0.008984 0.012512
0 0.180859 0.267966 0.008789 0.016943
0 0.887500 0.028934 0.007812 0.010166
0 0.557031 0.824751 0.012109 0.013555
0 0.231250 0.714228 0.011133 0.015119
0 0.613672 0.206448 0.014062 0.012251
0 0.898438 0.790864 0.010938 0.010427
0 0.371289 0.412897 0.009766 0.013555
0 0.728516 0.946743 0.010938 0.007299
0 0.653125 0.372233 0.010547 0.012251
0 0.890625 0.957170 0.010156 0.013555
0 0.215625 0.587022 0.010352 0.014076
0 0.187891 0.681905 0.007715 0.009905
0 0.600781 0.357114 0.012109 0.015901
0 0.909375 0.403513 0.008594 0.009905
0 0.803906 0.440006 0.012500 0.016161
0 0.774219 0.430101 0.005859 0.008341
0 0.196777 0.311758 0.011133 0.017465
0 0.411719 0.298464 0.011719 0.014597
0 0.847656 0.367541 0.010938 0.013815
0 0.828125 0.400906 0.012500 0.015640
0 0.968750 0.064124 0.007031 0.011600
0 0.989844 0.369105 0.009375 0.014337
0 0.900000 0.934231 0.010156 0.011469
0 0.805469 0.625080 0.007812 0.010427
0 0.232813 0.656881 0.008789 0.010948
0 0.671094 0.033756 0.008984 0.010427
0 0.431250 0.088887 0.008203 0.010427
0 0.983594 0.119907 0.010937 0.017465
0 0.812500 0.144931 0.008594 0.010427
0 0.837500 0.750721 0.004687 0.005213
0 0.835938 0.434793 0.008594 0.010427
0 0.776563 0.589629 0.009766 0.011469
0 0.402734 0.395171 0.010352 0.010427
0 0.053320 0.694417 0.010986 0.011991
0 0.701563 0.629772 0.008984 0.015119
0 0.519531 0.316450 0.010547 0.012251
0 0.375781 0.970724 0.009180 0.014597
0 0.133203 0.010427 0.006836 0.008993
0 0.109180 0.791385 0.011621 0.015119
0 0.388281 0.536974 0.010742 0.017725
0 0.835938 0.235643 0.010938 0.011209
0 0.153125 0.223652 0.010840 0.010687
0 0.283984 0.676692 0.009375 0.011991
0 0.810156 0.276828 0.009375 0.014858
0 0.611719 0.299246 0.011328 0.014337
0 0.929688 0.386830 0.007031 0.013033
0 0.339063 0.863329 0.009961 0.014597
0 0.632031 0.005735 0.009766 0.011469
0 0.251172 0.644890 0.008008 0.011469
0 0.108398 0.054219 0.011035 0.012642
0 0.912500 0.089669 0.012500 0.011600
0 0.948438 0.260667 0.008594 0.012773
0 0.037646 0.273179 0.007446 0.010427
0 0.832813 0.432707 0.010156 0.009905
0 0.062793 0.385787 0.010400 0.016161
0 0.397266 0.943615 0.010352 0.014597
0 0.843750 0.407683 0.004687 0.006256
0 0.069482 0.479627 0.009375 0.014597
0 0.996289 0.776267 0.007422 0.010427
0 0.231641 0.720484 0.008789 0.014076
0 0.656250 0.545837 0.009766 0.014597
0 0.826563 0.437921 0.007812 0.014076
0 0.004431 0.978023 0.006372 0.008341
0 0.826563 0.313582 0.009375 0.011991
0 0.701563 0.945700 0.010156 0.006256
0 0.237500 0.875841 0.009570 0.011991
0 0.226953 0.490054 0.011523 0.010948
0 0.004120 0.734560 0.007141 0.010427
0 0.207031 0.588586 0.009570 0.016683
0 0.189648 0.228866 0.010352 0.014597
0 0.973438 0.370669 0.010938 0.015640
0 0.733594 0.460859 0.005859 0.007820
0 0.780859 0.542709 0.010938 0.010427
0 0.953125 0.072726 0.008594 0.008993
0 0.600391 0.139718 0.012500 0.014076
0 0.795313 0.028413 0.008594 0.014076
0 0.351758 0.308108 0.011328 0.012251
0 0.798437 0.137632 0.006641 0.011730
0 0.940625 0.235122 0.009375 0.010948
0 0.825000 0.299767 0.010156 0.013815
0 0.048901 0.854988 0.008740 0.013033
0 0.694531 0.927975 0.005078 0.006256
0 0.219922 0.300288 0.010547 0.013815
0 0.589063 0.468158 0.012109 0.015640
0 0.719531 0.819537 0.007031 0.009905
0 0.274609 0.237728 0.009570 0.013815
0 0.379297 0.505694 0.007617 0.009384
0 0.917188 0.787736 0.013281 0.015640
0 0.353906 0.635506 0.009180 0.010427
0 0.657031 0.112087 0.007812 0.013815
0 0.838281 0.249458 0.014063 0.016683
0 0.193262 0.605790 0.007227 0.011469
0 0.727344 0.571904 0.009766 0.011469
0 0.692969 0.430622 0.010547 0.010948
0 0.290234 0.259103 0.010352 0.010948
0 0.879688 0.040925 0.008594 0.012773
0 0.658594 0.370147 0.008594 0.012512
0 0.163867 0.225477 0.010449 0.012512
0 0.030518 0.575553 0.007910 0.010427
0 0.262891 0.750721 0.003906 0.004692
0 0.832031 0.216354 0.009375 0.010427
0 0.954687 0.245809 0.008594 0.013033
0 0.990625 0.488490 0.010938 0.014597
0 0.030811 0.508822 0.011499 0.014076
0 0.445312 0.466073 0.008203 0.008863
0 0.812500 0.383181 0.010156 0.014597
0 0.485156 0.285952 0.010937 0.011991
0 0.234375 0.724654 0.015430 0.014597
0 0.359570 0.069598 0.006641 0.009775
0 0.162500 0.183510 0.010937 0.011209
0 0.935938 0.259103 0.011719 0.017465
0 0.767969 0.579202 0.010547 0.014597
0 0.942187 0.739773 0.011719 0.011469
0 0.258203 0.739252 0.010547 0.012512
0 0.751562 0.834135 0.008203 0.009905
0 0.739062 0.223131 0.009766 0.010166
0 0.592188 0.607876 0.006641 0.008341
0 0.143359 0.314886 0.010352 0.015119
0 0.045410 0.949871 0.010352 0.010427
0 0.266797 0.737166 0.008398 0.009905
0 0.950000 0.946743 0.008594 0.011469
0 0.419531 0.424366 0.010156 0.010948
0 0.985937 0.410811 0.009375 0.010948
0 0.467578 0.123035 0.004688 0.006256
0 0.300781 0.096316 0.008398 0.009645
0 0.342969 0.089930 0.011523 0.012903
0 0.512109 0.903993 0.011719 0.012512
0 0.914844 0.984279 0.007812 0.011469
0 0.960938 0.058911 0.009375 0.011209
0 0.993750 0.088887 0.007031 0.010427
0 0.638281 0.542188 0.010547 0.012512
0 0.662500 0.088496 0.008594 0.012512
0 0.480469 0.166827 0.007422 0.010166
0 0.112305 0.528633 0.007520 0.010948
0 0.046436 0.832571 0.010229 0.009384
0 0.957813 0.433750 0.008594 0.009905
0 0.855469 0.333133 0.012500 0.012512
0 0.669531 0.359199 0.005859 0.007559
0 0.900781 0.325834 0.009375 0.012251
0 0.232812 0.934231 0.009961 0.011469
0 0.241406 0.738209 0.007227 0.010427
0 0.262891 0.694417 0.015625 0.018768
0 0.676563 0.792428 0.009766 0.016161
0 0.982031 0.460859 0.009375 0.014597
0 0.196387 0.025415 0.011914 0.014076
0 0.942188 0.825793 0.012500 0.020332
0 0.868750 0.120950 0.011719 0.016422
0 0.456250 0.264838 0.010547 0.010948
0 0.531641 0.982194 0.008594 0.009384
0 0.212891 0.582330 0.010937 0.009384
0 0.007135 0.702758 0.007117 0.009384
0 0.716797 0.673042 0.005469 0.006256
0 0.404297 0.467637 0.009570 0.015640
0 0.954687 0.613089 0.010938 0.015640
0 0.726562 0.154315 0.009375 0.011991
0 0.365430 0.041707 0.010156 0.010818
0 0.716406 0.660009 0.011328 0.014597
0 0.318945 0.456689 0.004297 0.005735
0 0.820312 0.123817 0.010938 0.015119
0 0.203320 0.968639 0.010840 0.014597
0 0.992969 0.720484 0.012500 0.014597
0 0.282813 0.703801 0.010742 0.013555
0 0.162109 0.576596 0.006738 0.009905
0 0.645312 0.549486 0.008984 0.009905
0 0.898438 0.016943 0.007812 0.010818
0 0.968750 0.888353 0.011719 0.014076
0 0.013953 0.875841 0.010089 0.011991
0 0.693359 0.588065 0.010156 0.013033
0 0.230664 0.726218 0.008203 0.010427
0 0.907813 0.777830 0.011719 0.014597
0 0.100391 0.408726 0.009814 0.015119
0 0.225781 0.187680 0.008789 0.013815
0 0.137988 0.650625 0.004688 0.004692
0 0.308594 0.077418 0.011133 0.016161
0 0.970312 0.153272 0.009375 0.013033
0 0.066162 0.511429 0.005859 0.008341
0 0.868750 0.952999 0.007812 0.009384
0 0.623438 0.346687 0.010156 0.014076
0 0.097656 0.946743 0.008984 0.010427
0 0.637109 0.016161 0.016406 0.014728
0 0.267383 0.010427 0.007812 0.016031
0 0.161719 0.851860 0.007520 0.009905
0 0.871875 0.495267 0.011719 0.018247
0 0.807031 0.084586 0.009375 0.015901
0 0.839063 0.090973 0.011719 0.012382
0 0.049683 0.908164 0.007178 0.010427
0 0.514844 0.039100 0.010547 0.012903
0 0.705078 0.927975 0.005469 0.006256
0 0.435547 0.834656 0.011719 0.013555
0 0.649609 0.497353 0.007812 0.015119
0 0.275781 0.793992 0.009180 0.013555
0 0.277734 0.804940 0.014258 0.019811
0 0.275195 0.242420 0.008594 0.011730
0 0.225000 0.628729 0.009375 0.013555
0 0.054492 0.705365 0.010254 0.017725
0 0.306055 0.083153 0.009766 0.013815
0 0.326172 0.020853 0.012695 0.017334
0 0.239648 0.220524 0.011719 0.015379
0 0.147070 0.007299 0.011035 0.011339
0 0.853125 0.223131 0.007031 0.012251
0 0.994531 0.810675 0.004687 0.005213
0 0.832813 0.221046 0.010156 0.013815
0 0.471094 0.947785 0.009766 0.010427
0 0.644531 0.667308 0.012109 0.018247
0 0.237695 0.718398 0.012500 0.014076
0 0.084082 0.874799 0.007861 0.007820
0 0.391797 0.186377 0.005273 0.006777
0 0.456250 0.382659 0.010547 0.013033
0 0.962500 0.487447 0.007031 0.010427
0 0.674219 0.314364 0.005859 0.008341
0 0.638281 0.354768 0.007812 0.011469
0 0.221094 0.212704 0.010352 0.015119
0 0.261328 0.011730 0.010742 0.017595
0 0.209375 0.010427 0.007422 0.011078
0 0.875000 0.055783 0.010156 0.013164
0 0.932031 0.192372 0.006250 0.007820
0 0.789062 0.150405 0.012500 0.013555
0 0.676562 0.423323 0.008984 0.008863
0 0.990625 0.710057 0.012500 0.013555
0 0.934375 0.313582 0.010938 0.010948
0 0.833594 0.368583 0.014062 0.015901
0 0.936719 0.278392 0.007812 0.013033
0 0.801563 0.228605 0.012109 0.013033
0 0.006396 0.876884 0.012793 0.011469
0 0.913281 0.186116 0.010937 0.014337
0 0.048877 0.638113 0.008130 0.013555
0 0.943750 0.782001 0.007031 0.009905
0 0.415625 0.427494 0.012891 0.013555
0 0.189844 0.327919 0.010645 0.010427
0 0.772656 0.192894 0.011328 0.012512
0 0.664844 0.110784 0.009766 0.016161
0 0.044043 0.721526 0.009106 0.017204
0 0.878125 0.541145 0.009375 0.009905
0 0.471875 0.102442 0.010156 0.012382
0 0.282227 0.993663 0.007422 0.010427
0 0.794531 0.988450 0.006641 0.008341
0 0.804688 0.323227 0.013281 0.013033
0 0.168359 0.599534 0.011523 0.015119
0 0.846094 0.311497 0.010938 0.008863
0 0.831250 0.761148 0.011719 0.013555
0 0.421875 0.262492 0.010547 0.015119
0 0.578906 0.878969 0.012109 0.016161
0 0.382031 0.493182 0.009570 0.019289
0 0.200781 0.529154 0.009180 0.011469
0 0.842969 0.227823 0.007812 0.011209
0 0.093555 0.474414 0.009424 0.013033
0 0.962500 0.529676 0.007031 0.009905
0 0.775000 0.522377 0.007422 0.010948
0 0.259766 0.015901 0.009961 0.012251
0 0.947656 0.252326 0.010938 0.011209
0 0.914062 0.020593 0.007031 0.006777
0 0.646484 0.532803 0.009375 0.009384
0 0.853906 0.227562 0.009375 0.015640
0 0.455469 0.985322 0.008203 0.010427
0 0.209375 0.216354 0.010352 0.012773
0 0.837500 0.391001 0.014844 0.021375
0 0.142871 0.292468 0.004883 0.008081
0 0.304297 0.915463 0.007812 0.009384
0 0.828906 0.110262 0.009375 0.014076
0 0.665625 0.115997 0.009766 0.014597
0 0.797656 0.577638 0.007812 0.011991
0 0.098340 0.954041 0.008740 0.012512
0 0.349609 0.119386 0.010352 0.012251
0 0.014990 0.590672 0.008997 0.010427
0 0.646094 0.375361 0.011719 0.012512
0 0.403125 0.997614 0.008594 0.004773
0 0.231250 0.017725 0.008789 0.019159
0 0.910156 0.800248 0.009375 0.011469
0 0.821875 0.078982 0.007031 0.012251
0 0.244141 0.693374 0.010352 0.013555
0 0.845312 0.356071 0.013281 0.013815
0 0.901563 0.351901 0.008594 0.010948
0 0.895313 0.062430 0.009375 0.009905
0 0.025635 0.955084 0.007117 0.009384
0 0.659375 0.132940 0.010156 0.013294
0 0.302930 0.703280 0.009766 0.011469
0 0.020081 0.114694 0.007666 0.008081
0 0.194141 0.013815 0.009570 0.010818
0 0.310938 0.074029 0.010742 0.014988
0 0.395117 0.972809 0.008203 0.010427
0 0.817188 0.443134 0.010156 0.015119
0 0.825000 0.427494 0.007812 0.011991
0 0.658594 0.094492 0.010547 0.016943
0 0.694531 0.632900 0.010156 0.017204
0 0.653125 0.168912 0.010937 0.013033
0 0.866406 0.201756 0.014063 0.018507
0 0.632422 0.429579 0.010938 0.012512
0 0.611719 0.411854 0.006250 0.007820
0 0.283984 0.231472 0.012695 0.015640
0 0.771094 0.187941 0.010547 0.012512
0 0.623438 0.111044 0.012891 0.017465
0 0.215625 0.201756 0.011523 0.012773
0 0.261719 0.480670 0.012695 0.018247
0 0.053076 0.845604 0.007983 0.014597
0 0.341797 0.646454 0.006836 0.008863
0 0.816406 0.636549 0.009375 0.010427
0 0.914062 0.957169 0.010156 0.015640
0 0.307813 0.262492 0.011133 0.014597
0 0.878125 0.590150 0.008594 0.008863
0 0.055078 0.498395 0.008691 0.009384
0 0.818750 0.194979 0.009375 0.013294
0 0.650000 0.013946 0.011328 0.014337
0 0.669531 0.792428 0.005078 0.007820
0 0.656250 0.039100 0.008984 0.012642
0 0.714844 0.446262 0.009766 0.009905
0 0.762891 0.150926 0.004688 0.005213
0 0.116895 0.294032 0.009180 0.010687
0 0.951563 0.257800 0.009375 0.013555
0 0.848438 0.641241 0.008594 0.008863
0 0.786328 0.271615 0.011719 0.017465
0 0.546094 0.734560 0.007031 0.009384
0 0.985938 0.959255 0.011719 0.015640
0 0.349219 0.304980 0.012695 0.015119
0 0.827344 0.489011 0.009375 0.007820
0 0.139551 0.279435 0.009180 0.013815
0 0.594531 0.901908 0.007422 0.010427
0 0.623438 0.320621 0.010937 0.017986
0 0.195410 0.980108 0.012305 0.015640
0 0.846875 0.644890 0.008594 0.009384
0 0.256836 0.455646 0.008984 0.018247
0 0.171289 0.655838 0.009082 0.013555
0 0.653906 0.497353 0.010938 0.013555
0 0.736719 0.049918 0.004687 0.005213
0 0.911719 0.796599 0.012500 0.014597
0 0.191797 0.313322 0.016309 0.022417
0 0.935938 0.384223 0.016406 0.017725
0 0.960938 0.088627 0.008594 0.010818
0 0.352344 0.808068 0.012305 0.011991
0 0.697656 0.521856 0.006641 0.008341
0 0.647656 0.399342 0.019141 0.015119
0 0.406250 0.385787 0.009766 0.013033
0 0.502344 0.938401 0.006641 0.007299
0 0.942188 0.195500 0.007031 0.013555
0 0.646875 0.423323 0.007812 0.008863
0 0.993750 0.811196 0.007031 0.009905
0 0.696875 0.435835 0.009766 0.013555
0 0.634766 0.028413 0.010938 0.021505
0 0.819531 0.126163 0.006250 0.007038
0 0.873438 0.398299 0.016406 0.019289
0 0.671875 0.028413 0.008203 0.012642
0 0.473047 0.146234 0.007031 0.010948
0 0.068164 0.471807 0.010156 0.015640
0 0.121289 0.275264 0.009668 0.016683
0 0.325586 0.032844 0.009766 0.014988
0 0.964063 0.264316 0.009375 0.012773
0 0.848438 0.071944 0.012500 0.015640
0 0.020935 0.483798 0.011597 0.014076
0 0.274805 0.786172 0.008594 0.017204
0 0.392188 0.978023 0.008398 0.010427
0 0.835156 0.259103 0.012500 0.012251
0 0.893750 0.292729 0.007031 0.007299
0 0.950000 0.622994 0.013281 0.017725
0 0.717188 0.785129 0.006250 0.008863
0 0.912500 0.853945 0.013281 0.017204
0 0.168750 0.771574 0.007031 0.009905
0 0.729688 0.582852 0.013672 0.014076
0 0.993750 0.228866 0.007031 0.010687
0 0.842188 0.368583 0.014844 0.021635
0 0.935938 0.425409 0.007812 0.010427
0 0.450000 0.211662 0.007422 0.012251
0 0.808594 0.319057 0.010938 0.017204
0 0.427344 0.416025 0.009375 0.008863
0 0.895313 0.509343 0.004687 0.007299
0 0.895313 0.892524 0.005469 0.008863
0 0.945312 0.216614 0.010156 0.014597
0 0.798437 0.037666 0.010547 0.014076
0 0.308984 0.567212 0.011328 0.014076
0 0.203516 0.347209 0.006445 0.007820
0 0.870313 0.487969 0.010937 0.015119
0 0.644531 0.660009 0.010938 0.015119
0 0.978125 0.085499 0.007031 0.009514
0 0.889063 0.237207 0.009375 0.013033
0 0.566016 0.468158 0.012500 0.013033
0 0.682422 0.295857 0.009375 0.011469
0 0.199219 0.228344 0.008984 0.014858
0 0.247461 0.434793 0.012500 0.014076
0 0.467969 0.144410 0.008594 0.013815
0 0.885938 0.603184 0.014063 0.021896
0 0.320898 0.857073 0.010156 0.010948
0 0.339063 0.306023 0.011523 0.016422
0 0.788672 0.117040 0.003906 0.005213
0 0.728125 0.602662 0.011328 0.014076
0 0.781641 0.871671 0.011719 0.014076
0 0.903125 0.017204 0.007031 0.010427
0 0.624609 0.253368 0.007031 0.010687
0 0.348633 0.857073 0.013672 0.014076
0 0.073633 0.026588 0.010352 0.011600
0 0.865625 0.060214 0.010156 0.011991
0 0.921094 0.985322 0.009375 0.010427
0 0.267383 0.473371 0.007422 0.013033
0 0.219531 0.655838 0.008594 0.010948
0 0.856250 0.411854 0.008594 0.013033
0 0.636719 0.016943 0.005469 0.005604
0 0.302539 0.214529 0.011328 0.015119
0 0.881250 0.387873 0.010156 0.013033
0 0.241016 0.446262 0.009180 0.010427
0 0.290234 0.689725 0.009961 0.011469
0 0.270313 0.478063 0.010156 0.015640
0 0.832031 0.527069 0.007812 0.010427
0 0.304883 0.048745 0.009766 0.009645
0 0.510156 0.432707 0.007031 0.008863
0 0.975781 0.740294 0.009375 0.011469
0 0.675781 0.430622 0.009375 0.011991
0 0.901563 0.074811 0.012500 0.011600
0 0.692187 0.414982 0.010156 0.016161
0 0.814063 0.735081 0.007812 0.011991
0 0.104883 0.431665 0.008105 0.009905
0 0.961719 0.181424 0.007812 0.010687
0 0.824219 0.241378 0.007812 0.014337
0 0.954687 0.625601 0.006250 0.008863
0 0.973438 0.072335 0.010938 0.011730
0 0.981250 0.138154 0.010156 0.017986
0 0.822656 0.437921 0.010938 0.016161
0 0.627344 0.039361 0.017578 0.018116
0 0.319141 0.823187 0.012500 0.015640
0 0.281641 0.485883 0.007617 0.010427
0 0.154883 0.365195 0.008594 0.009905
0 0.395898 0.323748 0.008984 0.010687
0 0.408594 0.994225 0.009766 0.011550
0 0.937500 0.172822 0.011719 0.011469
0 0.921875 0.029977 0.007031 0.007168
0 0.046167 0.030498 0.012061 0.012903
0 0.787891 0.150666 0.003906 0.004431
0 0.835938 0.188462 0.009375 0.012512
0 0.057813 0.659488 0.004541 0.006256
0 0.876562 0.279696 0.008594 0.011991
0 0.385352 0.950913 0.010156 0.011469
0 0.844531 0.282563 0.009375 0.009645
0 0.761719 0.640198 0.012891 0.011991
0 0.021143 0.592236 0.010535 0.012512
0 0.185547 0.591193 0.015332 0.016683
0 0.460156 0.585980 0.014844 0.015119
0 0.470703 0.747072 0.006250 0.007299
0 0.992188 0.375361 0.007812 0.010948
0 0.739062 0.760105 0.008203 0.010427
0 0.919531 0.156400 0.004687 0.005474
0 0.803125 0.247112 0.010547 0.011991
0 0.121289 0.936316 0.009570 0.011469
0 0.373242 0.392043 0.011328 0.019289
0 0.416016 0.259103 0.020312 0.017465
0 0.623047 0.238771 0.007031 0.008081
0 0.914062 0.980108 0.010938 0.016683
0 0.610547 0.646454 0.005469 0.007820
0 0.255469 0.449390 0.010547 0.018247
0 0.351562 0.290904 0.016211 0.017725