0 0.721875 0.934231 0.007031 0.013555
0 0.702344 0.934231 0.008984 0.012512
0 0.069092 0.851860 0.009180 0.015640
0 0.732813 0.935273 0.008203 0.012512
0 0.727344 0.935273 0.008203 0.012512
0 0.585156 0.905036 0.005078 0.009384
0 0.610938 0.337303 0.005469 0.007038
0 0.582812 0.342517 0.007422 0.009645
0 0.658594 0.478585 0.008594 0.014076
0 0.425000 0.352943 0.010547 0.017204
0 0.501563 0.409769 0.007812 0.013033
0 0.769141 0.110523 0.008594 0.014597
0 0.052637 0.519249 0.010107 0.014076
0 0.474219 0.677213 0.009375 0.019811
0 0.420313 0.601098 0.009375 0.014597
0 0.500781 0.762190 0.009766 0.017204
0 0.395312 0.658966 0.009180 0.016683
0 0.969531 0.512993 0.006250 0.008341
0 0.714844 0.935273 0.008203 0.012512
0 0.776563 0.326616 0.009766 0.018247
0 0.111328 0.693374 0.007129 0.014076
0 0.882031 0.767404 0.009375 0.018247
0 0.338672 0.332611 0.009180 0.014858
0 0.176563 0.653232 0.006445 0.007299
0 0.087402 0.200974 0.008936 0.019811
0 0.524609 0.492139 0.007812 0.011469
0 0.363672 0.110002 0.008203 0.013815
0 0.094580 0.251283 0.009766 0.016422
0 0.200586 0.044313 0.008691 0.018638
0 0.630469 0.571382 0.008984 0.018768
0 0.181836 0.016683 0.009473 0.016292
0 0.526563 0.944657 0.010156 0.018768
0 0.545313 0.872192 0.006641 0.008341
0 0.084082 0.916505 0.008838 0.014597
0 0.445312 0.042749 0.007812 0.011078
0 0.526563 0.554700 0.007422 0.014076
0 0.482031 0.795556 0.008203 0.017204
0 0.681250 0.341213 0.008984 0.016161
0 0.488281 0.095143 0.007031 0.009384
0 0.788281 0.607876 0.009766 0.017725
0 0.206445 0.501523 0.008203 0.018768
0 0.468750 0.836220 0.008203 0.016683
0 0.507812 0.651146 0.009766 0.017725
0 0.252930 0.884183 0.008594 0.010948
0 0.426172 0.261188 0.010156 0.013815
0 0.325000 0.785129 0.008008 0.017204
0 0.226562 0.793992 0.007227 0.008341
0 0.776563 0.944657 0.009766 0.017725
0 0.562500 0.817452 0.010547 0.012512
0 0.007373 0.133983 0.009283 0.015901
0 0.587500 0.532804 0.008984 0.013033
0 0.251953 0.520813 0.007812 0.008341
0 0.089160 0.235122 0.008643 0.014337
0 0.476562 0.418110 0.012109 0.014076
0 0.625391 0.536974 0.008594 0.018247
0 0.638281 0.552614 0.008984 0.019289
0 0.542578 0.674606 0.007031 0.011991
0 0.282422 0.336782 0.007422 0.007559
0 0.721094 0.552614 0.007422 0.007820
0 0.133203 0.192894 0.009473 0.013294
0 0.782422 0.238250 0.009375 0.010687
0 0.058887 0.509343 0.009326 0.013555
0 0.350000 0.427494 0.009570 0.016161
0 0.621875 0.577638 0.008984 0.014076
0 0.422656 0.661573 0.007422 0.013555
0 0.276563 0.794513 0.009375 0.018247
0 0.774219 0.669393 0.007812 0.015640
0 0.832813 0.301070 0.010156 0.019811
0 0.571094 0.633942 0.009766 0.015119
0 0.358594 0.420195 0.008984 0.016161
0 0.458594 0.509344 0.010156 0.015640
0 0.509766 0.407683 0.008594 0.013033
0 0.510156 0.402470 0.008984 0.015119
0 0.889063 0.458774 0.008594 0.015640
0 0.837500 0.569297 0.008594 0.016161
0 0.029736 0.446783 0.012500 0.015640
0 0.194531 0.961340 0.009082 0.016683
0 0.787891 0.558349 0.011719 0.016683
0 0.483203 0.675649 0.008594 0.011991
0 0.425000 0.809111 0.011328 0.015119
0 0.259766 0.777309 0.006641 0.009384
0 0.182129 0.903993 0.008594 0.016683
0 0.741406 0.933188 0.005859 0.012512
0 0.012891 0.911292 0.009106 0.016683
0 0.779297 0.626644 0.007812 0.011991
0 0.095703 0.194458 0.010498 0.016683
0 0.595703 0.538538 0.007031 0.009384
0 0.771094 0.852903 0.009766 0.015119
0 0.694141 0.930060 0.007812 0.013555
0 0.158203 0.425409 0.009766 0.015119
0 0.100195 0.601620 0.011670 0.017204
0 0.392188 0.111044 0.006445 0.011209
0 0.943750 0.478063 0.007031 0.012512
0 0.764063 0.318274 0.009375 0.014076
0 0.309375 0.801812 0.008398 0.013555
0 0.347656 0.852903 0.006445 0.008863
0 0.800000 0.976980 0.010547 0.016683
0 0.843750 0.319578 0.007812 0.011991
0 0.351953 0.283084 0.011523 0.014858
0 0.104687 0.209837 0.005957 0.008863
0 0.795313 0.896173 0.012109 0.013555
0 0.501172 0.368062 0.011719 0.017204
0 0.434375 0.620909 0.005859 0.007299
0 0.761719 0.107395 0.007812 0.013555
0 0.732813 0.354768 0.008594 0.009905
0 0.025195 0.575553 0.009351 0.016161
0 0.528906 0.630814 0.005859 0.007820
0 0.693359 0.936316 0.008594 0.011469
0 0.926563 0.570340 0.007031 0.007299
0 0.469141 0.110002 0.010937 0.015119
0 0.144043 0.193936 0.010937 0.011991
0 0.435938 0.022417 0.008203 0.012251
0 0.557031 0.848732 0.007422 0.007820
0 0.382422 0.469201 0.011133 0.017204
0 0.181250 0.875841 0.008301 0.018768
0 0.161230 0.550008 0.008984 0.014597
0 0.614063 0.228866 0.011719 0.015901
0 0.201367 0.667308 0.008887 0.010948
0 0.833594 0.828921 0.009375 0.013033
0 0.628516 0.986364 0.006250 0.008341
0 0.050391 0.545316 0.006982 0.009384
0 0.932813 0.886268 0.009375 0.018247
0 0.533203 0.542709 0.007812 0.009384
0 0.200586 0.849775 0.011230 0.016683
0 0.250781 0.960297 0.010938 0.016683
0 0.736719 0.058389 0.012109 0.016031
0 0.089258 0.885225 0.009668 0.015119
0 0.075195 0.975937 0.009912 0.018768
0 0.760156 0.301852 0.009766 0.016683
0 0.080566 0.932145 0.007031 0.014597
0 0.263477 0.918591 0.010547 0.020853
0 0.356445 0.479106 0.009766 0.010427
0 0.733203 0.873756 0.010156 0.015119
0 0.506250 0.503087 0.008203 0.018768
0 0.684375 0.932145 0.005469 0.010427
0 0.896875 0.986364 0.010156 0.017725
0 0.179004 0.698066 0.010352 0.015640
0 0.562500 0.993964 0.007422 0.012072
0 0.435937 0.556785 0.005859 0.008341
0 0.557031 0.543230 0.009766 0.011991
0 0.162109 0.005735 0.008984 0.011469
0 0.384766 0.110002 0.009570 0.013294
0 0.683594 0.594321 0.010938 0.011991
0 0.869531 0.810675 0.009375 0.013555
0 0.282227 0.918591 0.010547 0.016683
0 0.825000 0.938401 0.009375 0.021896
0 0.575781 0.877927 0.010547 0.015119
0 0.111328 0.771053 0.005957 0.008341
0 0.648047 0.574510 0.009375 0.014597
0 0.768750 0.302895 0.008203 0.015119
0 0.070605 0.927975 0.010400 0.013555
0 0.684375 0.961340 0.007031 0.005213
0 0.412500 0.596406 0.007031 0.014076
0 0.034912 0.078200 0.009155 0.016031
0 0.900781 0.208534 0.012500 0.012251
0 0.117969 0.918591 0.008691 0.012512
0 0.425781 0.568254 0.011328 0.015119
0 0.564063 0.802855 0.010938 0.011991
0 0.613672 0.157704 0.008594 0.014076
0 0.951563 0.161874 0.008594 0.015640
0 0.130176 0.937359 0.010547 0.016683
0 0.745313 0.984279 0.008984 0.014597
0 0.438281 0.725697 0.011328 0.015119
0 0.308984 0.220003 0.009961 0.011209
0 0.130859 0.969682 0.008105 0.017725
0 0.275195 0.311758 0.010547 0.014337
0 0.320312 0.112608 0.008789 0.019029
0 0.783594 0.589629 0.011719 0.015640
0 0.778125 0.286473 0.010547 0.016683
0 0.512500 0.218960 0.007812 0.016422
0 0.058203 0.849775 0.010547 0.016161
0 0.491406 0.667308 0.010547 0.015119
0 0.700781 0.568254 0.008203 0.017725
0 0.090527 0.175690 0.011279 0.017204
0 0.458594 0.110262 0.009766 0.012512
0 0.203516 0.110002 0.009375 0.013294
0 0.099707 0.085759 0.009424 0.017725
0 0.645313 0.936316 0.009766 0.013555
0 0.711719 0.826836 0.010547 0.017204
0 0.493750 0.961340 0.008203 0.017725
0 0.720313 0.650625 0.009375 0.011991
0 0.480469 0.404034 0.010547 0.015640
0 0.043359 0.975937 0.009644 0.016683
0 0.702344 0.339389 0.010156 0.008602
0 0.638672 0.218439 0.010156 0.019029
0 0.083301 0.159007 0.010938 0.015119
0 0.485156 0.916505 0.010547 0.012512
0 0.801563 0.672000 0.006641 0.007299
0 0.333203 0.427494 0.010352 0.017725
0 0.956250 0.202799 0.008594 0.020853
0 0.689453 0.234861 0.010938 0.017725
0 0.403516 0.651146 0.007617 0.010427
0 0.196680 0.666265 0.011816 0.012512
0 0.909375 0.326355 0.010937 0.016943
0 0.333203 0.318535 0.010547 0.014337
0 0.233203 0.097750 0.008398 0.010557
0 0.533594 0.668872 0.008984 0.014597
0 0.076807 0.759584 0.010938 0.015640
0 0.076074 0.909207 0.008887 0.016683
0 0.318945 0.603705 0.012109 0.017204
0 0.128711 0.917548 0.011035 0.014597
0 0.639063 0.871149 0.007422 0.007299
0 0.880469 0.819537 0.012500 0.012512
0 0.433594 0.677734 0.011328 0.011991
0 0.524219 0.482755 0.008203 0.017204
0 0.557031 0.649582 0.011328 0.010948
0 0.859375 0.269530 0.009375 0.015901
0 0.588672 0.546880 0.009375 0.016683
0 0.344922 0.875841 0.011328 0.011991
0 0.361523 0.462945 0.010156 0.014597
0 0.590625 0.542188 0.009766 0.015119
0 0.127246 0.759584 0.009375 0.015640
0 0.135937 0.903993 0.011328 0.017204
0 0.868750 0.288298 0.010156 0.014337
0 0.614063 0.549486 0.009766 0.014076
0 0.070215 0.485883 0.010791 0.016683
0 0.059717 0.558870 0.009375 0.011469
0 0.457812 0.069207 0.010937 0.016422
0 0.539844 0.199932 0.010937 0.015640
0 0.825000 0.419153 0.011719 0.014597
0 0.086621 0.899823 0.011816 0.011991
0 0.464453 0.677734 0.010938 0.016161
0 0.708594 0.509865 0.009766 0.014597
0 0.857813 0.363891 0.007031 0.007559
0 0.164648 0.050569 0.010254 0.012121
0 0.821875 0.578681 0.010156 0.012512
0 0.771094 0.285952 0.008594 0.018768
0 0.892187 0.245548 0.009375 0.011730
0 0.891406 0.352943 0.009375 0.015119
0 0.421094 0.865415 0.008594 0.009905
0 0.049146 0.068816 0.012549 0.019029
0 0.422656 0.332611 0.010547 0.015640
0 0.239063 0.986364 0.011328 0.017725
0 0.241797 0.097489 0.007422 0.009384
0 0.982813 0.315928 0.009375 0.014597
0 0.200586 0.869064 0.011328 0.014597
0 0.338086 0.703801 0.009766 0.018247
0 0.588281 0.528112 0.008984 0.015640
0 0.276172 0.236686 0.009180 0.019289
0 0.170898 0.716313 0.011621 0.015119
0 0.721875 0.612046 0.009375 0.016683
0 0.782031 0.905036 0.009766 0.011469
0 0.822656 0.653753 0.009375 0.017725
0 0.485156 0.294554 0.005078 0.011209
0 0.278906 0.347730 0.006445 0.008602
0 0.382031 0.945700 0.009570 0.014597
0 0.907812 0.237989 0.008594 0.010948
0 0.470313 0.294554 0.008594 0.010948
0 0.817969 0.946743 0.012500 0.017725
0 0.253125 0.919633 0.009961 0.017725
0 0.832813 0.276046 0.010938 0.012512
0 0.737891 0.988450 0.010938 0.011469
0 0.962500 0.533846 0.012500 0.017725
0 0.423828 0.017986 0.014062 0.018898
0 0.539453 0.654796 0.007031 0.006256
0 0.537109 0.851860 0.008594 0.018247
0 0.276953 0.262492 0.010352 0.015119
0 0.815625 0.029716 0.011719 0.011730
0 0.762500 0.270312 0.008203 0.019811
0 0.802344 0.440527 0.012109 0.014597
0 0.437500 0.591193 0.012500 0.015119
0 0.951563 0.875841 0.009375 0.011991
0 0.850781 0.326877 0.007812 0.010687
0 0.796094 0.309933 0.007422 0.008341
0 0.813281 0.982194 0.009375 0.012512
0 0.860937 0.298724 0.008594 0.010427
0 0.435156 0.575553 0.008984 0.013555
0 0.639844 0.479627 0.009766 0.009905
0 0.782812 0.980108 0.008203 0.015640
0 0.684375 0.127727 0.009766 0.017986
0 0.945312 0.193415 0.009375 0.014858
0 0.257812 0.510907 0.008984 0.015119
0 0.796094 0.879491 0.005859 0.010427
0 0.452344 0.531240 0.008594 0.007299
0 0.822656 0.887311 0.007812 0.012512
0 0.380469 0.629772 0.009570 0.015119
0 0.762500 0.296378 0.008984 0.016161
0 0.183789 0.528633 0.011035 0.012512
0 0.351953 0.302374 0.009766 0.019289
0 0.051318 0.515078 0.008301 0.015119
0 0.187305 0.545316 0.010059 0.015119
0 0.762500 0.224174 0.008203 0.014597
0 0.080859 0.839348 0.011182 0.016161
0 0.331250 0.686597 0.011523 0.014597
0 0.840625 0.829443 0.005469 0.011469
0 0.203516 0.994706 0.009082 0.010427
0 0.910938 0.342517 0.010938 0.014858
0 0.976562 0.237728 0.011719 0.011209
0 0.462500 0.718920 0.012891 0.015640
0 0.496094 0.654796 0.009375 0.011469
0 0.351172 0.730910 0.009570 0.012512
0 0.453906 0.244506 0.005859 0.006777
0 0.203906 0.450433 0.010645 0.014076
0 0.362109 0.369626 0.009375 0.015640
0 0.070703 0.836220 0.010498 0.011991
0 0.832812 0.530718 0.007812 0.007820
0 0.177246 0.032453 0.010742 0.015901
0 0.746484 0.058389 0.010156 0.012642
0 0.832031 0.887311 0.007812 0.016683
0 0.817969 0.536974 0.006250 0.009905
0 0.893750 0.193415 0.011719 0.014858
0 0.024792 0.937359 0.009448 0.014597
0 0.660937 0.517685 0.010937 0.014597
0 0.277148 0.304720 0.007422 0.015119
0 0.633203 0.644890 0.010156 0.016683
0 0.909375 0.824751 0.010156 0.012512
0 0.333203 0.726740 0.008984 0.010948
0 0.168750 0.465551 0.008105 0.011469
0 0.960938 0.492139 0.008594 0.016683
0 0.453906 0.901908 0.010156 0.013033
0 0.137891 0.242681 0.013184 0.014076
0 0.907031 0.461902 0.009375 0.015640
0 0.135938 0.541666 0.011719 0.014597
0 0.907813 0.339389 0.011719 0.016422
0 0.620313 0.168391 0.007422 0.009123
0 0.537500 0.975937 0.008594 0.012512
0 0.900000 0.177254 0.013281 0.014076
0 0.031445 0.950913 0.010352 0.011469
0 0.051270 0.209576 0.011621 0.015901
0 0.140430 0.786693 0.009082 0.011469
0 0.787500 0.992620 0.013281 0.014597
0 0.667969 0.242942 0.011328 0.013294
0 0.389844 0.898780 0.011133 0.015119
0 0.347852 0.723090 0.008203 0.009384
0 0.525781 0.612568 0.007422 0.008341
0 0.902344 0.302374 0.010938 0.015640
0 0.491406 0.395171 0.009766 0.015119
0 0.720313 0.568254 0.008984 0.013033
0 0.683984 0.936316 0.005469 0.014597
0 0.359375 0.726218 0.010352 0.010427
0 0.235938 0.836741 0.011133 0.014597
0 0.021289 0.254932 0.009509 0.010687
0 0.605469 0.359981 0.009375 0.013033
0 0.575000 0.335739 0.011719 0.014337
0 0.613281 0.587022 0.012500 0.011991
0 0.820312 0.970724 0.010156 0.012512
0 0.867188 0.277350 0.009375 0.015379
0 0.250586 0.777830 0.008594 0.014076
0 0.570312 0.912335 0.010547 0.012512
0 0.503906 0.269269 0.010156 0.018247
0 0.726562 0.861244 0.009766 0.017204
0 0.383398 0.862287 0.010547 0.016161
0 0.550000 0.889396 0.011328 0.015119
0 0.433594 0.401427 0.010547 0.016161
0 0.250781 0.839348 0.008984 0.009905
0 0.112695 0.945700 0.008008 0.014597
0 0.014319 0.266402 0.011224 0.013555
0 0.760156 0.478585 0.010156 0.017725
0 0.545313 0.981151 0.008203 0.012512
0 0.994531 0.509343 0.009375 0.017725
0 0.343555 0.627686 0.008203 0.016161
0 0.606641 0.239032 0.014062 0.019289
0 0.182422 0.783044 0.011914 0.014597
0 0.576563 0.554178 0.010937 0.010427
0 0.177734 0.989492 0.009082 0.012512
0 0.481250 0.106873 0.007422 0.010166
0 0.150293 0.475457 0.011719 0.011469
0 0.418750 0.828400 0.010547 0.017725
0 0.530469 0.972810 0.011328 0.014597
0 0.771875 0.648540 0.008203 0.008863
0 0.782031 0.053437 0.010156 0.017725
0 0.302734 0.812239 0.010742 0.015119
0 0.369922 0.664180 0.011133 0.010948
0 0.741406 0.965511 0.008203 0.011469
0 0.903125 0.930060 0.009375 0.014597
0 0.586719 0.880012 0.008203 0.011991
0 0.619531 0.187420 0.007422 0.008863
0 0.675781 0.521856 0.008203 0.012512
0 0.644531 0.327137 0.011719 0.011991
0 0.614844 0.469722 0.010547 0.018768
0 0.521094 0.534889 0.009766 0.011991
0 0.648828 0.629772 0.011719 0.015119
0 0.262109 0.832049 0.011523 0.010948
0 0.506250 0.856031 0.008203 0.020332
0 0.627344 0.319578 0.010156 0.021114
0 0.865625 0.296378 0.010156 0.014076
0 0.108203 0.917548 0.009863 0.015640
0 0.787500 0.690246 0.007422 0.010948
0 0.127051 0.161874 0.009961 0.016161
0 0.386914 0.820580 0.009375 0.014076
0 0.553125 0.873756 0.007422 0.008863
0 0.704688 0.930060 0.010547 0.016683
0 0.544531 0.536974 0.009375 0.015119
0 0.338477 0.852903 0.010937 0.010948
0 0.531250 0.219742 0.011719 0.011991
0 0.119141 0.172562 0.012793 0.011209
0 0.338672 0.317492 0.009375 0.013294
0 0.865625 0.851860 0.011719 0.013033
0 0.710547 0.545316 0.010938 0.013555
0 0.576563 0.905036 0.008203 0.010427
0 0.921875 0.252586 0.011719 0.015640
0 0.541406 0.377446 0.009375 0.013033
0 0.077832 0.841433 0.009619 0.015119
0 0.875000 0.992620 0.010156 0.013555
0 0.508594 0.728825 0.008594 0.014076
0 0.842188 0.411854 0.008594 0.016161
0 0.868750 0.253108 0.011719 0.016683
0 0.337109 0.478585 0.009766 0.010948
0 0.551953 0.645412 0.011719 0.014076
0 0.308594 0.204884 0.009961 0.015379
0 0.309375 0.102963 0.010156 0.015770
0 0.114258 0.752806 0.012207 0.016683
0 0.176563 0.890960 0.014355 0.013555
0 0.687500 0.594321 0.012891 0.015119
0 0.600391 0.527590 0.009375 0.013033
0 0.875000 0.895652 0.010156 0.016161
0 0.065039 0.553657 0.010352 0.013033
0 0.244531 0.890439 0.009961 0.014597
0 0.979688 0.583894 0.008594 0.015119
0 0.505469 0.548965 0.008984 0.010427
0 0.043750 0.485362 0.011572 0.017725
0 0.900000 0.237207 0.011719 0.012251
0 0.492188 0.546358 0.011328 0.015119
0 0.789844 0.394650 0.010547 0.011469
0 0.945312 0.051612 0.011719 0.017465
0 0.888281 0.428537 0.007812 0.017725
0 0.142383 0.013685 0.008594 0.016422
0 0.501563 0.403513 0.008984 0.018768
0 0.181543 0.482755 0.008203 0.009905
0 0.216406 0.655838 0.006055 0.008863
0 0.443750 0.336000 0.008203 0.014597
0 0.621094 0.042358 0.010547 0.014597
0 0.675000 0.845083 0.012891 0.013555
0 0.148438 0.551572 0.011426 0.015119
0 0.077197 0.252847 0.008398 0.010687
0 0.546094 0.892003 0.010547 0.016683
0 0.431641 0.672521 0.010938 0.018247
0 0.046313 0.934231 0.010107 0.014597
0 0.188574 0.505694 0.010352 0.011469
0 0.334766 0.785129 0.010352 0.014076
0 0.984375 0.381617 0.011719 0.013033
0 0.882812 0.996049 0.008594 0.007901
0 0.552344 0.996310 0.009375 0.007380
0 0.124609 0.856031 0.011230 0.011991
0 0.695312 0.584937 0.012109 0.014076
0 0.840625 0.500481 0.009375 0.015119
0 0.386523 0.143367 0.011328 0.015901
0 0.364063 0.144149 0.010742 0.013033
0 0.874219 0.262231 0.007812 0.013294
0 0.792188 0.888353 0.008984 0.015119
0 0.957813 0.451997 0.009375 0.012512
0 0.823438 0.878448 0.008594 0.015640
0 0.401563 0.402470 0.010938 0.014076
0 0.546484 0.374839 0.010938 0.014597
0 0.580469 0.631857 0.010547 0.011991
0 0.351953 0.407683 0.010742 0.015119
0 0.080713 0.675649 0.011133 0.015119
0 0.762500 0.954041 0.011328 0.012512
0 0.737500 0.346687 0.010156 0.014337
0 0.452344 0.521334 0.008984 0.008863
0 0.494141 0.851860 0.011719 0.014076
0 0.882812 0.265359 0.008594 0.009384
0 0.925781 0.253890 0.010938 0.014858
0 0.718359 0.337564 0.011719 0.011469
0 0.761719 0.560956 0.010938 0.018768
0 0.191992 0.542188 0.010352 0.014076
0 0.538281 0.410290 0.010547 0.012512
0 0.082520 0.817452 0.012158 0.013555
0 0.671875 0.161353 0.008203 0.008341
0 0.237500 0.863329 0.010742 0.011991
0 0.375977 0.938401 0.009766 0.013555
0 0.378516 0.824751 0.007617 0.008863
0 0.787500 0.778873 0.012500 0.015119
0 0.314844 0.219221 0.011133 0.010948
0 0.801563 0.961340 0.012500 0.014597
0 0.007532 0.769489 0.011890 0.016161
0 0.163965 0.100878 0.011523 0.012642
0 0.732422 0.659488 0.010938 0.013555
0 0.817969 0.593278 0.012500 0.013033
0 0.007739 0.251022 0.011383 0.010948
0 0.316797 0.696502 0.011523 0.014597
0 0.457812 0.525505 0.010547 0.014076
0 0.358594 0.785129 0.010937 0.014597
0 0.550781 0.346948 0.011328 0.010427
0 0.710938 0.344341 0.008203 0.008863
0 0.794141 0.920676 0.008594 0.018768
0 0.098535 0.693374 0.007666 0.010427
0 0.246484 0.849775 0.008008 0.009905
0 0.906250 0.944657 0.011719 0.013555
0 0.538281 0.941530 0.010547 0.014597
0 0.751172 0.955084 0.008594 0.017725
0 0.772656 0.618302 0.009766 0.013033
0 0.589063 0.644369 0.012109 0.011991
0 0.262500 0.946743 0.009961 0.013555
0 0.877344 0.431665 0.010938 0.009905
0 0.434375 0.703801 0.005078 0.007820
0 0.205859 0.621430 0.006445 0.008863
0 0.026855 0.292729 0.012354 0.014076
0 0.073730 0.236164 0.007812 0.015119
0 0.361719 0.477542 0.010742 0.012512
0 0.333984 0.738730 0.008984 0.010427
0 0.351758 0.644369 0.012109 0.017204
0 0.503125 0.726218 0.012109 0.013555
0 0.437891 0.664180 0.009375 0.015640
0 0.594531 0.361806 0.009766 0.017725
0 0.601953 0.245027 0.010156 0.015379
0 0.073828 0.242942 0.005811 0.009123
0 0.741016 0.956127 0.006250 0.014597
0 0.377734 0.173083 0.011133 0.014858
0 0.222266 0.913377 0.009375 0.012512
0 0.603125 0.229648 0.010156 0.014076
0 0.864063 0.992620 0.010938 0.013555
0 0.461719 0.105310 0.010547 0.015249
0 0.904688 0.194979 0.010938 0.011469
0 0.617188 0.447826 0.005859 0.008341
0 0.111328 0.519249 0.005957 0.008341
0 0.671484 0.475457 0.009375 0.011469
0 0.865625 0.250501 0.011719 0.015119
0 0.481250 0.969682 0.010547 0.012512
0 0.094727 0.812239 0.009473 0.010427
0 0.497266 0.869585 0.009375 0.010948
0 0.607813 0.888875 0.006250 0.008341
0 0.051855 0.951956 0.011475 0.012512
0 0.860156 0.866979 0.012500 0.011469
0 0.265625 0.286734 0.009961 0.011209
0 0.426953 0.030759 0.010938 0.015119
0 0.475781 0.510907 0.013281 0.011991
0 0.753125 0.777309 0.010547 0.014597
0 0.021973 0.903993 0.009717 0.019289
0 0.970312 0.456689 0.010938 0.009905
0 0.356250 0.236164 0.012109 0.015901
0 0.605469 0.540102 0.009375 0.012512
0 0.683203 0.468158 0.011719 0.014076
0 0.658203 0.840391 0.011719 0.015119
0 0.344141 0.208534 0.007227 0.011991
0 0.982813 0.799205 0.010156 0.015640
0 0.868750 0.913377 0.007031 0.009384
0 0.869531 0.373275 0.010938 0.014076
0 0.343555 0.734560 0.010547 0.013555
0 0.695703 0.102442 0.011719 0.017595
0 0.442969 0.152751 0.008984 0.019289
0 0.695703 0.893045 0.011719 0.014597
0 0.471094 0.499438 0.010547 0.010427
0 0.430859 0.276828 0.010938 0.013033
0 0.526563 0.996049 0.008594 0.007901
0 0.571875 0.322185 0.009766 0.011209
0 0.927344 0.752806 0.007812 0.011469
0 0.208984 0.651146 0.011133 0.014597
0 0.817969 0.693374 0.010938 0.014076
0 0.217578 0.456689 0.006055 0.007820
0 0.701563 0.692332 0.010156 0.010427
0 0.399414 0.897737 0.007422 0.012512
0 0.725000 0.351901 0.008984 0.013815
0 0.225391 0.960298 0.007031 0.010427
0 0.968750 0.244766 0.013281 0.016161
0 0.275391 0.824751 0.011328 0.011991
0 0.066406 0.024503 0.009375 0.014728
0 0.161816 0.473371 0.012891 0.012512
0 0.307031 0.019420 0.006836 0.010948
0 0.239844 0.610482 0.010352 0.014597
0 0.845312 0.815367 0.008594 0.010948
0 0.654688 0.623516 0.016797 0.020332
0 0.528906 0.309672 0.009766 0.016943
0 0.145215 0.827879 0.009375 0.018768
0 0.832813 0.866457 0.010156 0.009905
0 0.917188 0.811196 0.009375 0.016161
0 0.870313 0.351901 0.009375 0.014597
0 0.717187 0.100617 0.009766 0.016422
0 0.865625 0.264838 0.008594 0.011209
0 0.539062 0.147016 0.012109 0.014597
0 0.121875 0.948828 0.011230 0.011469
0 0.414844 0.766882 0.010547 0.015640
0 0.154883 0.046138 0.008887 0.014206
0 0.118262 0.718398 0.010938 0.010427
0 0.243945 0.873235 0.008203 0.011469
0 0.769141 0.089018 0.009375 0.015119
0 0.064014 0.108959 0.011426 0.011991
0 0.557422 0.572425 0.007031 0.007820
0 0.598437 0.579202 0.010547 0.016683
0 0.352344 0.994225 0.010742 0.011550
0 0.884375 0.278653 0.010156 0.014076
0 0.288672 0.253890 0.011523 0.014858
0 0.914062 0.179860 0.011719 0.014337
0 0.133691 0.524462 0.012500 0.011991
0 0.429688 0.333133 0.011719 0.016161
0 0.048975 0.948828 0.010059 0.011469
0 0.108789 0.098011 0.011426 0.014467
0 0.233203 0.967596 0.011523 0.011469
0 0.487500 0.563041 0.012109 0.013033
0 0.728906 0.575032 0.008984 0.010427
0 0.083594 0.210098 0.010010 0.011730
0 0.833594 0.315928 0.009375 0.008602
0 0.122266 0.046138 0.005957 0.007950
0 0.307812 0.062039 0.010742 0.017334
0 0.976562 0.496310 0.011719 0.017204
0 0.040234 0.444177 0.010181 0.016161
0 0.075488 0.220785 0.009619 0.011991
0 0.845312 0.436878 0.008594 0.011991
0 0.700781 0.545837 0.010938 0.014597
0 0.789844 0.878969 0.009375 0.017204
0 0.945312 0.320099 0.007812 0.009905
0 0.794531 0.004757 0.008594 0.009514
0 0.414062 0.661052 0.010547 0.015119
0 0.918750 0.046529 0.010156 0.016422
0 0.851562 0.435835 0.011719 0.011991
0 0.067383 0.990535 0.011768 0.015640
0 0.464844 0.800769 0.011328 0.015640
0 0.636719 0.948828 0.006250 0.008341
0 0.085059 0.253368 0.007373 0.011991
0 0.288672 0.533325 0.012305 0.013555
0 0.036938 0.959255 0.012402 0.014597
0 0.239453 0.553657 0.010937 0.014076
0 0.186719 0.680862 0.007617 0.014076
0 0.876562 0.348773 0.010938 0.010166
0 0.790234 0.503609 0.010156 0.011991
0 0.076514 0.944657 0.011133 0.011469
0 0.907812 0.227302 0.010156 0.015640
0 0.125488 0.301852 0.011133 0.013294
0 0.983594 0.445219 0.009375 0.016683
0 0.706250 0.576596 0.007422 0.009905
0 0.637500 0.967596 0.012109 0.012512
0 0.489844 0.755934 0.011328 0.010427
0 0.878125 0.945700 0.010156 0.014597
0 0.883594 0.254411 0.007812 0.009645
0 0.726562 0.902951 0.011328 0.012512
0 0.226953 0.664180 0.007031 0.007299
0 0.262305 0.651146 0.012109 0.013555
0 0.071680 0.230430 0.008350 0.012773
0 0.664844 0.377446 0.010547 0.013033
0 0.815625 0.970724 0.009375 0.012512
0 0.426562 0.865415 0.010937 0.010427
0 0.494141 0.741337 0.009375 0.018247
0 0.196680 0.100096 0.009375 0.010427
0 0.358594 0.176993 0.011523 0.018247
0 0.840625 0.896695 0.010156 0.012512
0 0.225195 0.568776 0.010937 0.012512
0 0.358594 0.425409 0.010937 0.014076
0 0.520703 0.860201 0.011719 0.011991
0 0.309375 0.231733 0.008594 0.010427
0 0.034497 0.863851 0.009814 0.012512
0 0.205078 0.826836 0.006445 0.009384
0 0.557031 0.555742 0.007031 0.008863
0 0.206445 0.560956 0.008984 0.016161
0 0.233203 0.538017 0.011523 0.016161
0 0.339844 0.728304 0.010352 0.011469
0 0.559375 0.973852 0.010937 0.014597
0 0.258984 0.262752 0.006250 0.006777
0 0.101660 0.687640 0.009375 0.016683
0 0.532031 0.422802 0.012109 0.011469
0 0.778906 0.843519 0.007812 0.010948
0 0.241992 0.940487 0.005469 0.007299
0 0.551562 0.838827 0.010547 0.013555
0 0.597656 0.140760 0.009766 0.012773
0 0.514844 0.996310 0.010156 0.007380
0 0.777344 0.248676 0.010547 0.011209
0 0.787500 0.932145 0.012109 0.011469
0 0.787109 0.574510 0.007812 0.009384
0 0.697266 0.301331 0.009375 0.014597
0 0.183984 0.517163 0.010059 0.010948
0 0.280469 0.980108 0.011523 0.015640
0 0.143457 0.037015 0.009961 0.016031
0 0.412500 0.930060 0.011328 0.013555
0 0.090723 0.544273 0.010400 0.013033
0 0.114258 0.939444 0.007715 0.012512
0 0.673438 0.195500 0.011328 0.014337
0 0.597656 0.775745 0.009766 0.016161
0 0.446094 0.883140 0.011719 0.013033
0 0.936719 0.317232 0.007812 0.014597
0 0.075586 0.804940 0.010742 0.012512
0 0.928125 0.283084 0.011719 0.015119
0 0.209375 0.093840 0.011719 0.014467
0 0.440234 0.668350 0.009375 0.015119
0 0.571484 0.598492 0.011719 0.014597
0 0.776563 0.261970 0.010937 0.013555
0 0.371680 0.131376 0.010547 0.015901
0 0.070264 0.566169 0.012207 0.013033
0 0.915625 0.311758 0.010156 0.014858
0 0.170117 0.670436 0.009668 0.016161
0 0.617969 0.384223 0.007422 0.009384
0 0.954687 0.235122 0.010156 0.019289
0 0.938281 0.946743 0.012500 0.011469
0 0.791016 0.383181 0.011719 0.010427
0 0.047266 0.819537 0.009058 0.015119
0 0.056396 0.249458 0.007812 0.011469
0 0.519922 0.922761 0.010937 0.012512
0 0.095361 0.543230 0.012402 0.014076
0 0.578125 0.762191 0.011328 0.018247
0 0.566406 0.545316 0.009766 0.011469
0 0.150781 0.017204 0.010742 0.018638
0 0.348047 0.326877 0.010352 0.010166
0 0.508203 0.716313 0.014062 0.013033
0 0.654688 0.934231 0.010937 0.013555
0 0.875781 0.254411 0.007812 0.016943
0 0.783594 0.892524 0.010547 0.016683
0 0.355859 0.280217 0.009766 0.014076
0 0.653125 0.769489 0.010937 0.017204
0 0.033105 0.485883 0.009985 0.016161
0 0.281250 0.761148 0.011523 0.014597
0 0.016895 0.785129 0.009991 0.013033
0 0.245313 0.788779 0.009180 0.011469
0 0.080566 0.956127 0.006689 0.010427
0 0.814062 0.887832 0.009375 0.015640
0 0.610547 0.544794 0.008594 0.014597
0 0.589844 0.585980 0.008594 0.010427
0 0.350781 0.469201 0.010352 0.013033
0 0.171582 0.858637 0.011914 0.011469
0 0.815625 0.566169 0.011719 0.015119
0 0.614844 0.134504 0.011328 0.013555
0 0.124219 0.890439 0.011523 0.015119
0 0.500000 0.398299 0.008594 0.015119
0 0.300195 0.796599 0.012109 0.015119
0 0.524219 0.563041 0.011328 0.014597
0 0.333984 0.969682 0.010156 0.014597
0 0.124023 0.680862 0.010059 0.008863
0 0.572656 0.994485 0.010156 0.011029
0 0.071875 0.727782 0.009863 0.011991
0 0.840625 0.359199 0.012500 0.014858
0 0.621875 0.425409 0.009766 0.010948
0 0.578516 0.042489 0.010937 0.010818
0 0.147656 0.909207 0.009180 0.011469
0 0.101270 0.508822 0.010938 0.011469
0 0.144531 0.652710 0.010645 0.012512
0 0.177148 0.682948 0.012402 0.011991
0 0.862500 0.811196 0.007812 0.010948
0 0.456250 0.036884 0.009375 0.014076
0 0.880469 0.434793 0.012500 0.010948
0 0.339844 0.738730 0.011914 0.011469
0 0.859375 0.945700 0.010156 0.016683
0 0.426953 0.273700 0.011719 0.017465
0 0.362891 0.162656 0.007227 0.009645
0 0.801563 0.887311 0.010938 0.013033
0 0.544531 0.394129 0.009766 0.015119
0 0.553125 0.532803 0.006641 0.009384
0 0.169727 0.980108 0.009570 0.011469
0 0.286328 0.770532 0.009961 0.016161
0 0.237109 0.547401 0.010742 0.017204
0 0.314453 0.020593 0.006055 0.008081
0 0.837500 0.865415 0.011719 0.010427
0 0.854688 0.943615 0.011719 0.016683
0 0.762500 0.959255 0.011328 0.010427
0 0.810938 0.259624 0.008594 0.010427
0 0.475000 0.113390 0.012891 0.011991
0 0.921094 0.895131 0.010937 0.015640
0 0.383594 0.309672 0.011133 0.014337
0 0.542969 0.481713 0.009766 0.014076
0 0.644531 0.179339 0.011328 0.013555
0 0.622656 0.554700 0.006641 0.008863
0 0.567969 0.839348 0.009766 0.011991
0 0.994727 0.811196 0.010547 0.017204
0 0.343750 0.403513 0.010937 0.016683
0 0.831250 0.878969 0.007031 0.014076
0 0.538672 0.213486 0.010156 0.015119
0 0.643750 0.479627 0.010938 0.010948
0 0.610156 0.145192 0.009766 0.008341
0 0.185938 0.485883 0.012695 0.014076
0 0.582031 0.612568 0.007812 0.011469
0 0.820312 0.397257 0.011719 0.015640
0 0.426562 0.581809 0.012109 0.011469
0 0.583984 0.735081 0.010938 0.015119
0 0.491406 0.286734 0.008984 0.011730
0 0.009619 0.936316 0.008887 0.009384
0 0.893750 0.814324 0.011719 0.010948
0 0.086523 0.493182 0.011914 0.011469
0 0.668750 0.128248 0.011328 0.015379
0 0.861719 0.290904 0.009375 0.015901
0 0.945312 0.296639 0.011719 0.014858
0 0.539844 0.527069 0.011328 0.015640
0 0.542969 0.487969 0.011328 0.015119
0 0.843750 0.596406 0.007031 0.008863
0 0.146094 0.182467 0.012305 0.012773
0 0.408203 0.550529 0.012500 0.013033
0 0.401563 0.996831 0.009375 0.006337
0 0.878125 0.444177 0.011719 0.012512
0 0.779297 0.835699 0.009375 0.016683
0 0.375781 0.947785 0.009375 0.014597
0 0.918750 0.158746 0.011719 0.016161
0 0.757812 0.748114 0.011328 0.011469
0 0.141602 0.642805 0.010449 0.010427
0 0.787891 0.845604 0.010156 0.013033
0 0.893750 0.777830 0.013281 0.014597
0 0.839844 0.586501 0.007812 0.010427
0 0.146289 0.641241 0.011133 0.009384
0 0.415625 0.646454 0.010156 0.011469
0 0.534766 0.368062 0.010938 0.011469
0 0.962500 0.108959 0.011719 0.015640
0 0.134473 0.777309 0.008594 0.012512
0 0.483203 0.395171 0.013281 0.018247
0 0.690234 0.946743 0.008594 0.004171
0 0.520703 0.567212 0.011719 0.011469
0 0.374609 0.100617 0.010352 0.016943
0 0.308008 0.915463 0.012891 0.010427
0 0.764844 0.969682 0.010547 0.015640
0 0.850000 0.339910 0.007812 0.010687
0 0.545313 0.941529 0.011328 0.010427
0 0.857813 0.876884 0.010938 0.010427
0 0.661719 0.448869 0.010547 0.011469
0 0.145703 0.040794 0.008691 0.009123
0 0.360938 0.723090 0.009570 0.012512
0 0.100977 0.230690 0.010303 0.010948
0 0.345703 0.445219 0.010937 0.013555
0 0.135840 0.719441 0.006641 0.009384
0 0.257812 0.155879 0.007422 0.008081
0 0.945312 0.166306 0.010938 0.014076
0 0.398242 0.255975 0.005859 0.007299
0 0.475781 0.306023 0.011328 0.011209
0 0.354492 0.203842 0.011328 0.015901
0 0.333984 0.192372 0.011719 0.010687
0 0.072070 0.809632 0.010938 0.010427
0 0.106641 0.662094 0.009277 0.011469
0 0.093652 0.377446 0.011572 0.015640
0 0.805469 0.203320 0.012109 0.016943
0 0.119922 0.905036 0.008594 0.009384
0 0.932813 0.170476 0.007031 0.010687
0 0.983594 0.250240 0.010937 0.011730
0 0.825000 0.037536 0.008594 0.011730
0 0.276953 0.546880 0.010742 0.011469
0 0.770313 0.029325 0.010547 0.011991
0 0.097510 0.899823 0.009668 0.012512
0 0.707812 0.550529 0.012109 0.010948
0 0.139063 0.668350 0.009375 0.017725
0 0.139844 0.852903 0.011621 0.013033
0 0.826563 0.014337 0.010156 0.016683
0 0.414844 0.015901 0.012109 0.014597
0 0.634375 0.436878 0.009766 0.014597
0 0.901563 0.354768 0.007812 0.010427
0 0.639844 0.848732 0.008984 0.006777
0 0.848438 0.063081 0.010156 0.009775
0 0.933594 0.556785 0.012500 0.014076
0 0.840625 0.792428 0.011719 0.012512
0 0.116797 0.672521 0.005371 0.006777
0 0.777344 0.215311 0.012109 0.015119
0 0.848438 0.942572 0.009375 0.014597
0 0.182227 0.822665 0.007324 0.008863
0 0.107813 0.823708 0.010254 0.011469
0 0.687500 0.854988 0.012500 0.015119
0 0.013513 0.523419 0.012329 0.011469
0 0.553125 0.484841 0.010547 0.013555
0 0.931250 0.849253 0.010156 0.014597
0 0.100586 0.663137 0.010107 0.010948
0 0.507422 0.528112 0.009375 0.011469
0 0.509375 0.559913 0.010938 0.010948
0 0.117383 0.528633 0.005664 0.006777
0 0.297656 0.326095 0.008789 0.009905
0 0.421875 0.875841 0.012109 0.009905
0 0.577344 0.058911 0.010938 0.015119
0 0.081445 0.247634 0.008350 0.015379
0 0.483594 0.377446 0.010547 0.015119
0 0.796875 0.455646 0.010547 0.013033
0 0.146094 0.068295 0.011328 0.012121
0 0.649219 0.881055 0.011328 0.011991
0 0.843750 0.993964 0.012500 0.012072
0 0.408594 0.444698 0.012109 0.016683
0 0.435156 0.938401 0.009766 0.015640
0 0.194336 0.437399 0.010352 0.014597
0 0.333984 0.852903 0.009570 0.011469
0 0.740625 0.980108 0.013672 0.016683
0 0.377930 0.644369 0.010938 0.011469
0 0.728125 0.332611 0.012109 0.013294
0 0.917969 0.061908 0.010938 0.013555
0 0.762500 0.313843 0.010547 0.016683
0 0.582422 0.587022 0.007812 0.010948
0 0.361719 0.438963 0.010742 0.011991
0 0.220313 0.506737 0.011914 0.009384
0 0.687500 0.606833 0.010547 0.010948
0 0.483594 0.642805 0.009766 0.013555
0 0.212500 0.589629 0.010937 0.011469
0 0.369727 0.816409 0.008203 0.010948
0 0.915625 0.937359 0.008594 0.014597
0 0.100977 0.825272 0.010254 0.011469
0 0.600781 0.328962 0.011328 0.015901
0 0.498047 0.905036 0.010156 0.011469
0 0.351953 0.325834 0.012500 0.011730
0 0.475781 0.270572 0.011719 0.012512
0 0.265234 0.351901 0.007617 0.009123
0 0.496875 0.499959 0.008984 0.011469
0 0.940625 0.870107 0.010937 0.014597
0 0.496094 0.642284 0.011328 0.011991
0 0.057813 0.109480 0.010889 0.012251
0 0.860156 0.251283 0.009375 0.017465
0 0.074707 0.936316 0.010693 0.015640
0 0.906250 0.972810 0.010938 0.014597
0 0.734375 0.986364 0.011719 0.013555
0 0.164844 0.996049 0.009766 0.007901
0 0.258398 0.946743 0.011328 0.011469
0 0.026782 0.038579 0.010779 0.011078
0 0.925781 0.892524 0.012500 0.016683
0 0.082715 0.376403 0.009375 0.011991
0 0.962500 0.871149 0.008594 0.013555
0 0.610938 0.507779 0.010547 0.009905
0 0.698438 0.379531 0.011328 0.015640
0 0.258594 0.680862 0.008789 0.012512
0 0.127734 0.620909 0.010254 0.016683
0 0.839063 0.893045 0.011719 0.012512
0 0.625391 0.425409 0.014062 0.013555
0 0.134570 0.047963 0.011426 0.013555
0 0.314844 0.230951 0.011523 0.011209
0 0.828906 0.199150 0.009375 0.013033
0 0.040527 0.943615 0.011401 0.012512
0 0.514063 0.469722 0.010937 0.011469
0 0.395703 0.416025 0.013086 0.012512
0 0.261719 0.297942 0.009961 0.009905
0 0.500781 0.078982 0.007422 0.008211
0 0.209570 0.667829 0.007812 0.011469
0 0.521875 0.634985 0.010937 0.013033
0 0.479688 0.803897 0.011328 0.015640
0 0.542578 0.984279 0.010156 0.013555
0 0.025903 0.932145 0.009143 0.014597
0 0.362695 0.637070 0.007031 0.009905
0 0.567969 0.646976 0.010938 0.012512
0 0.712109 0.337825 0.009375 0.014337
0 0.760938 0.750721 0.005078 0.004692
0 0.862500 0.652710 0.011719 0.015119
0 0.940625 0.857073 0.009375 0.008863
0 0.731250 0.369105 0.007422 0.009905
0 0.600781 0.038709 0.010938 0.011209
0 0.080957 0.828921 0.012109 0.014597
0 0.818750 0.982194 0.011719 0.011469
0 0.547266 0.930060 0.010937 0.013555
0 0.287695 0.041707 0.011328 0.012382
0 0.438281 0.346166 0.011328 0.010166
0 0.090869 0.209055 0.007715 0.011730
0 0.332617 0.202278 0.008984 0.013033
0 0.485156 0.506737 0.008203 0.013033
0 0.798437 0.644369 0.008203 0.009905
0 0.686719 0.365455 0.005859 0.009384
0 0.857813 0.383702 0.008594 0.010948
0 0.909375 0.601098 0.010156 0.014597
0 0.290039 0.594321 0.010547 0.011991
0 0.316992 0.791385 0.007422 0.008863
0 0.349805 0.841433 0.007422 0.009384
0 0.935938 0.852903 0.010156 0.011469
0 0.527344 0.711100 0.010938 0.011991
0 0.931250 0.161353 0.007031 0.012512
0 0.922656 0.171780 0.010938 0.009384
0 0.921875 0.201756 0.010156 0.016161
0 0.653906 0.583894 0.008203 0.009384
0 0.327734 0.214268 0.010547 0.010427
0 0.790625 0.982194 0.008984 0.011469
0 0.646875 0.469722 0.009766 0.012512
0 0.806250 0.875841 0.010156 0.010948
0 0.325781 0.962383 0.009375 0.012512
0 0.932813 0.036754 0.011719 0.016943
0 0.117773 0.369105 0.005957 0.009123
0 0.800000 0.458253 0.012109 0.014597
0 0.917969 0.181946 0.010938 0.010687
0 0.250781 0.659488 0.012109 0.010427
0 0.263672 0.322706 0.007617 0.008602
0 0.840625 0.051482 0.009375 0.015379
0 0.907812 0.816409 0.008594 0.016161
0 0.950000 0.871671 0.010156 0.017204
0 0.452734 0.328962 0.010938 0.014597
0 0.655859 0.013815 0.011719 0.013685
0 0.267969 0.257539 0.009570 0.013555
0 0.727344 0.566169 0.010547 0.010948
0 0.769922 0.207491 0.009375 0.011209
0 0.081641 0.509343 0.012109 0.012512
0 0.513281 0.005865 0.010156 0.011730
0 0.517578 0.485883 0.007031 0.018247
0 0.566406 0.532804 0.011719 0.010427
0 0.962500 0.855509 0.007812 0.015640
0 0.324805 0.971767 0.008203 0.011469
0 0.524219 0.402470 0.012109 0.013033
0 0.510547 0.123556 0.007812 0.008602
0 0.018726 0.780959 0.011279 0.013555
0 0.637109 0.462945 0.008594 0.014597
0 0.495703 0.912335 0.010938 0.012512
0 0.772656 0.210098 0.012500 0.013815
0 0.853906 0.251544 0.010938 0.011469
0 0.782031 0.249980 0.011328 0.011469
0 0.588672 0.903993 0.007031 0.009905
0 0.263281 0.680862 0.012500 0.013033
0 0.171484 0.987407 0.010254 0.016683
0 0.925781 0.172822 0.009375 0.008863
0 0.773438 0.230951 0.010547 0.010687
0 0.737109 0.581809 0.007031 0.010948
0 0.878125 0.266923 0.013281 0.013294
0 0.485156 0.527069 0.009766 0.011469
0 0.806250 0.367019 0.008594 0.010687
0 0.700000 0.348773 0.012109 0.010166
0 0.241211 0.307848 0.010156 0.015119
0 0.137695 0.029716 0.010449 0.016161
0 0.168359 0.920676 0.006543 0.010427
0 0.198340 0.657924 0.011133 0.010948
0 0.889063 0.876363 0.008594 0.009384
0 0.882812 0.243463 0.008594 0.013555
0 0.518750 0.215311 0.008203 0.013555
0 0.227539 0.458774 0.009375 0.009905
0 0.792969 0.532803 0.011719 0.014076
0 0.172559 0.470243 0.009570 0.016161
0 0.686719 0.054870 0.012109 0.013294
0 0.871875 0.307066 0.008594 0.009645
0 0.168262 0.098793 0.009570 0.012382
0 0.015967 0.321142 0.009656 0.014076
0 0.767188 0.276307 0.009766 0.013294
0 0.542969 0.149102 0.011719 0.013294
0 0.022302 0.228866 0.009448 0.014858
0 0.148438 0.760626 0.006250 0.009384
0 0.401172 0.005767 0.010742 0.011535
0 0.859375 0.275525 0.010156 0.015640
0 0.539844 0.626644 0.008203 0.010948
0 0.490625 0.887311 0.010937 0.017204
0 0.960938 0.120689 0.007031 0.007820
0 0.918750 0.286734 0.010938 0.013555
0 0.455078 0.997614 0.007812 0.004773
0 0.814062 0.749157 0.013281 0.012512
0 0.412500 0.365977 0.008203 0.009645
0 0.500781 0.539060 0.008984 0.014076
0 0.581641 0.260146 0.007031 0.010687
0 0.546875 0.625601 0.011719 0.011469
0 0.010645 0.174908 0.009766 0.012512
0 0.319531 0.755934 0.012305 0.013033
0 0.708203 0.686076 0.010938 0.014076
0 0.015686 0.948828 0.011542 0.014597
0 0.585156 0.631857 0.010547 0.010948
0 0.689844 0.170476 0.012109 0.017204
0 0.705469 0.646454 0.010547 0.014597
0 0.848438 0.787736 0.009375 0.015640
0 0.949219 0.297160 0.010938 0.011991
0 0.038037 0.814324 0.007178 0.010948
0 0.753125 0.398299 0.012109 0.015119
0 0.915625 0.204363 0.008594 0.014597
0 0.044727 0.369626 0.007642 0.008602
0 0.208398 0.589629 0.010156 0.011469
0 0.658594 0.812239 0.010547 0.013033
0 0.989844 0.941530 0.010938 0.014597
0 0.543359 0.491097 0.006250 0.006777
0 0.072461 0.744465 0.012207 0.011991
0 0.585156 0.888353 0.008594 0.010948
0 0.515625 0.924847 0.011328 0.012512
0 0.590625 0.051873 0.007422 0.009775
0 0.189844 0.493182 0.011426 0.013033
0 0.876563 0.461902 0.011719 0.011991
0 0.471484 0.978023 0.010937 0.011469
0 0.815625 0.369105 0.008594 0.010948
0 0.843750 0.889917 0.010938 0.011469
0 0.933594 0.668350 0.012500 0.018247
0 0.970312 0.848732 0.010156 0.015119
0 0.764844 0.104267 0.011328 0.016161
0 0.934375 0.296118 0.010938 0.014337
0 0.337891 0.686597 0.007812 0.012512
0 0.060693 0.911292 0.011328 0.013555
0 0.031445 0.248155 0.008032 0.009123
0 0.216016 0.567212 0.010937 0.012512
0 0.079102 0.936316 0.009326 0.017725
0 0.574219 0.815367 0.010938 0.010948
0 0.934375 0.846125 0.009375 0.014597
0 0.109668 0.934231 0.009961 0.015640
0 0.430859 0.264056 0.010938 0.014076
0 0.671484 0.003877 0.008594 0.007755
0 0.627344 0.107916 0.009375 0.009645
0 0.548438 0.102703 0.011719 0.016552
0 0.982031 0.960297 0.009375 0.018768
0 0.846875 0.021114 0.009375 0.011209
0 0.940625 0.613089 0.010156 0.014076
0 0.922656 0.297942 0.007812 0.009905
0 0.004422 0.136590 0.008661 0.014858
0 0.806250 0.291686 0.011719 0.011991
0 0.496875 0.832049 0.012891 0.014076
0 0.248437 0.774181 0.009180 0.011469
0 0.114648 0.913377 0.011523 0.015640
0 0.703906 0.683990 0.010547 0.011469
0 0.608203 0.923804 0.012500 0.015640
0 0.110547 0.296118 0.011230 0.016943
0 0.725391 0.673564 0.007812 0.009384
0 0.649219 0.923804 0.007422 0.011469
0 0.976562 0.831528 0.013281 0.014597
0 0.744922 0.873756 0.011719 0.016683
0 0.270117 0.766361 0.011719 0.012512
0 0.832812 0.113651 0.011719 0.011469
0 0.167578 0.761148 0.011621 0.017725
0 0.650000 0.657924 0.007812 0.010427
0 0.189648 0.974895 0.011035 0.010427
0 0.839063 0.871671 0.010156 0.010427
0 0.851562 0.900865 0.010156 0.010948
0 0.633594 0.110262 0.010937 0.011991
0 0.332422 0.673564 0.010352 0.009905
0 0.658984 0.614132 0.010937 0.013033
0 0.225586 0.729868 0.011328 0.012512
0 0.471875 0.276046 0.010547 0.011469
0 0.639063 0.325834 0.012109 0.014337
0 0.840625 0.724654 0.013281 0.011991
0 0.635547 0.469201 0.011719 0.016161
0 0.479688 0.523419 0.009766 0.010948
0 0.142969 0.782001 0.010059 0.017204
0 0.592188 0.569297 0.008984 0.010948
0 0.193359 0.665222 0.007617 0.013033
0 0.088916 0.582330 0.012012 0.013555
0 0.107813 0.807025 0.010937 0.009905
0 0.965625 0.954041 0.010938 0.018768
0 0.719531 0.616217 0.009766 0.012512
0 0.785938 0.580245 0.009375 0.014597
0 0.683594 0.607876 0.012500 0.011991
0 0.180078 0.672521 0.008301 0.009905
0 0.583203 0.619345 0.009375 0.016161
0 0.825000 0.003324 0.011719 0.006647
0 0.131055 0.631336 0.008691 0.008341
0 0.910156 0.467115 0.009375 0.011991
0 0.730469 0.810675 0.006641 0.009384
0 0.218359 0.899301 0.008789 0.011469
0 0.071387 0.669393 0.011768 0.013033
0 0.481250 0.386830 0.008984 0.014076
0 0.964063 0.445219 0.013281 0.013033
0 0.901563 0.979066 0.014063 0.018768
0 0.721094 0.945700 0.010547 0.006256
0 0.546875 0.347209 0.009766 0.011209
0 0.002396 0.145974 0.004791 0.008863
0 0.333203 0.640720 0.012891 0.012512
0 0.355859 0.079373 0.006445 0.008863
0 0.584375 0.044835 0.009766 0.011600
0 0.614844 0.893567 0.011328 0.013033
0 0.314258 0.205406 0.009375 0.013815
0 0.709375 0.938401 0.009375 0.013555
0 0.810938 0.274222 0.008594 0.009123
0 0.333398 0.477021 0.012109 0.013555
0 0.493750 0.084456 0.007422 0.011339
0 0.017908 0.511429 0.013354 0.014597
0 0.494531 0.052264 0.008984 0.015119
0 0.427344 0.012642 0.010547 0.013815
0 0.265039 0.040403 0.010937 0.012773
0 0.771094 0.298724 0.010547 0.014858
0 0.341016 0.871671 0.011523 0.016161
0 0.787500 0.596406 0.012109 0.024503
0 0.785547 0.838305 0.009375 0.016161
0 0.610156 0.381617 0.010547 0.011991
0 0.820312 0.308630 0.010156 0.009905
0 0.780469 0.614132 0.007422 0.016161
0 0.643750 0.930060 0.010547 0.015640
0 0.130078 0.747593 0.006250 0.007299
0 0.743750 0.635506 0.007031 0.010427
0 0.727344 0.867500 0.010547 0.014597
0 0.009845 0.095013 0.008728 0.012773
0 0.981250 0.298464 0.010938 0.015119
0 0.356250 0.438963 0.011719 0.013555
0 0.778125 0.227562 0.012891 0.012512
0 0.310937 0.199671 0.012109 0.015901
0 0.239063 0.833092 0.016016 0.015640
0 0.903125 0.946743 0.010938 0.014597
0 0.111523 0.682948 0.007324 0.014076
0 0.971875 0.892524 0.010156 0.012512
0 0.871094 0.462423 0.009375 0.012512
0 0.876562 0.861244 0.008594 0.012512
0 0.884375 0.814324 0.013281 0.014597
0 0.357812 0.621430 0.011914 0.011991
0 0.804688 0.271615 0.008594 0.011469
0 0.135254 0.033626 0.010742 0.015249
0 0.228125 0.574510 0.011523 0.011991
0 0.127734 0.944657 0.011426 0.016683
0 0.375781 0.619345 0.013477 0.010948
0 0.483203 0.282824 0.007812 0.008863
0 0.450000 0.017595 0.010156 0.010687
0 0.914062 0.063081 0.010938 0.014337
0 0.597656 0.046920 0.009766 0.006126
0 0.180273 0.969682 0.007129 0.010427
0 0.478125 0.295596 0.007812 0.011209
0 0.915625 0.289601 0.010156 0.008863
0 0.815625 0.250240 0.007812 0.009645
0 0.658594 0.933188 0.010937 0.012512
0 0.567578 0.552614 0.010156 0.011469
0 0.315039 0.192372 0.010547 0.010687
0 0.938281 0.299246 0.015625 0.015901
0 0.526563 0.973852 0.012109 0.014597
0 0.845313 0.819537 0.011719 0.020332
0 0.380273 0.136329 0.012109 0.018768
0 0.327148 0.688161 0.012109 0.017725
0 0.600781 0.852903 0.008203 0.009905
0 0.413281 0.762190 0.010547 0.014597
0 0.157715 0.011991 0.014258 0.016161
0 0.657813 0.449390 0.012109 0.014076
0 0.129883 0.681905 0.011230 0.013033
0 0.066211 0.729868 0.010254 0.013033
0 0.616406 0.508301 0.011328 0.010427
0 0.250391 0.826836 0.011328 0.014076
0 0.051855 0.353986 0.012354 0.016943
0 0.443750 0.020853 0.008984 0.014467
0 0.764844 0.630814 0.008984 0.014076
0 0.876562 0.690246 0.007031 0.007820
0 0.282813 0.040925 0.011914 0.013685
0 0.282422 0.771574 0.010742 0.015640
0 0.202734 0.386830 0.010645 0.015640
0 0.050391 0.764276 0.007129 0.009384
0 0.878125 0.352422 0.010156 0.014337
0 0.139453 0.677213 0.009473 0.015640
0 0.582031 0.057347 0.011328 0.013294
0 0.566797 0.899301 0.010937 0.009384
0 0.016235 0.935273 0.009668 0.012512
0 0.381641 0.487969 0.007227 0.010427
0 0.005753 0.801812 0.007733 0.009905
0 0.898438 0.353725 0.011719 0.016161
0 0.515625 0.255975 0.010156 0.011209
0 0.642969 0.494225 0.009766 0.012512
0 0.898438 0.933188 0.011719 0.016683
0 0.696875 0.788257 0.009766 0.014076
0 0.981250 0.579202 0.010156 0.020853
0 0.517188 0.249719 0.011719 0.011209
0 0.989063 0.872713 0.010156 0.010948
0 0.037964 0.940487 0.009766 0.013555
0 0.055566 0.939444 0.008057 0.010427
0 0.527344 0.549486 0.009375 0.017204
0 0.387500 0.620388 0.008789 0.015119
0 0.616016 0.582852 0.014844 0.014076
0 0.009717 0.223652 0.007935 0.012251
0 0.158594 0.040012 0.011426 0.012512
0 0.515625 0.522377 0.007812 0.007820
0 0.041406 0.410811 0.008423 0.008863
0 0.914062 0.454603 0.010156 0.014076
0 0.116992 0.761148 0.009961 0.013555
0 0.881250 0.356853 0.010156 0.010427
0 0.262891 0.650625 0.002930 0.004692
0 0.909375 0.793471 0.005469 0.008863
0 0.312109 0.917548 0.004883 0.006256
0 0.365039 0.899823 0.008594 0.007820
0 0.163184 0.043271 0.010352 0.015379
0 0.796094 0.636549 0.009766 0.015640
0 0.165039 0.652710 0.011328 0.011991
0 0.742969 0.969682 0.010938 0.015640
0 0.682813 0.336782 0.010547 0.017986
0 0.962500 0.865415 0.010156 0.020332
0 0.535937 0.392565 0.009375 0.011469
0 0.237109 0.798684 0.007227 0.010948
0 0.233203 0.863851 0.010742 0.014597
0 0.591016 0.565126 0.010156 0.008341
0 0.009705 0.551050 0.011646 0.012512
0 0.041455 0.022157 0.010132 0.011600
0 0.020349 0.518206 0.012329 0.010427
0 0.192480 0.504651 0.011523 0.015640
0 0.355859 0.721526 0.011523 0.011991
0 0.889063 0.014597 0.011719 0.015249
0 0.366797 0.063994 0.006836 0.007299
0 0.169531 0.664180 0.009570 0.017204
0 0.173730 0.994485 0.008984 0.011029
0 0.243750 0.882097 0.010352 0.020332
0 0.346875 0.204624 0.009961 0.016161
0 0.097266 0.893045 0.009033 0.012512
0 0.285352 0.763233 0.009766 0.016161
0 0.328906 0.101399 0.007227 0.009775
0 0.125293 0.718398 0.009961 0.011991
0 0.444531 0.260667 0.007031 0.009384
0 0.331250 0.971767 0.009570 0.013555
0 0.101172 0.650625 0.012646 0.011469
0 0.051172 0.532803 0.008984 0.009905
0 0.117578 0.790864 0.006738 0.008341
0 0.934375 0.752806 0.010156 0.011991
0 0.324219 0.187159 0.007617 0.012251
0 0.543750 0.971767 0.010547 0.013555
0 0.362891 0.717356 0.010352 0.010948
0 0.644531 0.628729 0.012109 0.016161
0 0.320703 0.954041 0.006445 0.008341
0 0.644141 0.198107 0.007812 0.009645
0 0.068262 0.237207 0.008643 0.013555
0 0.739063 0.949871 0.008984 0.016683
0 0.138086 0.771574 0.008594 0.011991
0 0.867188 0.368062 0.013281 0.016161
0 0.818750 0.039230 0.011719 0.012512
0 0.978906 0.901908 0.007812 0.009905
0 0.537500 0.996310 0.008984 0.007380
0 0.856250 0.245809 0.011719 0.014076
0 0.491406 0.869064 0.010156 0.012512
0 0.965625 0.012121 0.010156 0.012773
0 0.893750 0.202278 0.013281 0.016161
0 0.007483 0.497353 0.010565 0.012512
0 0.511719 0.554700 0.011328 0.014076
0 0.489062 0.851860 0.010547 0.015119
0 0.195605 0.870628 0.011523 0.016161
0 0.366211 0.720484 0.009766 0.013555
0 0.271680 0.823708 0.010547 0.011991
0 0.007153 0.756977 0.010114 0.011991
0 0.237109 0.540624 0.009180 0.010427
0 0.815625 0.364673 0.010156 0.011991
0 0.639844 0.858116 0.011328 0.010948
0 0.828125 0.270572 0.012500 0.014076
0 0.686719 0.950913 0.008594 0.015640
0 0.535156 0.926932 0.007422 0.010427
0 0.652734 0.088887 0.010156 0.009905
0 0.572266 0.543230 0.009375 0.009905
0 0.737500 0.967596 0.012891 0.015640
0 0.851562 0.021114 0.011719 0.011339
0 0.278125 0.398821 0.011719 0.014597
0 0.123633 0.404555 0.011719 0.016683
0 0.282813 0.259624 0.013672 0.017465
0 0.130664 0.902951 0.011719 0.017725
0 0.904688 0.230951 0.012500 0.017986
0 0.448828 0.330526 0.012500 0.016943
0 0.188574 0.517163 0.012500 0.010948
0 0.975000 0.438963 0.007812 0.015119
0 0.168164 0.985322 0.010156 0.014597
0 0.016992 0.281520 0.008887 0.013555
0 0.219922 0.431143 0.007227 0.008341
0 0.113086 0.762191 0.010645 0.018247
0 0.966406 0.872713 0.010938 0.013033
0 0.832812 0.311236 0.011719 0.014337
0 0.603125 0.895652 0.005859 0.007299
0 0.773438 0.235122 0.013281 0.011209
0 0.081152 0.920676 0.009766 0.022939
0 0.007648 0.200192 0.008850 0.010687
0 0.782812 0.622473 0.010547 0.015119
0 0.326562 0.052655 0.008984 0.014467
0 0.149609 0.648540 0.008887 0.010427
0 0.040381 0.071032 0.017188 0.020071
0 0.988281 0.061778 0.012500 0.014076
0 0.906250 0.028934 0.007812 0.009514
0 0.651953 0.028543 0.010156 0.013555
0 0.645312 0.089800 0.009375 0.010948
0 0.845312 0.670957 0.010156 0.013555
0 0.228516 0.313843 0.006055 0.006517
0 0.684375 0.957170 0.006250 0.013555
0 0.917188 0.724133 0.006250 0.008341
0 0.940625 0.161092 0.010156 0.013033
0 0.692969 0.167870 0.011328 0.014597
0 0.439844 0.504651 0.009766 0.012512
0 0.979688 0.248155 0.011719 0.011730
0 0.726953 0.345384 0.011719 0.014076
0 0.241211 0.085238 0.009766 0.013946
0 0.309961 0.662094 0.010547 0.013555
0 0.701172 0.819537 0.008594 0.014076
0 0.093262 0.580766 0.009961 0.012512
0 0.556250 0.538017 0.012109 0.018247
0 0.843750 0.315407 0.010156 0.015640
0 0.570312 0.907121 0.012891 0.014076
0 0.092188 0.509865 0.009521 0.011991
0 0.575000 0.991578 0.012109 0.012512
0 0.752734 0.021896 0.010156 0.011860
0 0.373047 0.616738 0.011719 0.011469
0 0.339063 0.467115 0.012109 0.013033
0 0.566406 0.640198 0.014453 0.016161
0 0.492188 0.652189 0.011719 0.012512
0 0.541797 0.669393 0.010156 0.015119
0 0.144727 0.422802 0.007910 0.009384
0 0.996094 0.597970 0.007812 0.009384
0 0.714063 0.333393 0.011328 0.009905
0 0.517969 0.492139 0.008203 0.013555
0 0.537500 0.292729 0.007422 0.009905
0 0.613672 0.151708 0.009375 0.016943
0 0.244727 0.848211 0.011719 0.015640
0 0.716016 0.550529 0.013281 0.013033
0 0.576953 0.567212 0.010937 0.013555
0 0.175977 0.096186 0.007422 0.009384
0 0.555469 0.976980 0.009766 0.016683
0 0.382031 0.653753 0.008398 0.010948
0 0.961719 0.024894 0.012500 0.011209
0 0.462500 0.836220 0.007422 0.012512
0 0.064209 0.936316 0.010938 0.013555
0 0.915625 0.295857 0.011719 0.011991
0 0.694531 0.927975 0.005078 0.007299
0 0.246875 0.825272 0.009961 0.011469
0 0.431250 0.271094 0.012109 0.020853
0 0.515625 0.730910 0.010938 0.014076
0 0.444531 0.504651 0.012109 0.013033
0 0.003796 0.646454 0.007593 0.012512
0 0.536328 0.421238 0.012500 0.013033
0 0.767969 0.125902 0.006641 0.011469
0 0.890625 0.052655 0.009375 0.016161
0 0.593750 0.579202 0.008203 0.012512
0 0.169727 0.656360 0.012012 0.017725
0 0.351562 0.455646 0.009570 0.014597
0 0.340430 0.406641 0.011719 0.015119
0 0.103711 0.808068 0.015918 0.011991
0 0.491016 0.511950 0.009375 0.016683
0 0.492188 0.909207 0.016797 0.019289
0 0.829687 0.873756 0.012500 0.016161
0 0.065283 0.832571 0.008203 0.008341
0 0.850000 0.377446 0.007812 0.014076
0 0.879688 0.994225 0.008594 0.011550
0 0.814063 0.691289 0.011719 0.016161
0 0.185352 0.674606 0.008984 0.013033
0 0.562500 0.642284 0.012109 0.012512
0 0.448828 0.032323 0.008594 0.013685
0 0.531250 0.493182 0.012109 0.014076
0 0.921875 0.447305 0.007031 0.007299
0 0.550000 0.623516 0.011328 0.011991
0 0.796094 0.608918 0.009766 0.014076
0 0.003483 0.829443 0.006966 0.011469
0 0.519141 0.253368 0.013281 0.015640
0 0.662500 0.450433 0.003906 0.005213
0 0.601172 0.237728 0.011719 0.024242
0 0.615625 0.542709 0.008984 0.014597
0 0.549219 0.848211 0.012109 0.013555
0 0.283984 0.758020 0.010352 0.011469
0 0.487500 0.917548 0.003906 0.004171
0 0.163281 0.695981 0.008496 0.012512
0 0.003253 0.614132 0.005701 0.006777
0 0.245703 0.659488 0.011719 0.013555
0 0.002350 0.396735 0.004700 0.012512
0 0.909375 0.458253 0.012500 0.016683
0 0.045605 0.381617 0.007983 0.008341
0 0.605469 0.584416 0.012500 0.013555
0 0.139746 0.443134 0.008594 0.009905
0 0.434766 0.334436 0.010156 0.013033
0 0.089746 0.506737 0.013525 0.012512
0 0.685938 0.776788 0.006641 0.009384
0 0.789062 0.533846 0.011328 0.014076
0 0.782812 0.932145 0.011328 0.013555
0 0.769141 0.633421 0.010156 0.013555
0 0.626563 0.142324 0.007812 0.009384
0 0.698047 0.308630 0.008594 0.009905
0 0.537891 0.217396 0.004688 0.005995
0 0.846094 0.899301 0.015625 0.013555
0 0.210547 0.509343 0.011914 0.017725
0 0.952344 0.176993 0.009375 0.010427
0 0.084277 0.371190 0.010596 0.013294
0 0.330664 0.204884 0.009375 0.011469
0 0.504297 0.911292 0.009375 0.014597
0 0.942188 0.875841 0.010156 0.014597
0 0.485938 0.653232 0.009375 0.012512
0 0.381055 0.462945 0.011719 0.013555
0 0.352344 0.422802 0.012305 0.019811
0 0.200195 0.151187 0.007324 0.010166
0 0.172070 0.476499 0.009863 0.010948
0 0.091406 0.371190 0.010645 0.013033
0 0.865625 0.900865 0.010156 0.013033
0 0.656250 0.925889 0.012109 0.017725
0 0.937500 0.950913 0.004687 0.005213
0 0.480078 0.409769 0.013281 0.021375
0 0.411719 0.448347 0.012109 0.014076
0 0.240234 0.790343 0.010742 0.010948
0 0.534766 0.673564 0.009375 0.014076
0 0.929688 0.868543 0.007031 0.010948
0 0.754297 0.715270 0.006250 0.007820
0 0.332422 0.196022 0.010352 0.014858
0 0.005069 0.035842 0.010138 0.016683
0 0.359375 0.474414 0.012695 0.013033
0 0.839844 0.880012 0.010938 0.014076
0 0.626563 0.554178 0.009375 0.016683
0 0.733594 0.943615 0.011719 0.008341
0 0.077539 0.225998 0.011475 0.014597
0 0.549609 0.934231 0.012500 0.014597
0 0.971875 0.445219 0.011719 0.014076
0 0.889844 0.209316 0.010937 0.016161
0 0.362891 0.447305 0.010742 0.014597
0 0.826563 0.332090 0.010156 0.009645
0 0.840625 0.885747 0.011719 0.013555
0 0.207813 0.623516 0.008789 0.010427
0 0.428906 0.663137 0.010156 0.015119
0 0.975781 0.715270 0.007812 0.008863
0 0.188086 0.517163 0.003223 0.004692
0 0.081592 0.715270 0.007324 0.009905
0 0.850781 0.289601 0.009375 0.013033
0 0.642578 0.470765 0.012500 0.017725
0 0.385156 0.615174 0.008789 0.010948
0 0.605859 0.144410 0.009375 0.012773
0 0.253125 0.508822 0.009570 0.012512
0 0.701563 0.944657 0.010547 0.007299
0 0.842188 0.851339 0.008594 0.010427
0 0.562109 0.852903 0.013281 0.013033
0 0.794141 0.642284 0.008594 0.013033
0 0.587891 0.551050 0.004687 0.005213
0 0.900781 0.970724 0.009375 0.014597
0 0.651563 0.150144 0.008984 0.011730
0 0.330859 0.391001 0.006836 0.008863
0 0.333008 0.187680 0.011719 0.015119
0 0.019592 0.225738 0.011987 0.017725
0 0.151172 0.651668 0.009961 0.010948
0 0.522656 0.222088 0.010156 0.012773
0 0.612109 0.524983 0.008594 0.011469
0 0.823438 0.330005 0.012500 0.010687
0 0.391992 0.206448 0.006250 0.007559
0 0.792188 0.970724 0.009375 0.014597
0 0.917188 0.172562 0.010937 0.009645
0 0.514063 0.722569 0.013281 0.016161
0 0.446484 0.037797 0.008594 0.017465
0 0.244141 0.892524 0.006055 0.007299
0 0.747656 0.963426 0.011719 0.016683
0 0.079443 0.237728 0.006934 0.013294
0 0.777344 0.604748 0.011719 0.014597
0 0.425781 0.873756 0.012891 0.009905
0 0.993750 0.797641 0.010938 0.013033
0 0.591406 0.047181 0.008984 0.012121
0 0.213867 0.579724 0.012500 0.013555
0 0.564844 0.856031 0.010547 0.011991
0 0.986719 0.864372 0.012500 0.015119
0 0.432031 0.394129 0.008984 0.016683
0 0.588281 0.565126 0.012109 0.012512
0 0.645312 0.880012 0.012109 0.013033
0 0.935938 0.161874 0.010156 0.015119
0 0.957813 0.303156 0.008594 0.010427
0 0.133398 0.538017 0.012793 0.016161
0 0.857813 0.834135 0.010938 0.013033
0 0.488281 0.884183 0.003906 0.004692
0 0.983594 0.221046 0.010937 0.010166
0 0.840625 0.494225 0.010156 0.016161
0 0.123535 0.684512 0.011719 0.012512
0 0.004053 0.295596 0.008093 0.007559
0 0.832031 0.263795 0.009375 0.011730
0 0.064502 0.992139 0.011328 0.015721
0 0.872656 0.273700 0.009375 0.016161
0 0.787500 0.784087 0.003516 0.005213
0 0.809375 0.351119 0.011719 0.014597
0 0.126270 0.881055 0.009766 0.009905
0 0.161426 0.847689 0.010937 0.014076
0 0.522656 0.874799 0.008984 0.010427
0 0.842969 0.261710 0.009375 0.012773
0 0.012274 0.917548 0.012561 0.018768
0 0.363281 0.675649 0.008789 0.010948
0 0.006543 0.746550 0.009308 0.010948
0 0.937500 0.139196 0.008594 0.017465
0 0.994531 0.218178 0.010938 0.014076
0 0.918750 0.304198 0.014062 0.017204
0 0.470313 0.510907 0.011328 0.015119
0 0.295312 0.582852 0.008203 0.010427
0 0.382031 0.644890 0.009570 0.012512
0 0.065527 0.881055 0.008203 0.009384
0 0.061426 0.668350 0.006592 0.010948
0 0.068604 0.228344 0.008203 0.014076
0 0.728125 0.946743 0.011328 0.007299
0 0.293750 0.022678 0.007422 0.010166
0 0.494531 0.400385 0.011719 0.014076
0 0.851562 0.294293 0.010156 0.015119
0 0.578516 0.340431 0.014062 0.015379
0 0.144043 0.662094 0.012305 0.012512
0 0.171094 0.704844 0.014551 0.024503
0 0.914062 0.819016 0.011719 0.018768
0 0.522656 0.257800 0.010156 0.014597
0 0.521875 0.272136 0.009766 0.011469
0 0.960156 0.447826 0.010937 0.015640
0 0.861719 0.900865 0.007812 0.011991
0 0.960938 0.875841 0.011719 0.014076
0 0.750391 0.785651 0.007812 0.010427
0 0.775000 0.919633 0.007422 0.010427
0 0.440625 0.807547 0.009766 0.009384
0 0.496875 0.082371 0.010937 0.013555
0 0.114648 0.681905 0.011426 0.014076
0 0.950000 0.242681 0.007812 0.009384
0 0.361914 0.784608 0.004297 0.005213
0 0.375977 0.055913 0.007422 0.008081
0 0.004538 0.270312 0.009076 0.009905
0 0.110059 0.913377 0.011133 0.016683
0 0.597656 0.050960 0.008984 0.011209
0 0.286328 0.248416 0.012500 0.018768
0 0.211523 0.645412 0.010156 0.013555
0 0.381250 0.938401 0.010742 0.015640
0 0.856250 0.872713 0.012500 0.014597
0 0.125781 0.168912 0.012891 0.014337
0 0.921875 0.022678 0.010938 0.009254
0 0.344531 0.437921 0.011133 0.022417
0 0.906250 0.739773 0.007031 0.010427
0 0.881250 0.389437 0.008594 0.012512
0 0.675000 0.938401 0.007422 0.010427
0 0.043262 0.818495 0.011865 0.017204
0 0.439844 0.034929 0.010547 0.013164
0 0.621875 0.584937 0.009766 0.011991
0 0.475781 0.502045 0.013672 0.014597
0 0.396875 0.899823 0.011133 0.015119
0 0.975000 0.453561 0.011719 0.014076
0 0.271484 0.297942 0.011914 0.011469
0 0.570312 0.534889 0.012109 0.014076
0 0.479688 0.282824 0.008984 0.010948
0 0.907031 0.930060 0.010938 0.017725
0 0.437109 0.529676 0.010938 0.013555
0 0.762500 0.482755 0.011719 0.014076
0 0.011914 0.550529 0.004395 0.005213
0 0.144336 0.193154 0.006250 0.006777
0 0.890625 0.453561 0.010156 0.017725
0 0.914844 0.207491 0.014062 0.013815
0 0.239063 0.082371 0.008398 0.010296
0 0.472266 0.819537 0.011719 0.011469
0 0.742578 0.361285 0.008594 0.011730
0 0.186719 0.970724 0.011621 0.012512
0 0.644141 0.858116 0.010938 0.009384
0 0.612500 0.359721 0.008203 0.012251
0 0.021948 0.175690 0.010461 0.010948
0 0.130664 0.913377 0.012207 0.017725
0 0.832813 0.292990 0.012500 0.016422
0 0.170117 0.566169 0.008301 0.008341
0 0.775000 0.949871 0.012891 0.018768
0 0.600781 0.136068 0.012109 0.014858
0 0.931250 0.299506 0.013281 0.016161
0 0.514063 0.223652 0.010156 0.013294
0 0.091309 0.493703 0.013184 0.014597
0 0.832813 0.777309 0.010938 0.013555
0 0.079980 0.946743 0.010400 0.013555
0 0.365234 0.668350 0.012500 0.017204
0 0.257617 0.650625 0.010547 0.014597
0 0.388672 0.645412 0.009180 0.010948
0 0.586719 0.523419 0.011328 0.016161
0 0.129297 0.952999 0.010254 0.017725
0 0.334180 0.392043 0.014063 0.011991
0 0.666406 0.843519 0.014844 0.015119
0 0.378711 0.639156 0.011719 0.014076
0 0.909375 0.208534 0.012500 0.013815
0 0.185742 0.779916 0.011035 0.015119
0 0.182813 0.523419 0.012500 0.019289
0 0.158887 0.030759 0.011133 0.009514
0 0.003738 0.820580 0.007477 0.008863
0 0.761719 0.483798 0.004687 0.005213
0 0.137305 0.050048 0.005371 0.005865
0 0.104590 0.683990 0.009424 0.017204
0 0.857813 0.888353 0.011719 0.012512
0 0.822656 0.591193 0.014063 0.013555
0 0.855469 0.831007 0.012500 0.010427
0 0.320703 0.204363 0.010742 0.013294
0 0.098535 0.771053 0.006641 0.009384
0 0.037109 0.574510 0.008936 0.016161
0 0.554297 0.845604 0.010156 0.011991
0 0.076465 0.963426 0.012109 0.015640
0 0.010950 0.767404 0.008075 0.015640
0 0.123633 0.940487 0.012305 0.014597
0 0.287109 0.923804 0.009961 0.011469
0 0.435156 0.563041 0.008984 0.016161
0 0.514063 0.530718 0.008594 0.011991
0 0.120703 0.755934 0.015332 0.018247
0 0.403516 0.659488 0.008398 0.019811
0 0.704688 0.927975 0.005859 0.006256
0 0.960156 0.963426 0.014063 0.013555
0 0.794531 0.460859 0.010547 0.017204
0 0.091699 0.230690 0.009229 0.014597
0 0.979688 0.875841 0.007812 0.010948
0 0.106641 0.798684 0.011230 0.008863
0 0.537109 0.843519 0.009375 0.017725
0 0.489453 0.505694 0.014844 0.017725
0 0.412500 0.450433 0.003516 0.005213
0 0.662500 0.617260 0.004297 0.005213
0 0.229297 0.809111 0.007617 0.010427
0 0.890625 0.827879 0.010156 0.011991
0 0.845313 0.257278 0.011719 0.011469
0 0.544531 0.106873 0.013281 0.017465
0 0.835938 0.116258 0.005469 0.005995
0 0.265820 0.615174 0.006641 0.007820
0 0.695312 0.382138 0.011328 0.017725
0 0.226562 0.027891 0.009570 0.014858
0 0.412500 0.587022 0.008203 0.018247
0 0.273047 0.917548 0.009570 0.016683
0 0.261523 0.771574 0.010938 0.019289
0 0.008203 0.239032 0.010742 0.013555
0 0.794531 0.894609 0.005469 0.005735
0 0.132031 0.747593 0.010254 0.013033
0 0.505469 0.273700 0.005859 0.007038
0 0.387891 0.817452 0.004492 0.004692
0 0.903125 0.222088 0.016406 0.025806
0 0.732031 0.967596 0.009375 0.014597
0 0.074707 0.827879 0.011084 0.011469
0 0.236719 0.787215 0.008594 0.011991
0 0.732031 0.340431 0.016797 0.020071
0 0.701563 0.649061 0.012109 0.015640
0 0.205859 0.518206 0.007031 0.009905
0 0.205859 0.510907 0.008008 0.018247
0 0.764063 0.029455 0.010547 0.014858
0 0.487109 0.285170 0.010156 0.011991
0 0.078906 0.109220 0.006885 0.009905
0 0.951563 0.166045 0.011719 0.014597
0 0.813281 0.750721 0.004687 0.004692
0 0.350000 0.477542 0.011328 0.012512
0 0.993750 0.006777 0.010938 0.013555
0 0.252539 0.871671 0.007812 0.013033
0 0.613281 0.551572 0.003516 0.005213
0 0.585938 0.570861 0.013672 0.013555
0 0.257617 0.923804 0.015234 0.018768
0 0.853125 0.889396 0.013281 0.013033
0 0.616797 0.225477 0.012500 0.014597
0 0.748438 0.871671 0.011328 0.016161
0 0.889844 0.308630 0.009375 0.010687
0 0.641797 0.636028 0.014844 0.021375
0 0.574219 0.111044 0.006641 0.010166
0 0.498438 0.393086 0.008984 0.015119
0 0.513672 0.536974 0.009375 0.015119
0 0.408203 0.929017 0.010938 0.014597
0 0.027344 0.310194 0.007056 0.011209
0 0.968750 0.958212 0.011719 0.016683
0 0.133594 0.890960 0.009473 0.011469
0 0.580469 0.038970 0.011719 0.010948
0 0.713672 0.848211 0.009375 0.010427
0 0.736719 0.052133 0.011328 0.017074
0 0.868750 0.375361 0.007031 0.006777
0 0.331641 0.640720 0.006641 0.007299
0 0.469531 0.802855 0.014453 0.019289
0 0.187695 0.551050 0.003711 0.005213
0 0.338086 0.784608 0.004688 0.005213
0 0.694531 0.346166 0.010547 0.015640
0 0.606250 0.540102 0.006641 0.006777
0 0.047705 0.021635 0.012305 0.014206
0 0.957812 0.110002 0.011719 0.016683
0 0.840625 0.304198 0.014062 0.018768
0 0.498047 0.508301 0.008594 0.013555
0 0.140820 0.749678 0.009082 0.009384
0 0.212109 0.679820 0.010742 0.012512
0 0.307812 0.658966 0.010742 0.011991
0 0.211328 0.625601 0.008398 0.010948
0 0.975000 0.220003 0.009375 0.009905
0 0.677344 0.474414 0.012891 0.015119
0 0.037817 0.411333 0.009131 0.010427
0 0.777344 0.709014 0.008984 0.009905
0 0.564844 0.841433 0.014062 0.016161
0 0.479688 0.811196 0.009766 0.015640
0 0.829687 0.193154 0.009375 0.017204
0 0.152832 0.005735 0.011523 0.011469
0 0.132031 0.754892 0.012012 0.016683
0 0.512891 0.216875 0.005469 0.006256
0 0.893750 0.237728 0.011719 0.015901
0 0.704688 0.350858 0.013281 0.011730
0 0.495313 0.893567 0.013672 0.019289
0 0.851562 0.064906 0.011719 0.013294
0 0.982813 0.853945 0.008594 0.013555
0 0.878125 0.284127 0.015625 0.019029
0 0.812500 0.984279 0.003906 0.005213
0 0.978125 0.229387 0.011719 0.013815
0 0.648438 0.316189 0.007031 0.009905
0 0.950000 0.345123 0.007031 0.010687
0 0.737500 0.583894 0.003125 0.004692
0 0.489062 0.552614 0.014453 0.021896
0 0.221094 0.907121 0.013281 0.018768
0 0.498047 0.865415 0.013281 0.017204
0 0.298828 0.585980 0.013477 0.014076
0 0.850000 0.774703 0.008594 0.011469
0 0.658594 0.297682 0.007031 0.007820
0 0.724219 0.658966 0.013672 0.018247
0 0.947656 0.157964 0.014063 0.016422
0 0.220703 0.729346 0.011523 0.014597
0 0.262891 0.683990 0.003906 0.005213
0 0.918750 0.198628 0.011719 0.019029
0 0.139063 0.937359 0.008105 0.014597
0 0.222656 0.408205 0.008008 0.008341
0 0.846875 0.261449 0.009375 0.014076
0 0.806250 0.875841 0.005469 0.007299
0 0.601953 0.365195 0.016406 0.017204
0 0.600781 0.043010 0.013672 0.013946
0 0.807813 0.462945 0.008594 0.010948
0 0.313672 0.211140 0.013672 0.014337
0 0.450781 0.529676 0.011328 0.015119
0 0.219141 0.506737 0.006445 0.006256
0 0.907813 0.302895 0.015625 0.016683
0 0.860937 0.576596 0.007031 0.009905
0 0.138281 0.739252 0.008203 0.010948
0 0.008972 0.186638 0.010254 0.012773
0 0.149609 0.202278 0.007520 0.010687
0 0.893750 0.991357 0.013281 0.017285
0 0.116309 0.909207 0.015625 0.014597
0 0.321289 0.197325 0.009766 0.010427
0 0.668359 0.471286 0.011719 0.016683
0 0.337500 0.427494 0.014062 0.019289
0 0.230469 0.786693 0.007617 0.010427
0 0.519531 0.859680 0.005469 0.007299
0 0.288281 0.312800 0.009766 0.014858
0 0.093164 0.218960 0.010303 0.011209
0 0.608203 0.991578 0.009375 0.008341
0 0.950000 0.237989 0.008594 0.016683
0 0.385156 0.633942 0.010742 0.017204
0 0.686719 0.239292 0.012891 0.016943
0 0.254492 0.923804 0.005859 0.007299
0 0.349023 0.845604 0.008594 0.015640
0 0.036890 0.083674 0.004932 0.006126
0 0.165234 0.405598 0.006641 0.007820
0 0.876562 0.454603 0.014062 0.021896
0 0.147266 0.693374 0.009473 0.015640
0 0.563281 0.817452 0.004297 0.005213
0 0.113477 0.768968 0.008887 0.011469
0 0.046973 0.407162 0.006738 0.007299
0 0.812500 0.851860 0.003906 0.004692
0 0.717969 0.607354 0.015234 0.019811
0 0.169141 0.860201 0.006445 0.007820
0 0.003894 0.640198 0.007568 0.011469
0 0.020581 0.037536 0.011072 0.014858
0 0.513281 0.647497 0.016797 0.020853
0 0.890625 0.817452 0.013281 0.014076
0 0.145605 0.476499 0.011328 0.013033
0 0.582812 0.576596 0.010937 0.014076
0 0.280469 0.480149 0.006055 0.008341
0 0.087646 0.583894 0.003418 0.004692
0 0.082813 0.237207 0.008984 0.017465
0 0.682813 0.057347 0.011328 0.016813
0 0.162891 0.050830 0.004004 0.005344
0 0.142090 0.834135 0.013281 0.019811
0 0.312500 0.916505 0.011914 0.012512
0 0.243750 0.873756 0.005273 0.005735
0 0.801563 0.289862 0.010938 0.014597
0 0.794531 0.986364 0.015625 0.018768
0 0.790234 0.842476 0.012500 0.011991
0 0.819531 0.569297 0.014063 0.020332
0 0.912500 0.418110 0.007031 0.010427
0 0.776172 0.253368 0.011719 0.019550
0 0.104980 0.622473 0.011572 0.010948
0 0.252344 0.233036 0.011133 0.013815
0 0.018066 0.231472 0.012573 0.013815
0 0.481250 0.106352 0.004688 0.006256
0 0.850000 0.779916 0.010156 0.019811
0 0.894531 0.982194 0.012500 0.020853
0 0.193359 0.658445 0.008008 0.012512
0 0.643750 0.489533 0.011328 0.015640
0 0.544922 0.942572 0.005469 0.007299
0 0.303516 0.582852 0.009766 0.009905
0 0.274219 0.305762 0.011719 0.018247
0 0.873438 0.978023 0.012500 0.015640
0 0.049561 0.304980 0.008276 0.013815
0 0.896875 0.234340 0.013281 0.011469
0 0.534375 0.882097 0.008594 0.010427
0 0.622656 0.915463 0.006250 0.008341
0 0.344141 0.209055 0.004688 0.007820
0 0.503125 0.057607 0.009766 0.012121
0 0.868750 0.148841 0.007812 0.010427
0 0.080566 0.212704 0.011914 0.016422
0 0.536719 0.986364 0.012891 0.021896
0 0.504687 0.053828 0.008203 0.015640
0 0.080664 0.493182 0.014600 0.016683
0 0.948438 0.177775 0.011719 0.013815
0 0.690625 0.561998 0.010547 0.013033
0 0.776563 0.905036 0.011328 0.015119
0 0.039697 0.572946 0.008423 0.012512
0 0.407031 0.988450 0.008203 0.009384
0 0.955469 0.868543 0.009375 0.017204
0 0.935938 0.126684 0.009375 0.014076
0 0.605469 0.359199 0.006250 0.007820
0 0.932031 0.326095 0.009375 0.010948
0 0.768359 0.622473 0.014844 0.020332
0 0.482422 0.918591 0.013281 0.018768
0 0.913281 0.316971 0.012500 0.015901
0 0.077930 0.721526 0.014160 0.017204
0 0.997266 0.253368 0.005469 0.009123
0 0.846875 0.871671 0.011719 0.011991
0 0.004614 0.371711 0.006055 0.007299
0 0.944531 0.476499 0.004688 0.005735
0 0.641016 0.885747 0.015625 0.017725
0 0.657813 0.517685 0.012891 0.019811
0 0.268750 0.279435 0.008789 0.012773
0 0.887500 0.825793 0.012500 0.016161
0 0.113184 0.842997 0.009180 0.012512
0 0.267188 0.036754 0.011914 0.016813
0 0.993750 0.509343 0.006250 0.008341
0 0.004785 0.187680 0.008130 0.008863
0 0.086816 0.161092 0.011230 0.017465
0 0.682031 0.593278 0.005469 0.005735
0 0.026367 0.235643 0.014038 0.019811
0 0.166406 0.684512 0.010840 0.013555
0 0.835938 0.512993 0.006250 0.008341
0 0.960156 0.241899 0.014063 0.016161
0 0.725391 0.268748 0.007812 0.010948
0 0.996484 0.932145 0.007031 0.013555
0 0.421875 0.893567 0.007812 0.013033
0 0.674609 0.501523 0.007812 0.010948
0 0.556250 0.870628 0.009375 0.013033
0 0.012634 0.770532 0.013037 0.021375
0 0.909375 0.174386 0.020313 0.016683
0 0.476562 0.405077 0.013672 0.025024
0 0.892187 0.356593 0.004687 0.006517
0 0.389063 0.108438 0.011328 0.014076
0 0.182422 0.993964 0.009473 0.012072
0 0.913281 0.461902 0.010937 0.014076
0 0.593750 0.512993 0.008203 0.014076
0 0.362305 0.185595 0.011719 0.012512
0 0.120313 0.855509 0.011230 0.015640
0 0.531250 0.422802 0.005859 0.006256
0 0.482031 0.566169 0.012891 0.017204
0 0.562500 0.532803 0.009766 0.011991
0 0.317383 0.968639 0.009375 0.014597
0 0.132422 0.761148 0.010742 0.017725
0 0.576172 0.065949 0.010156 0.013815
0 0.679688 0.850817 0.015234 0.016161
0 0.523438 0.549486 0.010938 0.015640
0 0.705859 0.506216 0.015625 0.018768
0 0.689844 0.368062 0.013672 0.015640
0 0.084082 0.217918 0.010107 0.010948
0 0.257812 0.517164 0.010742 0.013033
0 0.628906 0.118082 0.013672 0.013555
0 0.815625 0.355029 0.010156 0.012251
0 0.155469 0.017856 0.011914 0.015901
0 0.217969 0.456689 0.009375 0.011991
0 0.330469 0.326355 0.013672 0.017465
0 0.263086 0.917548 0.003516 0.005213
0 0.426953 0.286734 0.013281 0.013294
0 0.563281 0.976980 0.010156 0.018768
0 0.537500 0.190808 0.008984 0.012512
0 0.957813 0.968639 0.008594 0.010427
0 0.434375 0.351119 0.011719 0.014597
0 0.118945 0.173083 0.006738 0.006517
0 0.356641 0.623516 0.006836 0.006777
0 0.557031 0.543230 0.005469 0.007820
0 0.607813 0.344081 0.012891 0.015901
0 0.330469 0.391001 0.004492 0.005735
0 0.528125 0.411854 0.017188 0.023981
0 0.512500 0.921719 0.013672 0.015640
0 0.312891 0.789300 0.010547 0.011991
0 0.237695 0.309151 0.014063 0.019029
0 0.493750 0.952999 0.009375 0.016683
0 0.318750 0.756977 0.006836 0.006777
0 0.188086 0.683990 0.003906 0.004692
0 0.411328 0.550529 0.005469 0.004692
0 0.914062 0.159007 0.011719 0.020853
0 0.657031 0.841955 0.005859 0.008341
0 0.928125 0.748114 0.011719 0.016683
0 0.289258 0.318535 0.008984 0.015901
0 0.887500 0.016422 0.005469 0.005604
0 0.637500 0.950913 0.004297 0.005213
0 0.931250 0.313582 0.011719 0.016683
0 0.682031 0.607354 0.006250 0.006256
0 0.378906 0.174647 0.006250 0.009123
0 0.674219 0.515078 0.009766 0.016683
0 0.780469 0.988450 0.012500 0.019811
0 0.097559 0.219221 0.012500 0.011991
0 0.557813 0.814324 0.011328 0.018247
0 0.127148 0.634464 0.010059 0.010427
0 0.873438 0.807025 0.013281 0.017725
0 0.238281 0.854988 0.016406 0.020853
0 0.971094 0.053697 0.007812 0.008211
0 0.939062 0.154836 0.010156 0.019029
0 0.850781 0.757499 0.007812 0.010427
0 0.343945 0.868021 0.013672 0.020853
0 0.436719 0.032714 0.009766 0.016943
0 0.282031 0.041316 0.006055 0.007820
0 0.492188 0.543230 0.006641 0.006777
0 0.526563 0.258842 0.009766 0.014076
0 0.845313 0.878969 0.011719 0.013555
0 0.494531 0.642284 0.005469 0.007820
0 0.421875 0.908164 0.008594 0.012512
0 0.885156 0.857073 0.007812 0.008863
0 0.976562 0.895652 0.010938 0.014597
0 0.089648 0.819537 0.011914 0.013555
0 0.508594 0.081589 0.007812 0.008732
0 0.835938 0.576596 0.013281 0.020853
0 0.448828 0.886268 0.012500 0.017725
0 0.328906 0.112087 0.010156 0.017465
0 0.222266 0.642805 0.008594 0.009384
0 0.587891 0.595364 0.010156 0.010427
0 0.655469 0.317753 0.008203 0.010427
0 0.957813 0.003063 0.008594 0.006126
0 0.997266 0.585980 0.005469 0.008341
0 0.162695 0.551050 0.004004 0.005213
0 0.779688 0.220524 0.013672 0.022678
0 0.582812 0.342777 0.004297 0.006777
0 0.568750 0.209055 0.007422 0.010166
0 0.643359 0.575553 0.013281 0.017725
0 0.435547 0.809111 0.014844 0.016161
0 0.893750 0.776788 0.006250 0.007299
0 0.606641 0.924847 0.006250 0.008341
0 0.106836 0.807025 0.006250 0.006256
0 0.848438 0.372233 0.010938 0.019029
0 0.937500 0.317753 0.003906 0.005735
0 0.507422 0.527069 0.005469 0.006256