0 0.267383 0.796599 0.008203 0.014076
0 0.291016 0.798684 0.006445 0.010948
0 0.284766 0.797641 0.005273 0.009905
0 0.751562 0.817452 0.008984 0.016161
0 0.813281 0.368583 0.007812 0.014597
0 0.877344 0.528112 0.006250 0.009384
0 0.295312 0.798684 0.007031 0.010427
0 0.194336 0.026327 0.009277 0.013424
0 0.800000 0.717356 0.008984 0.016161
0 0.728906 0.719962 0.006641 0.009384
0 0.953906 0.319057 0.006250 0.010166
0 0.689063 0.083413 0.007812 0.013294
0 0.793750 0.702758 0.010547 0.017725
0 0.845313 0.161353 0.007812 0.009905
0 0.433203 0.945700 0.007031 0.008341
0 0.845313 0.141803 0.011719 0.017204
0 0.783594 0.527590 0.009766 0.015119
0 0.185742 0.035190 0.008691 0.012642
0 0.787500 0.086150 0.010547 0.017986
0 0.749219 0.528633 0.005859 0.007820
0 0.707812 0.725697 0.008984 0.011991
0 0.737500 0.621430 0.007422 0.014076
0 0.809375 0.268748 0.006250 0.007820
0 0.194141 0.842476 0.009766 0.016161
0 0.943750 0.320099 0.010156 0.017986
0 0.278125 0.804940 0.007227 0.006256
0 0.280664 0.797641 0.008203 0.012512
0 0.820312 0.084195 0.010938 0.014728
0 0.382227 0.887832 0.007422 0.009384
0 0.686719 0.903993 0.005859 0.008341
0 0.820312 0.761669 0.010156 0.019811
0 0.953125 0.644369 0.007031 0.010427
0 0.662500 0.700673 0.010547 0.016161
0 0.939063 0.975937 0.011719 0.012512
0 0.893750 0.608918 0.010156 0.017725
0 0.501563 0.172562 0.005859 0.006777
0 0.789062 0.720484 0.008984 0.016161
0 0.460156 0.695460 0.005078 0.006777
0 0.545313 0.677213 0.008984 0.017725
0 0.903125 0.184552 0.009375 0.012773
0 0.163672 0.845604 0.008691 0.011469
0 0.700391 0.076115 0.009375 0.014597
0 0.919531 0.661052 0.012500 0.016161
0 0.467188 0.963426 0.005469 0.006256
0 0.827344 0.104527 0.007812 0.014076
0 0.601172 0.196543 0.006250 0.006777
0 0.476953 0.930060 0.007812 0.008341
0 0.653516 0.134504 0.010938 0.014597
0 0.765625 0.697545 0.006250 0.006777
0 0.664453 0.764276 0.010937 0.011991
0 0.926562 0.628729 0.007812 0.008863
0 0.878125 0.175168 0.010156 0.011730
0 0.853906 0.835177 0.009375 0.015640
0 0.812500 0.803376 0.007031 0.011469
0 0.854688 0.395693 0.011719 0.015640
0 0.796094 0.295596 0.008984 0.015379
0 0.539844 0.442091 0.009766 0.016161
0 0.763281 0.037015 0.007031 0.012903
0 0.859375 0.231212 0.005469 0.007299
0 0.773828 0.451475 0.011719 0.013033
0 0.257812 0.795556 0.009570 0.015119
0 0.832813 0.284127 0.010156 0.014337
0 0.837500 0.102703 0.011719 0.011730
0 0.461719 0.433750 0.008984 0.016683
0 0.832813 0.767925 0.007031 0.009384
0 0.767187 0.820580 0.005469 0.007820
0 0.766406 0.727782 0.009766 0.018247
0 0.266992 0.910249 0.007422 0.012512
0 0.159766 0.876363 0.010059 0.013555
0 0.748438 0.729868 0.008984 0.007820
0 0.570312 0.178296 0.009766 0.019029
0 0.750000 0.761148 0.007031 0.009384
0 0.753125 0.290904 0.010156 0.014858
0 0.420313 0.997614 0.008984 0.004773
0 0.152734 0.243984 0.010449 0.012773
0 0.572656 0.594842 0.008203 0.012512
0 0.840625 0.048875 0.007812 0.008602
0 0.728906 0.715270 0.006641 0.007820
0 0.651563 0.147798 0.008203 0.010427
0 0.821875 0.472850 0.007031 0.007299
0 0.804688 0.373275 0.011719 0.014337
0 0.970312 0.255454 0.006250 0.007038
0 0.356445 0.275264 0.012891 0.016422
0 0.688672 0.153272 0.009375 0.017204
0 0.832031 0.055261 0.010938 0.010818
0 0.314063 0.386830 0.010547 0.018247
0 0.248047 0.821623 0.004883 0.010427
0 0.951563 0.659488 0.007812 0.009384
0 0.444531 0.652710 0.011719 0.016161
0 0.736719 0.693374 0.006641 0.009905
0 0.457812 0.951956 0.012109 0.012512
0 0.875781 0.131116 0.009375 0.008341
0 0.842188 0.776788 0.011719 0.014076
0 0.931250 0.601620 0.010156 0.016683
0 0.076563 0.677734 0.008936 0.010948
0 0.302734 0.566169 0.012695 0.010427
0 0.739844 0.798684 0.009375 0.010427
0 0.496094 0.172040 0.008594 0.011730
0 0.728516 0.047441 0.007031 0.007559
0 0.853125 0.298464 0.008594 0.009384
0 0.137988 0.785129 0.012305 0.013033
0 0.467187 0.986364 0.005859 0.007299
0 0.283984 0.334175 0.010352 0.015119
0 0.896875 0.195761 0.010156 0.016683
0 0.274414 0.155879 0.008594 0.011991
0 0.300195 0.814324 0.008594 0.011991
0 0.869531 0.527590 0.007812 0.011991
0 0.748047 0.736124 0.010156 0.011991
0 0.580469 0.567212 0.011719 0.010948
0 0.826563 0.117822 0.010938 0.012251
0 0.107617 0.375882 0.010840 0.013555
0 0.934375 0.301331 0.010938 0.015119
0 0.861719 0.621430 0.009375 0.013555
0 0.352148 0.951956 0.010547 0.014597
0 0.945312 0.652189 0.010156 0.012512
0 0.712500 0.047963 0.007031 0.008341
0 0.314648 0.280999 0.007422 0.008602
0 0.620313 0.400385 0.009766 0.017204
0 0.757422 0.507779 0.010938 0.016683
0 0.826563 0.341213 0.010938 0.015119
0 0.073926 0.756977 0.010889 0.014597
0 0.744531 0.724654 0.011719 0.015119
0 0.471094 0.478063 0.010156 0.015640
0 0.301172 0.620909 0.009570 0.017725
0 0.453125 0.234340 0.008594 0.010427
0 0.957813 0.570861 0.008594 0.009384
0 0.820312 0.034408 0.011719 0.010687
0 0.813281 0.994485 0.010938 0.011029
0 0.678516 0.978023 0.010937 0.018768
0 0.786328 0.397257 0.005469 0.007820
0 0.890625 0.518206 0.010938 0.015119
0 0.851562 0.609961 0.012500 0.011991
0 0.443750 0.479627 0.007031 0.010948
0 0.771094 0.706929 0.010547 0.009384
0 0.820312 0.887311 0.010938 0.016683
0 0.801563 0.699630 0.010938 0.017204
0 0.846875 0.844040 0.010156 0.013555
0 0.730078 0.637070 0.011719 0.010948
0 0.782812 0.452518 0.006641 0.009905
0 0.724609 0.507779 0.007031 0.009384
0 0.159375 0.202278 0.010254 0.016161
0 0.482031 0.707972 0.007422 0.008863
0 0.809375 0.994485 0.008594 0.011029
0 0.873438 0.911292 0.009375 0.019811
0 0.720703 0.717356 0.010938 0.014076
0 0.739063 0.864893 0.007031 0.008341
0 0.823438 0.119386 0.010156 0.011209
0 0.323633 0.628729 0.005469 0.006256
0 0.682031 0.563041 0.007031 0.009905
0 0.879688 0.165784 0.009375 0.011730
0 0.755469 0.749678 0.008203 0.016161
0 0.504297 0.969682 0.007812 0.009384
0 0.782031 0.994706 0.008984 0.010427
0 0.260547 0.179078 0.004883 0.006777
0 0.919531 0.537496 0.010938 0.018768
0 0.784375 0.713706 0.008203 0.009384
0 0.186816 0.009775 0.012695 0.017465
0 0.881250 0.170476 0.010156 0.016943
0 0.863281 0.746551 0.010938 0.018247
0 0.731641 0.994485 0.007812 0.011029
0 0.426172 0.963426 0.011719 0.009384
0 0.042480 0.074290 0.010718 0.014206
0 0.205664 0.708493 0.008984 0.013555
0 0.604688 0.410811 0.005859 0.008863
0 0.421875 0.963426 0.008203 0.010427
0 0.049854 0.009645 0.011816 0.014728
0 0.462500 0.317492 0.008203 0.013815
0 0.920313 0.877405 0.009375 0.011469
0 0.377734 0.744465 0.010352 0.011991
0 0.353711 0.796599 0.007031 0.007820
0 0.369531 0.456689 0.007617 0.009905
0 0.471094 0.915463 0.010937 0.014597
0 0.062891 0.278914 0.012354 0.013294
0 0.446875 0.706408 0.006641 0.007299
0 0.721094 0.571904 0.011328 0.012512
0 0.534375 0.990535 0.009375 0.011469
0 0.283984 0.143367 0.010742 0.012773
0 0.700781 0.986364 0.006641 0.009384
0 0.102539 0.093058 0.011035 0.012903
0 0.474219 0.911292 0.010938 0.016683
0 0.283398 0.380574 0.010547 0.010948
0 0.573438 0.604748 0.007422 0.013555
0 0.446094 0.370669 0.009766 0.012512
0 0.434375 0.982194 0.010547 0.015640
0 0.478906 0.834656 0.006641 0.009384
0 0.489062 0.420717 0.012109 0.017725
0 0.946875 0.986364 0.009375 0.011469
0 0.525781 0.491097 0.012891 0.012512
0 0.213281 0.285691 0.012695 0.014858
0 0.770703 0.037797 0.009375 0.016292
0 0.484375 0.990535 0.006641 0.007299
0 0.666016 0.751764 0.010938 0.012512
0 0.699219 0.970724 0.006250 0.008341
0 0.214062 0.855509 0.010742 0.010427
0 0.551562 0.613089 0.012109 0.010948
0 0.081885 0.718398 0.009277 0.015640
0 0.803125 0.531761 0.010938 0.010427
0 0.652734 0.686076 0.010156 0.011469
0 0.288672 0.730389 0.007617 0.007299
0 0.099805 0.386830 0.011475 0.011991
0 0.200586 0.879491 0.006738 0.008341
0 0.678125 0.896695 0.011328 0.013033
0 0.811719 0.130855 0.012500 0.012773
0 0.736719 0.627165 0.007422 0.009384
0 0.762891 0.068295 0.007812 0.010036
0 0.399219 0.470765 0.006836 0.011469
0 0.053027 0.752285 0.010400 0.016683
0 0.920313 0.730910 0.010156 0.011991
0 0.843750 0.761148 0.008594 0.017204
0 0.825000 0.114694 0.010156 0.008602
0 0.793750 0.522377 0.011328 0.010948
0 0.865625 0.121210 0.005469 0.006256
0 0.764844 0.472329 0.009766 0.008863
0 0.915625 0.503609 0.010156 0.016161
0 0.171484 0.078982 0.009668 0.011600
0 0.283398 0.804419 0.010937 0.006256
0 0.767187 0.707450 0.010938 0.010427
0 0.358984 0.518727 0.010547 0.018768
0 0.842969 0.026327 0.010937 0.015249
0 0.241797 0.725697 0.007812 0.015640
0 0.426953 0.170476 0.011719 0.015379
0 0.526563 0.474935 0.011328 0.012512
0 0.887500 0.385787 0.011719 0.013033
0 0.564063 0.604748 0.010547 0.014597
0 0.840625 0.609961 0.007031 0.009384
0 0.914062 0.877927 0.011719 0.012512
0 0.855469 0.068816 0.012500 0.017465
0 0.501953 0.146495 0.010156 0.016683
0 0.883594 0.432707 0.012500 0.011991
0 0.801563 0.886268 0.010156 0.010948
0 0.325391 0.271615 0.006445 0.007559
0 0.904688 0.748114 0.010156 0.014597
0 0.171094 0.314886 0.011426 0.014858
0 0.247461 0.801812 0.004688 0.015119
0 0.445312 0.227302 0.008984 0.014337
0 0.689063 0.104527 0.008984 0.012642
0 0.732031 0.534889 0.007031 0.009384
0 0.756250 0.061257 0.007031 0.010557
0 0.148926 0.940487 0.005859 0.008341
0 0.731250 0.471286 0.007812 0.013555
0 0.815625 0.114172 0.005469 0.008602
0 0.829688 0.137111 0.011719 0.016943
0 0.794531 0.213486 0.007031 0.008341
0 0.173730 0.278392 0.005469 0.008341
0 0.744141 0.737166 0.010938 0.010427
0 0.833594 0.864893 0.010938 0.011469
0 0.471875 0.685033 0.008984 0.013033
0 0.438281 0.637070 0.010156 0.014076
0 0.888281 0.255714 0.006250 0.007299
0 0.825000 0.805983 0.013281 0.014076
0 0.372070 0.466073 0.008203 0.008863
0 0.081055 0.259103 0.008350 0.015119
0 0.771484 0.379010 0.010156 0.011469
0 0.932813 0.609961 0.008594 0.010427
0 0.439844 0.937359 0.010156 0.010427
0 0.421094 0.326355 0.008203 0.009645
0 0.382031 0.743423 0.010742 0.011991
0 0.521875 0.921719 0.009766 0.015640
0 0.212500 0.980108 0.007227 0.011469
0 0.783594 0.096186 0.009375 0.007950
0 0.154883 0.238771 0.010645 0.016161
0 0.474609 0.681905 0.011719 0.014076
0 0.640625 0.765319 0.010938 0.009905
0 0.297656 0.801291 0.010156 0.010427
0 0.559766 0.963426 0.005469 0.006256
0 0.968750 0.762190 0.010156 0.015119
0 0.300195 0.574510 0.010937 0.009384
0 0.989062 0.358678 0.011719 0.012512
0 0.438281 0.623516 0.010547 0.013033
0 0.124023 0.062299 0.005664 0.007690
0 0.387500 0.872713 0.008008 0.015640
0 0.823438 0.028152 0.007031 0.012773
0 0.492578 0.980108 0.011719 0.014597
0 0.689063 0.111826 0.009766 0.016161
0 0.878125 0.478585 0.010156 0.013555
0 0.950781 0.986364 0.010938 0.011469
0 0.520312 0.413939 0.012109 0.010948
0 0.487500 0.856031 0.009766 0.011469
0 0.316406 0.902951 0.011914 0.013033
0 0.656250 0.715270 0.007812 0.010427
0 0.416406 0.167609 0.009766 0.016161
0 0.690625 0.943615 0.007422 0.008341
0 0.428516 0.631857 0.007812 0.008863
0 0.968750 0.535932 0.010156 0.015119
0 0.562500 0.784087 0.004297 0.005735
0 0.509375 0.154315 0.009766 0.015119
0 0.987500 0.792428 0.011719 0.011991
0 0.309180 0.917548 0.011328 0.014597
0 0.521875 0.491097 0.009375 0.011469
0 0.769531 0.765319 0.007422 0.006777
0 0.793750 0.620388 0.008984 0.019289
0 0.873438 0.159528 0.010156 0.015119
0 0.914062 0.728825 0.010156 0.013033
0 0.647656 0.686076 0.009375 0.011469
0 0.878125 0.878969 0.010156 0.018247
0 0.971875 0.061126 0.010156 0.010948
0 0.775781 0.478063 0.007422 0.010427
0 0.657031 0.147016 0.011719 0.011209
0 0.845312 0.314104 0.007031 0.007299
0 0.186133 0.824751 0.010645 0.013033
0 0.208984 0.626644 0.008789 0.011991
0 0.563281 0.994746 0.007422 0.010508
0 0.585156 0.561998 0.010547 0.017204
0 0.796094 0.817452 0.012109 0.013033
0 0.463672 0.311758 0.010156 0.013294
0 0.272852 0.557306 0.010547 0.012512
0 0.957813 0.318274 0.010156 0.010427
0 0.715234 0.629250 0.010156 0.014597
0 0.810938 0.934231 0.010156 0.017725
0 0.515625 0.414461 0.008594 0.010427
0 0.376758 0.555221 0.012109 0.012512
0 0.191406 0.940487 0.009668 0.014597
0 0.890625 0.414982 0.010938 0.010948
0 0.313672 0.621952 0.013281 0.013555
0 0.430469 0.480149 0.005859 0.007299
0 0.323828 0.050309 0.008008 0.009775
0 0.845312 0.243724 0.006250 0.008341
0 0.232227 0.732474 0.011719 0.011469
0 0.675391 0.396214 0.013281 0.013555
0 0.934375 0.719441 0.010156 0.011991
0 0.018933 0.948828 0.007104 0.009384
0 0.719531 0.270572 0.011328 0.014337
0 0.977344 0.793471 0.007812 0.009905
0 0.450000 0.637592 0.008203 0.011469
0 0.577344 0.564605 0.009766 0.012512
0 0.202344 0.940487 0.007031 0.008341
0 0.742969 0.380574 0.010156 0.010427
0 0.865625 0.752285 0.011719 0.012512
0 0.767969 0.472329 0.009766 0.010948
0 0.249609 0.817452 0.007422 0.014076
0 0.278906 0.558349 0.009375 0.013555
0 0.182129 0.640198 0.007227 0.007820
0 0.782812 0.772096 0.012109 0.013555
0 0.070068 0.853945 0.010645 0.017725
0 0.223438 0.384223 0.011328 0.011469
0 0.965625 0.570340 0.010156 0.009905
0 0.650000 0.018507 0.007422 0.011339
0 0.064746 0.846647 0.009619 0.013555
0 0.795313 0.063603 0.007422 0.008341
0 0.920313 0.957170 0.011719 0.009384
0 0.656250 0.727782 0.007422 0.010948
0 0.857813 0.687118 0.007031 0.009384
0 0.727734 0.663137 0.010938 0.014076
0 0.872656 0.127988 0.010938 0.011469
0 0.854688 0.252847 0.006250 0.008602
0 0.304688 0.820059 0.005664 0.013555
0 0.817187 0.119907 0.007812 0.008081
0 0.248047 0.797641 0.004297 0.010948
0 0.445312 0.853424 0.010938 0.011469
0 0.538281 0.990535 0.013672 0.013555
0 0.956250 0.952999 0.011719 0.011469
0 0.718750 0.557306 0.007812 0.009384
0 0.716406 0.978023 0.011328 0.010427
0 0.687500 0.083935 0.003516 0.005083
0 0.870313 0.752285 0.011719 0.012512
0 0.158691 0.925889 0.010547 0.015640
0 0.711719 0.979066 0.009375 0.010427
0 0.128613 0.993964 0.011133 0.012072
0 0.778125 0.464509 0.009766 0.010427
0 0.964063 0.310715 0.010156 0.015640
0 0.976562 0.759062 0.010156 0.013033
0 0.234570 0.712142 0.010937 0.014597
0 0.995313 0.298203 0.007031 0.007559
0 0.624219 0.459817 0.010547 0.014597
0 0.574219 0.442091 0.012109 0.011991
0 0.465625 0.695981 0.005469 0.007299
0 0.467578 0.319578 0.007812 0.011991
0 0.171289 0.602662 0.010352 0.011991
0 0.205078 0.021114 0.011914 0.012903
0 0.548438 0.963426 0.005078 0.008341
0 0.434375 0.636028 0.012109 0.012512
0 0.787500 0.986364 0.008984 0.013555
0 0.748047 0.994225 0.007812 0.011550
0 0.752734 0.944657 0.007031 0.008341
0 0.171875 0.447305 0.010840 0.013033
0 0.486719 0.678777 0.006641 0.010948
0 0.170117 0.580766 0.007031 0.007820
0 0.814062 0.670436 0.006250 0.007820
0 0.257031 0.801812 0.010352 0.011991
0 0.497266 0.163699 0.008594 0.013294
0 0.505469 0.150926 0.012500 0.011991
0 0.522656 0.890439 0.005859 0.006777
0 0.637109 0.756977 0.008594 0.009384
0 0.742188 0.995528 0.006641 0.008944
0 0.443750 0.613089 0.007422 0.015119
0 0.015833 0.913377 0.007684 0.009384
0 0.620703 0.012903 0.007812 0.007559
0 0.739844 0.986364 0.010547 0.013555
0 0.964063 0.556785 0.011719 0.017204
0 0.440625 0.853424 0.010156 0.012512
0 0.828906 0.337825 0.009375 0.014858
0 0.752344 0.373275 0.010547 0.009905
0 0.790234 0.528112 0.009375 0.013555
0 0.175684 0.259103 0.007227 0.009123
0 0.806250 0.345645 0.007031 0.013815
0 0.480078 0.148580 0.010938 0.011730
0 0.214844 0.846647 0.008984 0.009384
0 0.692969 0.690246 0.006641 0.008341
0 0.022266 0.005767 0.008643 0.011535
0 0.910938 0.986364 0.005469 0.007299
0 0.194531 0.025285 0.004980 0.007950
0 0.807813 0.114954 0.010156 0.009905
0 0.788281 0.317492 0.010547 0.014337
0 0.127148 0.851860 0.010352 0.011991
0 0.137891 0.811196 0.006641 0.010948
0 0.375977 0.870107 0.011328 0.012512
0 0.164844 0.451475 0.010449 0.018247
0 0.521875 0.357375 0.008984 0.010948
0 0.309375 0.718398 0.011719 0.013555
0 0.904688 0.271615 0.010156 0.014337
0 0.445312 0.233036 0.009375 0.013815
0 0.910938 0.255193 0.005469 0.006777
0 0.708203 0.491097 0.010156 0.014076
0 0.900000 0.631857 0.007031 0.008863
0 0.498438 0.277610 0.005469 0.007820
0 0.902344 0.568254 0.007812 0.009905
0 0.512500 0.861244 0.006641 0.009384
0 0.858594 0.240856 0.009375 0.009384
0 0.526172 0.357114 0.014062 0.012773
0 0.965625 0.061257 0.010156 0.011730
0 0.784375 0.988450 0.010547 0.013555
0 0.871875 0.153794 0.009375 0.012251
0 0.865625 0.739252 0.011719 0.016161
0 0.209375 0.857073 0.011719 0.013555
0 0.608984 0.599534 0.010938 0.014076
0 0.793750 0.556785 0.006641 0.008863
0 0.239453 0.959255 0.007812 0.009384
0 0.738281 0.373275 0.007031 0.007820
0 0.781641 0.748636 0.007031 0.008863
0 0.474609 0.969682 0.007031 0.008341
0 0.568750 0.515078 0.007422 0.009905
0 0.845312 0.259103 0.007031 0.009123
0 0.397852 0.997874 0.009766 0.004252
0 0.746094 0.987407 0.008984 0.010427
0 0.870313 0.455646 0.007031 0.007299
0 0.667969 0.726740 0.006641 0.009384
0 0.948438 0.237728 0.005469 0.007038
0 0.860156 0.381617 0.004687 0.008863
0 0.771484 0.090973 0.010938 0.011469
0 0.742188 0.694417 0.008594 0.012512
0 0.781250 0.802333 0.006641 0.009384
0 0.148828 0.930060 0.005371 0.007299
0 0.817188 0.274222 0.005469 0.008602
0 0.323047 0.926932 0.010547 0.012512
0 0.953125 0.339910 0.008594 0.009645
0 0.510938 0.176732 0.006641 0.007820
0 0.946875 0.948828 0.007031 0.007299
0 0.007880 0.924847 0.007935 0.008341
0 0.555859 0.611525 0.012500 0.014597
0 0.513281 0.778873 0.010938 0.013033
0 0.380469 0.814324 0.005859 0.007820
0 0.249609 0.918591 0.006641 0.008341
0 0.712109 0.600577 0.007031 0.009384
0 0.744141 0.807547 0.010156 0.009384
0 0.722656 0.680862 0.005469 0.006777
0 0.343359 0.570861 0.007031 0.011469
0 0.317383 0.996571 0.005469 0.006858
0 0.728125 0.632900 0.009766 0.011991
0 0.240234 0.047832 0.007227 0.007559
0 0.533594 0.182467 0.010547 0.012251
0 0.435937 0.978023 0.009766 0.015640
0 0.460938 0.148580 0.005469 0.007559
0 0.760938 0.828921 0.005469 0.006777
0 0.251953 0.814324 0.007227 0.007820
0 0.922656 0.997614 0.006250 0.004773
0 0.685547 0.083804 0.009375 0.013294
0 0.842969 0.109220 0.007812 0.009905
0 0.198828 0.969682 0.005762 0.008341
0 0.150391 0.003845 0.007129 0.007690
0 0.817969 0.031280 0.012500 0.012382
0 0.681250 0.982193 0.009375 0.013555
0 0.994922 0.328962 0.010156 0.013815
0 0.433203 0.169434 0.008594 0.013294
0 0.771094 0.073508 0.006641 0.008081
0 0.820312 0.854988 0.007031 0.006777
0 0.638281 0.762190 0.010547 0.012512
0 0.153711 0.854988 0.005078 0.006256
0 0.268750 0.389958 0.007617 0.009384
0 0.544531 0.479627 0.006641 0.007820
0 0.619531 0.037797 0.007031 0.008472
0 0.992969 0.756456 0.012500 0.012512
0 0.483594 0.856031 0.011719 0.013555
0 0.433203 0.494225 0.011719 0.013555
0 0.675781 0.995267 0.007422 0.009465
0 0.132812 0.555742 0.006836 0.006777
0 0.894531 0.430622 0.007812 0.008863
0 0.645312 0.095404 0.008984 0.012642
0 0.507031 0.682948 0.007031 0.008863
0 0.333203 0.287516 0.005859 0.007820
0 0.622656 0.751764 0.008594 0.009384
0 0.997266 0.371711 0.005469 0.007299
0 0.172754 0.556785 0.006445 0.007299
0 0.788672 0.992620 0.009375 0.011469
0 0.094238 0.197586 0.007959 0.008081
0 0.628906 0.959255 0.007422 0.009384
0 0.949219 0.457731 0.006250 0.008863
0 0.871875 0.747593 0.010156 0.018768
0 0.825000 0.380574 0.007812 0.009905
0 0.126270 0.238771 0.007031 0.007559
0 0.187598 0.090191 0.007227 0.010296
0 0.571484 0.257018 0.007031 0.007559
0 0.870313 0.739773 0.011719 0.016683
0 0.598828 0.527590 0.005469 0.009384
0 0.090332 0.004399 0.008350 0.008798
0 0.880469 0.148580 0.007812 0.015379
0 0.430469 0.177775 0.010547 0.010687
0 0.739844 0.534889 0.007031 0.008863
0 0.842188 0.782001 0.013281 0.016161
0 0.257617 0.793471 0.004687 0.007820
0 0.717188 0.697545 0.008203 0.009905
0 0.439453 0.661052 0.010938 0.015119
0 0.881250 0.126163 0.008594 0.013294
0 0.788281 0.072465 0.008203 0.009254
0 0.389453 0.838827 0.006445 0.007299
0 0.080176 0.713185 0.010596 0.014597
0 0.825781 0.097489 0.007812 0.012382
0 0.506641 0.484319 0.007812 0.010427
0 0.995313 0.316189 0.009375 0.010427
0 0.436719 0.630293 0.010547 0.016683
0 0.718750 0.055131 0.010156 0.011469
0 0.768750 0.706929 0.007031 0.006256
0 0.563281 0.784087 0.007812 0.009905
0 0.851562 0.168391 0.008594 0.010948
0 0.688281 0.116779 0.003516 0.004953
0 0.751172 0.679820 0.006250 0.007299
0 0.234180 0.718398 0.013672 0.018768
0 0.405078 0.084195 0.006250 0.009123
0 0.995313 0.736124 0.007812 0.014076
0 0.993750 0.758020 0.006250 0.007299
0 0.798437 0.132419 0.006641 0.009123
0 0.707812 0.715270 0.008984 0.018247
0 0.847656 0.826836 0.012500 0.014076
0 0.311914 0.917548 0.005469 0.006256
0 0.645312 0.089148 0.007422 0.008602
0 0.829687 0.139718 0.006250 0.007038
0 0.628125 0.752806 0.007422 0.009905
0 0.334961 0.936316 0.007422 0.011469
0 0.093066 0.719441 0.006885 0.010948
0 0.707031 0.486926 0.010938 0.011991
0 0.689453 0.099314 0.009375 0.011600
0 0.045679 0.011991 0.011670 0.015119
0 0.715625 0.050569 0.012109 0.012512
0 0.749219 0.811196 0.012109 0.014597
0 0.862500 0.167088 0.007812 0.010948
0 0.857031 0.610482 0.014062 0.017725
0 0.475781 0.990535 0.007422 0.008341
0 0.081836 0.676692 0.011084 0.011991
0 0.653125 0.100617 0.009375 0.011730
0 0.965625 0.069207 0.011719 0.010166
0 0.750000 0.503609 0.006641 0.010948
0 0.506250 0.157443 0.012500 0.015379
0 0.026099 0.019811 0.007568 0.009514
0 0.716797 0.088366 0.004687 0.006908
0 0.850000 0.282042 0.007031 0.008602
0 0.950000 0.069077 0.007031 0.010687
0 0.957813 0.293511 0.008594 0.013555
0 0.717969 0.200192 0.006641 0.009645
0 0.181445 0.841955 0.009570 0.014597
0 0.702344 0.543230 0.010547 0.010948
0 0.692969 0.675649 0.006641 0.009905
0 0.505469 0.139978 0.008984 0.011991
0 0.818750 0.353725 0.008594 0.009905
0 0.824219 0.086541 0.009375 0.015119
0 0.720703 0.489533 0.007812 0.009384
0 0.785938 0.827879 0.005078 0.009905
0 0.871875 0.123556 0.010156 0.010166
0 0.848438 0.471286 0.005469 0.006777
0 0.601562 0.094101 0.008203 0.009645
0 0.903906 0.635506 0.006250 0.008341
0 0.529688 0.463987 0.008984 0.009905
0 0.349219 0.104788 0.006055 0.008602
0 0.857031 0.488490 0.006250 0.007299
0 0.038135 0.929017 0.006714 0.010427
0 0.304883 0.798684 0.006250 0.013033
0 0.782031 0.100357 0.007812 0.011078
0 0.743750 0.984279 0.010547 0.011469
0 0.095898 0.387873 0.011182 0.015119
0 0.357422 0.064645 0.007617 0.007820
0 0.249219 0.961340 0.006445 0.009384
0 0.741016 0.973852 0.007812 0.009384
0 0.434766 0.498395 0.011719 0.013033
0 0.271484 0.803376 0.010742 0.012512
0 0.124609 0.346687 0.006543 0.009123
0 0.362109 0.795556 0.007031 0.011469
0 0.137207 0.097229 0.006836 0.009384
0 0.713281 0.049918 0.004297 0.005474
0 0.376172 0.959255 0.008203 0.010427
0 0.769531 0.681905 0.007031 0.007820
0 0.771875 0.767925 0.009375 0.010427
0 0.488672 0.473371 0.007812 0.008341
0 0.825781 0.838305 0.010938 0.014076
0 0.621875 0.456689 0.010547 0.016161
0 0.992188 0.990535 0.009375 0.013555
0 0.652344 0.095925 0.008594 0.012903
0 0.782031 0.481713 0.008203 0.008341
0 0.796484 0.407683 0.010156 0.011991
0 0.844531 0.142324 0.006250 0.007820
0 0.892188 0.700673 0.007812 0.009905
0 0.104492 0.543230 0.006445 0.008863
0 0.137109 0.075333 0.006738 0.009775
0 0.507031 0.017204 0.007812 0.009514
0 0.478906 0.969682 0.007031 0.010427
0 0.650391 0.613610 0.007031 0.008341
0 0.958594 0.341995 0.010938 0.011209
0 0.951563 0.654274 0.010156 0.015640
0 0.062109 0.283084 0.005518 0.006256
0 0.280078 0.381617 0.014648 0.015119
0 0.268555 0.793471 0.005078 0.007820
0 0.483594 0.971767 0.012109 0.013555
0 0.213672 0.819537 0.006641 0.008863
0 0.945312 0.981151 0.010156 0.014597
0 0.326953 0.927975 0.011133 0.012512
0 0.867188 0.889396 0.005469 0.005735
0 0.793750 0.760105 0.007031 0.009905
0 0.587109 0.775745 0.007031 0.009905
0 0.818750 0.072205 0.008594 0.008993
0 0.462500 0.851339 0.004687 0.005213
0 0.728125 0.051091 0.010156 0.012642
0 0.718750 0.556785 0.004297 0.005735
0 0.862500 0.260667 0.007031 0.011209
0 0.756250 0.080285 0.008984 0.012642
0 0.809375 0.351901 0.011719 0.013815
0 0.653516 0.163699 0.007812 0.006517
0 0.720313 0.560434 0.012109 0.015640
0 0.380859 0.474414 0.007227 0.009384
0 0.992188 0.992620 0.005469 0.008341
0 0.222852 0.063342 0.007031 0.008211
0 0.500000 0.149884 0.008203 0.014076
0 0.129297 0.614132 0.004980 0.006777
0 0.696094 0.984279 0.010156 0.009384
0 0.112793 0.176472 0.007422 0.009905
0 0.951563 0.327398 0.013281 0.017986
0 0.367578 0.851860 0.006445 0.009384
0 0.684375 0.096186 0.010156 0.009905
0 0.107227 0.375361 0.005371 0.007820
0 0.663281 0.606833 0.007422 0.007820
0 0.931250 0.864372 0.008594 0.010948
0 0.436328 0.936316 0.011719 0.010427
0 0.003986 0.891481 0.006653 0.007820
0 0.798047 0.994706 0.007031 0.009384
0 0.769141 0.444177 0.008594 0.011991
0 0.978906 0.819537 0.007812 0.009905
0 0.821875 0.264838 0.005469 0.007299
0 0.191895 0.942572 0.005664 0.008341
0 0.466016 0.096447 0.010156 0.011600
0 0.150977 0.527590 0.007422 0.010948
0 0.429688 0.683990 0.007031 0.009384
0 0.620313 0.699630 0.007422 0.008341
0 0.184766 0.016292 0.011816 0.015901
0 0.889063 0.432186 0.016406 0.013555
0 0.290234 0.814324 0.011133 0.010948
0 0.282422 0.142324 0.005273 0.007299
0 0.554688 0.561998 0.005469 0.007820
0 0.845312 0.842476 0.004687 0.007820
0 0.137695 0.784087 0.005176 0.005735
0 0.799609 0.343038 0.007031 0.010687