0 0.773828 0.888353 0.007812 0.013033
0 0.757031 0.585980 0.006641 0.006777
0 0.796875 0.890439 0.005859 0.009384
0 0.789844 0.889396 0.005078 0.009905
0 0.114160 0.577638 0.009180 0.016161
0 0.801563 0.890439 0.007031 0.008863
0 0.702344 0.681905 0.008203 0.009384
0 0.313672 0.676692 0.010156 0.016161
0 0.132031 0.551572 0.008203 0.013033
0 0.792578 0.176732 0.009375 0.017465
0 0.183398 0.959255 0.009863 0.015640
0 0.718750 0.208012 0.007812 0.014597
0 0.407813 0.647497 0.007422 0.008863
0 0.714844 0.395171 0.009375 0.012512
0 0.744531 0.547401 0.007031 0.008341
0 0.725000 0.769489 0.009766 0.017725
0 0.901563 0.727782 0.010937 0.014076
0 0.806250 0.026327 0.010156 0.019550
0 0.761719 0.607876 0.005859 0.009905
0 0.718750 0.787736 0.008203 0.017725
0 0.653125 0.015119 0.008203 0.011209
0 0.845312 0.677734 0.009375 0.017725
0 0.612500 0.568254 0.007422 0.014597
0 0.721094 0.577117 0.009375 0.011469
0 0.588672 0.887311 0.010156 0.018247
0 0.537500 0.320621 0.007422 0.015901
0 0.439063 0.404555 0.007422 0.009905
0 0.759375 0.573468 0.008594 0.011991
0 0.336523 0.910249 0.008203 0.012512
0 0.773438 0.892524 0.008984 0.010948
0 0.709375 0.787215 0.009375 0.016161
0 0.879688 0.530718 0.005469 0.008863
0 0.211328 0.315146 0.006836 0.009905
0 0.764063 0.886789 0.009766 0.014597
0 0.960156 0.957170 0.010937 0.014597
0 0.809375 0.730389 0.009375 0.009384
0 0.893750 0.375361 0.007812 0.013033
0 0.388281 0.325313 0.009961 0.015379
0 0.212109 0.414982 0.008789 0.015119
0 0.810938 0.622994 0.005469 0.015640
0 0.654688 0.245548 0.008984 0.012512
0 0.877344 0.363370 0.006250 0.006777
0 0.435938 0.527590 0.006641 0.010948
0 0.225781 0.602141 0.012305 0.016683
0 0.907812 0.582852 0.009375 0.016161
0 0.694922 0.678777 0.008594 0.015119
0 0.670312 0.369105 0.009766 0.015379
0 0.650781 0.593278 0.008203 0.013033
0 0.659375 0.502045 0.009766 0.014597
0 0.937500 0.685033 0.010938 0.014597
0 0.186816 0.192894 0.010352 0.014337
0 0.785156 0.896173 0.007812 0.006256
0 0.480859 0.702758 0.010156 0.015640
0 0.512109 0.673564 0.009375 0.014597
0 0.645313 0.599534 0.007812 0.007820
0 0.755078 0.912335 0.005469 0.012512
0 0.134082 0.221567 0.009570 0.009645
0 0.375781 0.494225 0.010547 0.016161
0 0.817187 0.637070 0.007812 0.008341
0 0.951563 0.067513 0.010938 0.014467
0 0.635938 0.172040 0.010156 0.010166
0 0.497656 0.144670 0.009766 0.016161
0 0.578906 0.326877 0.009766 0.013033
0 0.130176 0.648540 0.007422 0.010948
0 0.277344 0.393086 0.008789 0.010948
0 0.639063 0.460338 0.006641 0.008341
0 0.283984 0.882097 0.009570 0.008863
0 0.845312 0.368583 0.010938 0.016422
0 0.887500 0.902951 0.010156 0.015119
0 0.119922 0.649582 0.010254 0.011991
0 0.059570 0.641762 0.010498 0.013555
0 0.570312 0.429579 0.008203 0.008341
0 0.164355 0.992400 0.010937 0.015200
0 0.720313 0.519249 0.011719 0.013033
0 0.659375 0.259624 0.009766 0.013555
0 0.120215 0.424366 0.010938 0.017725
0 0.925000 0.469201 0.008594 0.017725
0 0.321484 0.677734 0.006836 0.010948
0 0.651172 0.265880 0.008594 0.012512
0 0.285547 0.027370 0.009180 0.017334
0 0.490234 0.417067 0.010156 0.016161
0 0.677344 0.698066 0.008594 0.007299
0 0.664062 0.019550 0.010938 0.018247
0 0.968750 0.129291 0.008594 0.012773
0 0.014380 0.930060 0.010437 0.010427
0 0.452344 0.997353 0.006641 0.005294
0 0.392578 0.360242 0.005859 0.009384
0 0.787500 0.889396 0.008203 0.012512
0 0.199023 0.486926 0.008984 0.018247
0 0.796094 0.892524 0.009375 0.011469
0 0.655078 0.259624 0.010937 0.015119
0 0.582813 0.299506 0.009766 0.015640
0 0.926563 0.129291 0.010156 0.013033
0 0.678906 0.839348 0.005469 0.006256
0 0.208594 0.402470 0.010352 0.014597
0 0.921875 0.967596 0.010156 0.011469
0 0.165820 0.961340 0.006836 0.009384
0 0.539062 0.298464 0.006641 0.007820
0 0.718750 0.409247 0.007422 0.014597
0 0.659375 0.244245 0.010156 0.010427
0 0.330664 0.197064 0.010547 0.011469
0 0.358398 0.525505 0.010156 0.013555
0 0.912500 0.266923 0.011719 0.014858
0 0.658594 0.292729 0.010547 0.014076
0 0.671094 0.568254 0.010938 0.014076
0 0.197070 0.619866 0.010156 0.010427
0 0.873438 0.531761 0.005469 0.008863
0 0.945312 0.315928 0.012500 0.012251
0 0.440625 0.695460 0.006641 0.006777
0 0.512500 0.270572 0.008594 0.018507
0 0.125586 0.803897 0.007031 0.009905
0 0.342578 0.209055 0.006836 0.010948
0 0.251953 0.663137 0.007812 0.009905
0 0.208203 0.963426 0.011523 0.012512
0 0.233984 0.759062 0.009180 0.010427
0 0.715234 0.465030 0.010937 0.013555
0 0.792188 0.572425 0.005859 0.008341
0 0.357422 0.245027 0.008008 0.010166
0 0.753125 0.234079 0.009766 0.015119
0 0.863281 0.349815 0.012500 0.012773
0 0.548438 0.314625 0.008203 0.013033
0 0.414453 0.150144 0.010937 0.015901
0 0.683203 0.089930 0.011719 0.013946
0 0.246680 0.316189 0.010156 0.014076
0 0.635938 0.182988 0.011719 0.011469
0 0.649609 0.608397 0.008594 0.013555
0 0.351758 0.043792 0.008984 0.011600
0 0.119238 0.531761 0.008789 0.014076
0 0.231641 0.048484 0.010352 0.011339
0 0.473437 0.948828 0.006641 0.007299
0 0.612891 0.520292 0.008594 0.018768
0 0.303125 0.651146 0.009961 0.014597
0 0.957813 0.944657 0.010156 0.011469
0 0.696094 0.575553 0.010156 0.010948
0 0.047534 0.510386 0.009814 0.012512
0 0.934375 0.969682 0.010156 0.011469
0 0.961719 0.971767 0.010938 0.015640
0 0.887500 0.799727 0.010156 0.017725
0 0.448828 0.648540 0.009375 0.015119
0 0.036523 0.181946 0.012134 0.013555
0 0.875781 0.465551 0.012500 0.013555
0 0.585938 0.185595 0.005859 0.007820
0 0.954687 0.322706 0.006250 0.007559
0 0.611719 0.886268 0.008203 0.010948
0 0.382812 0.946743 0.009961 0.017725
0 0.474219 0.615174 0.011328 0.014597
0 0.708203 0.110523 0.009375 0.011991
0 0.761719 0.894609 0.009375 0.010948
0 0.227344 0.058911 0.012305 0.010296
0 0.928125 0.952999 0.008594 0.010427
0 0.549219 0.713706 0.008594 0.015640
0 0.231641 0.287776 0.007227 0.017204
0 0.206445 0.702237 0.012109 0.016683
0 0.106836 0.631857 0.008105 0.011991
0 0.564844 0.117300 0.011328 0.014597
0 0.688281 0.827357 0.012109 0.013555
0 0.199707 0.942572 0.011133 0.015640
0 0.429688 0.528633 0.007031 0.008863
0 0.753906 0.893045 0.005859 0.015640
0 0.511719 0.501523 0.007422 0.010948
0 0.266797 0.319317 0.009766 0.015119
0 0.864062 0.669393 0.011719 0.015119
0 0.955469 0.514036 0.006250 0.008863
0 0.533203 0.793471 0.010156 0.013555
0 0.320703 0.193415 0.009570 0.011991
0 0.195898 0.721005 0.006348 0.007299
0 0.932813 0.959255 0.009375 0.009384
0 0.314063 0.913377 0.011133 0.011469
0 0.406641 0.962383 0.011719 0.014597
0 0.496875 0.493182 0.010547 0.012512
0 0.221875 0.468158 0.010352 0.011991
0 0.741406 0.561477 0.009375 0.012512
0 0.420703 0.350076 0.009375 0.015119
0 0.970312 0.106873 0.008594 0.009123
0 0.113477 0.621430 0.007324 0.010427
0 0.698438 0.690246 0.005859 0.008341
0 0.651953 0.261188 0.008594 0.016943
0 0.806250 0.116258 0.011719 0.013294
0 0.920313 0.568254 0.011719 0.013555
0 0.140625 0.851860 0.008691 0.014076
0 0.077246 0.049266 0.010791 0.016161
0 0.206250 0.240335 0.007422 0.011209
0 0.664844 0.542188 0.009766 0.014076
0 0.126953 0.612046 0.010645 0.015640
0 0.879688 0.703801 0.008594 0.014076
0 0.615234 0.905036 0.010156 0.011469
0 0.742188 0.528633 0.009766 0.013033
0 0.537109 0.669914 0.009375 0.016683
0 0.358594 0.071423 0.011133 0.012121
0 0.183496 0.448869 0.011328 0.010427
0 0.176563 0.784087 0.010937 0.015640
0 0.658594 0.052785 0.010547 0.013033
0 0.132324 0.535932 0.008203 0.016161
0 0.126758 0.217396 0.011328 0.014076
0 0.832813 0.531761 0.013281 0.013033
0 0.257031 0.673564 0.009961 0.011469
0 0.342188 0.737166 0.004883 0.007820
0 0.931250 0.963426 0.012500 0.013555
0 0.714063 0.109741 0.010938 0.011991
0 0.140430 0.553657 0.010156 0.012512
0 0.202344 0.630814 0.010156 0.010948
0 0.765625 0.770532 0.009766 0.017204
0 0.201758 0.318796 0.009668 0.014076
0 0.012634 0.944657 0.009698 0.014597
0 0.955469 0.502566 0.006250 0.008863
0 0.767187 0.996831 0.007422 0.006337
0 0.314844 0.728825 0.012109 0.014597
0 0.082959 0.700673 0.012891 0.013033
0 0.726953 0.555742 0.007812 0.007299
0 0.576172 0.296118 0.007812 0.015119
0 0.140625 0.533325 0.010547 0.012512
0 0.439063 0.470243 0.010938 0.014597
0 0.246680 0.532804 0.011328 0.013033
0 0.571094 0.995267 0.008984 0.009465
0 0.483594 0.643326 0.010938 0.014076
0 0.789844 0.191851 0.010547 0.011209
0 0.608984 0.874799 0.010156 0.010427
0 0.754688 0.888875 0.004297 0.011469
0 0.155664 0.816409 0.006348 0.008863
0 0.720703 0.435835 0.010156 0.014076
0 0.326562 0.627686 0.008008 0.010948
0 0.519531 0.838305 0.011719 0.014076
0 0.147070 0.854988 0.007520 0.008863
0 0.198730 0.631857 0.011133 0.010948
0 0.503125 0.805461 0.008203 0.010427
0 0.704688 0.084977 0.011328 0.014337
0 0.600781 0.235643 0.006641 0.008081
0 0.726172 0.597449 0.008594 0.011469
0 0.890625 0.564084 0.010938 0.011991
0 0.406250 0.110262 0.010938 0.012512
0 0.281445 0.892524 0.012500 0.010948
0 0.971094 0.036233 0.010938 0.011600
0 0.883594 0.538017 0.004687 0.006777
0 0.939062 0.337303 0.007031 0.008081
0 0.453125 0.028413 0.011328 0.013164
0 0.880469 0.328441 0.006250 0.009123
0 0.884375 0.367541 0.010156 0.010166
0 0.601562 0.599534 0.011328 0.015119
0 0.213477 0.746029 0.010547 0.015640
0 0.726562 0.507779 0.010156 0.010948
0 0.759766 0.989492 0.010938 0.010427
0 0.272852 0.581809 0.010156 0.014597
0 0.099170 0.432707 0.011230 0.013033
0 0.381641 0.759062 0.010547 0.013033
0 0.083643 0.097750 0.010840 0.015770
0 0.108398 0.604748 0.009473 0.011991
0 0.742578 0.571382 0.007031 0.007820
0 0.685156 0.253890 0.005078 0.005995
0 0.033154 0.110523 0.011694 0.012512
0 0.756250 0.779916 0.010547 0.016161
0 0.544531 0.805983 0.006641 0.008341
0 0.301953 0.536974 0.009961 0.018247
0 0.104883 0.678256 0.006641 0.009384
0 0.521875 0.670436 0.010156 0.014597
0 0.646875 0.024503 0.011328 0.011339
0 0.364063 0.043140 0.011328 0.012773
0 0.200195 0.191069 0.011621 0.013555
0 0.771094 0.969682 0.011328 0.015640
0 0.149121 0.845604 0.007422 0.014076
0 0.383984 0.846125 0.011133 0.012512
0 0.221875 0.621952 0.010742 0.012512
0 0.389648 0.118864 0.010938 0.011730
0 0.223047 0.546358 0.005664 0.007820
0 0.530469 0.295075 0.009766 0.014858
0 0.551562 0.835699 0.010547 0.017725
0 0.867188 0.006777 0.006250 0.008993
0 0.492578 0.906079 0.005469 0.008341
0 0.830469 0.548965 0.010938 0.015640
0 0.119922 0.438963 0.010742 0.013555
0 0.709375 0.201235 0.010156 0.014076
0 0.803125 0.612046 0.011328 0.015119
0 0.512500 0.793471 0.009766 0.013033
0 0.532813 0.670436 0.011719 0.017204
0 0.032520 0.286734 0.008374 0.011209
0 0.075977 0.521334 0.006787 0.007820
0 0.208203 0.302374 0.008594 0.013033
0 0.276953 0.892003 0.008398 0.010427
0 0.914062 0.962383 0.007031 0.012512
0 0.414844 0.517685 0.010547 0.014597
0 0.298633 0.505694 0.005469 0.006777
0 0.764063 0.361545 0.009375 0.010427
0 0.701563 0.545316 0.012891 0.013033
0 0.313672 0.661052 0.009766 0.010427
0 0.219141 0.531761 0.011133 0.015119
0 0.569531 0.094622 0.010547 0.012642
0 0.903125 0.251804 0.011719 0.013294
0 0.887500 0.639156 0.007031 0.011469
0 0.751562 0.631857 0.010156 0.016683
0 0.713281 0.955084 0.012109 0.011469
0 0.483203 0.888875 0.011719 0.011469
0 0.500781 0.222870 0.012891 0.015640
0 0.663281 0.203320 0.011328 0.013815
0 0.309375 0.912335 0.010547 0.012512
0 0.112500 0.546880 0.008984 0.012512
0 0.723828 0.935273 0.011719 0.014597
0 0.639063 0.335739 0.006641 0.008863
0 0.200586 0.256496 0.008691 0.015379
0 0.310352 0.630293 0.009766 0.011469
0 0.792578 0.654274 0.010938 0.015640
0 0.596094 0.453561 0.011328 0.014076
0 0.122266 0.553657 0.007324 0.009905
0 0.326953 0.200714 0.010156 0.011469
0 0.803906 0.381617 0.009375 0.014597
0 0.696094 0.869064 0.010547 0.015640
0 0.750000 0.533846 0.008203 0.017725
0 0.957031 0.827879 0.010938 0.011991
0 0.509766 0.693896 0.010156 0.011469
0 0.907031 0.170476 0.015625 0.019029
0 0.158203 0.967596 0.008496 0.012512
0 0.414062 0.177254 0.008984 0.017465
0 0.500000 0.805983 0.009375 0.010948
0 0.724609 0.434793 0.011719 0.014597
0 0.164844 0.246591 0.010645 0.013033
0 0.948438 0.809111 0.010937 0.013555
0 0.258398 0.662094 0.011328 0.010427
0 0.408594 0.783044 0.012109 0.014597
0 0.905469 0.899823 0.007812 0.014597
0 0.037134 0.184292 0.004492 0.005735
0 0.283203 0.660530 0.010742 0.012512
0 0.658203 0.085629 0.011719 0.014337
0 0.539844 0.714228 0.009766 0.011991
0 0.751953 0.359981 0.007812 0.009905
0 0.552734 0.829964 0.010938 0.015119
0 0.266602 0.872713 0.009766 0.010948
0 0.186719 0.450433 0.003613 0.004692
0 0.671875 0.523419 0.006641 0.007299
0 0.349219 0.162656 0.007617 0.013033
0 0.122656 0.215311 0.011426 0.014076
0 0.281250 0.387873 0.010547 0.013033
0 0.938281 0.110002 0.007812 0.010427
0 0.975781 0.117822 0.009375 0.011209
0 0.894531 0.504651 0.012500 0.015119
0 0.730469 0.162135 0.005859 0.008863
0 0.043262 0.202799 0.007227 0.011209
0 0.225781 0.022417 0.013086 0.014597
0 0.333203 0.535410 0.012695 0.013555
0 0.108398 0.503087 0.011133 0.013555
0 0.032178 0.028413 0.010498 0.013555
0 0.228125 0.544273 0.006055 0.008863
0 0.253516 0.620388 0.011133 0.015119
0 0.806250 0.712142 0.011719 0.014076
0 0.520703 0.055783 0.011719 0.015249
0 0.457422 0.157964 0.009375 0.012512
0 0.562891 0.314625 0.008594 0.011469
0 0.792969 0.007038 0.012891 0.012903
0 0.660938 0.378489 0.005859 0.006777
0 0.352148 0.215832 0.010547 0.011991
0 0.843750 0.568776 0.010156 0.013555
0 0.509375 0.419674 0.011328 0.015640
0 0.820312 0.533846 0.008594 0.010427
0 0.558594 0.523419 0.008594 0.009905
0 0.717969 0.458774 0.010938 0.016161
0 0.015479 0.260667 0.011609 0.014858
0 0.500391 0.237207 0.011719 0.014858
0 0.566406 0.887311 0.010156 0.015119
0 0.195508 0.360242 0.006934 0.009384
0 0.017249 0.319057 0.008179 0.014337
0 0.324414 0.187420 0.009766 0.013033
0 0.344922 0.913377 0.008789 0.013555
0 0.129297 0.639156 0.007617 0.009905
0 0.045801 0.468158 0.010864 0.014076
0 0.009216 0.961340 0.009772 0.013555
0 0.945312 0.254150 0.011719 0.015119
0 0.733203 0.057086 0.009375 0.010427
0 0.010925 0.087714 0.009528 0.015901
0 0.561328 0.730910 0.005469 0.006777
0 0.990625 0.465030 0.008594 0.009905
0 0.482422 0.601620 0.009375 0.012512
0 0.757031 0.352943 0.009375 0.010166
0 0.769531 0.375361 0.008203 0.013555
0 0.339844 0.713185 0.011523 0.015119
0 0.052539 0.919633 0.010547 0.011469
0 0.646875 0.604748 0.010156 0.015119
0 0.510938 0.577638 0.009766 0.014597
0 0.904688 0.177775 0.010156 0.014858
0 0.434375 0.940487 0.012109 0.014597
0 0.790234 0.896695 0.010937 0.006777
0 0.498438 0.795556 0.008984 0.010948
0 0.144727 0.366237 0.009180 0.016161
0 0.447266 0.404555 0.007812 0.010948
0 0.970313 0.048093 0.011719 0.013815
0 0.943750 0.921719 0.011719 0.014597
0 0.873438 0.938401 0.005469 0.007299
0 0.721875 0.514036 0.013281 0.015119
0 0.371875 0.267444 0.010937 0.011209
0 0.557813 0.837263 0.010547 0.017204
0 0.751562 0.820580 0.012109 0.013555
0 0.027783 0.027370 0.011353 0.013815
0 0.203711 0.573989 0.010645 0.011469
0 0.962500 0.011209 0.007031 0.008993
0 0.803125 0.894609 0.010938 0.008863
0 0.103125 0.877927 0.011279 0.016161
0 0.013562 0.679820 0.011115 0.014076
0 0.327734 0.772617 0.011523 0.013033
0 0.559375 0.593278 0.008984 0.010948
0 0.459375 0.306284 0.012109 0.014597
0 0.727344 0.378489 0.009766 0.010948
0 0.981250 0.112608 0.007812 0.015379
0 0.415625 0.362849 0.008594 0.010427
0 0.121680 0.581809 0.006348 0.009905
0 0.658594 0.234600 0.010937 0.012251
0 0.341602 0.604226 0.010156 0.011469
0 0.553125 0.593278 0.010547 0.011469
0 0.149023 0.840391 0.007129 0.010948
0 0.633594 0.952999 0.012109 0.014597
0 0.267188 0.920676 0.005664 0.008341
0 0.443750 0.392043 0.009375 0.014076
0 0.258984 0.312800 0.008008 0.013815
0 0.240234 0.527590 0.010742 0.013033
0 0.065039 0.865936 0.012402 0.014597
0 0.813281 0.348512 0.007812 0.008341
0 0.914062 0.163699 0.011719 0.015379
0 0.921875 0.853945 0.008594 0.010948
0 0.109180 0.200453 0.011426 0.011991
0 0.426563 0.361285 0.009766 0.014858
0 0.889844 0.873756 0.010937 0.015119
0 0.867188 0.026588 0.006250 0.009123
0 0.344922 0.615696 0.007812 0.008341
0 0.923437 0.952999 0.010938 0.011469
0 0.500781 0.896173 0.011328 0.011469
0 0.150781 0.322967 0.007227 0.008863
0 0.814062 0.704844 0.009375 0.013033
0 0.825781 0.373797 0.007812 0.008341
0 0.954687 0.548443 0.010938 0.009384
0 0.815625 0.970724 0.010937 0.012512
0 0.380078 0.475457 0.009180 0.010948
0 0.168750 0.247634 0.011621 0.012773
0 0.721094 0.384745 0.006250 0.009905
0 0.501563 0.312800 0.008984 0.016422
0 0.228125 0.504651 0.006055 0.006777
0 0.471875 0.042749 0.010156 0.012251
0 0.978125 0.136068 0.010156 0.010166
0 0.279297 0.348773 0.006055 0.007299
0 0.572656 0.294554 0.011328 0.013294
0 0.162109 0.971767 0.010742 0.012512
0 0.071826 0.673564 0.011133 0.015119
0 0.755078 0.948828 0.005469 0.007299
0 0.565234 0.093319 0.011719 0.013685
0 0.995703 0.119386 0.008594 0.010948
0 0.341406 0.190548 0.009961 0.008863
0 0.467188 0.151187 0.010937 0.012251
0 0.514063 0.692332 0.010937 0.010427
0 0.563281 0.522377 0.012891 0.009905
0 0.770313 0.147538 0.007031 0.007559
0 0.365625 0.602662 0.008984 0.011991
0 0.029321 0.108438 0.011572 0.011469
0 0.657422 0.199671 0.007812 0.009384
0 0.432031 0.618302 0.007422 0.008863
0 0.556250 0.371711 0.008203 0.011730
0 0.845312 0.640198 0.007031 0.007820
0 0.456250 0.066209 0.007422 0.010296
0 0.969531 0.058911 0.007812 0.009775
0 0.786719 0.572425 0.006250 0.008863
0 0.277734 0.661052 0.009961 0.013033
0 0.326172 0.616217 0.011914 0.009384
0 0.521094 0.700673 0.011328 0.010948
0 0.955469 0.824751 0.009375 0.011469
0 0.477344 0.042228 0.011719 0.012121
0 0.359375 0.252847 0.010352 0.009123
0 0.038037 0.006256 0.007251 0.008993
0 0.005869 0.911292 0.010773 0.011469
0 0.205859 0.239814 0.004297 0.005735
0 0.652734 0.957170 0.010156 0.011469
0 0.755469 0.637592 0.010547 0.013555
0 0.378125 0.569818 0.009570 0.011469
0 0.007117 0.319578 0.009753 0.012251
0 0.478906 0.782001 0.011328 0.015119
0 0.202539 0.619866 0.012012 0.014597
0 0.989063 0.126163 0.008594 0.011209
0 0.637500 0.255193 0.006641 0.008863
0 0.511719 0.315668 0.007031 0.009905
0 0.965625 0.371711 0.010156 0.012773
0 0.612500 0.559913 0.007422 0.017204
0 0.110547 0.619345 0.011816 0.012512
0 0.371484 0.570340 0.008984 0.011991
0 0.964063 0.118343 0.010156 0.013815
0 0.757031 0.908164 0.008984 0.016161
0 0.006873 0.901908 0.010699 0.013033
0 0.964063 0.827879 0.008594 0.010948
0 0.995313 0.372233 0.008594 0.009905
0 0.645312 0.004953 0.007031 0.009514
0 0.628906 0.361024 0.011328 0.015119
0 0.901563 0.948828 0.007031 0.008341
0 0.684375 0.447305 0.010937 0.010948
0 0.766797 0.574510 0.008594 0.013033
0 0.460547 0.893567 0.010156 0.014597
0 0.362305 0.585458 0.008203 0.016683
0 0.794531 0.639156 0.008203 0.010427
0 0.519531 0.530718 0.007031 0.009384
0 0.051270 0.163438 0.006787 0.007299
0 0.716016 0.531761 0.010156 0.009905
0 0.795313 0.646454 0.012891 0.016161
0 0.264844 0.679298 0.010156 0.014597
0 0.251953 0.009384 0.007617 0.008993
0 0.751562 0.388915 0.008203 0.010427
0 0.165234 0.471286 0.010449 0.012512
0 0.241406 0.519249 0.011914 0.012512
0 0.732812 0.563041 0.007812 0.014076
0 0.377344 0.758541 0.011133 0.013555
0 0.750391 0.206970 0.007031 0.009645
0 0.354297 0.169955 0.006836 0.013294
0 0.118945 0.993443 0.008496 0.013114
0 0.203125 0.697545 0.011914 0.016683
0 0.953125 0.629772 0.005469 0.006777
0 0.774219 0.745508 0.005859 0.008863
0 0.888281 0.365977 0.012500 0.012512
0 0.821875 0.373275 0.008594 0.009384
0 0.159277 0.704844 0.010156 0.011991
0 0.760547 0.996310 0.011719 0.007380
0 0.963281 0.944657 0.010938 0.012512
0 0.754688 0.761148 0.005469 0.008341
0 0.934375 0.641241 0.010938 0.013033
0 0.648828 0.924847 0.010937 0.014597
0 0.575000 0.994485 0.010937 0.011029
0 0.485938 0.614132 0.007422 0.014076
0 0.648438 0.016943 0.012891 0.016422
0 0.892969 0.678777 0.009375 0.016683
0 0.836719 0.531761 0.009375 0.011469
0 0.657031 0.690768 0.008594 0.014597
0 0.889063 0.679298 0.010938 0.016683
0 0.022583 0.339910 0.008789 0.009384
0 0.004568 0.320881 0.008087 0.007299
0 0.375391 0.264838 0.012500 0.010948
0 0.449609 0.738209 0.009375 0.013033
0 0.003632 0.303416 0.007263 0.007820
0 0.093750 0.626122 0.009277 0.012512
0 0.918750 0.252847 0.007031 0.009384
0 0.730078 0.589108 0.009375 0.010427
0 0.717969 0.199410 0.008984 0.014076
0 0.209570 0.619345 0.008984 0.014597
0 0.757812 0.906079 0.007422 0.008341
0 0.519531 0.007038 0.007422 0.008993
0 0.398438 0.913377 0.004883 0.007299
0 0.586719 0.055261 0.005469 0.008211
0 0.814844 0.278392 0.006250 0.009645
0 0.507031 0.815367 0.007031 0.008341
0 0.239453 0.938401 0.006055 0.007299
0 0.003891 0.948828 0.007782 0.009384
0 0.499219 0.454603 0.005859 0.007299
0 0.332422 0.627686 0.007617 0.010948
0 0.348438 0.169955 0.009766 0.014597
0 0.669922 0.385787 0.010938 0.013555
0 0.353125 0.182467 0.009180 0.009123
0 0.978125 0.589108 0.006250 0.006777
0 0.248047 0.135026 0.005859 0.008081
0 0.637500 0.183510 0.004688 0.005474
0 0.401563 0.112348 0.010742 0.015119
0 0.925781 0.137111 0.010938 0.014858
0 0.788281 0.603705 0.009375 0.015119
0 0.796094 0.907121 0.008984 0.009384
0 0.817188 0.628729 0.009375 0.011469
0 0.056250 0.878448 0.008057 0.011469
0 0.598438 0.899823 0.007812 0.009905
0 0.673047 0.665222 0.005469 0.006777
0 0.006421 0.331569 0.008881 0.011730
0 0.445703 0.740294 0.012500 0.013555
0 0.553125 0.314364 0.007422 0.013815
0 0.650000 0.258060 0.008203 0.014337
0 0.764453 0.107916 0.009375 0.011991
0 0.187109 0.820580 0.006152 0.010427
0 0.574609 0.630293 0.006250 0.007299
0 0.994531 0.062821 0.007812 0.009775
0 0.757812 0.369105 0.008594 0.009123
0 0.553906 0.840391 0.012891 0.013555
0 0.266406 0.675649 0.008008 0.013033
0 0.650000 0.494746 0.007031 0.011469
0 0.178125 0.588065 0.006250 0.007299
0 0.817187 0.621952 0.007812 0.013555
0 0.726562 0.546358 0.007031 0.006777
0 0.791406 0.581809 0.008203 0.007820
0 0.210938 0.742380 0.011914 0.014076
0 0.627734 0.557828 0.007812 0.008341
0 0.807813 0.681905 0.007812 0.007820
0 0.056738 0.498917 0.007178 0.008341
0 0.002420 0.465551 0.004840 0.009384
0 0.222266 0.284127 0.007422 0.010166
0 0.734766 0.568254 0.008594 0.010948
0 0.809375 0.911292 0.007031 0.013555
0 0.806250 0.907121 0.009375 0.013555
0 0.326172 0.587022 0.009961 0.011469
0 0.667969 0.376403 0.013672 0.017204
0 0.804688 0.616217 0.010938 0.012512
0 0.742188 0.234600 0.005859 0.009123
0 0.485938 0.036233 0.008984 0.011600
0 0.826563 0.607876 0.010938 0.013555
0 0.703516 0.657402 0.006250 0.007299
0 0.736719 0.381617 0.008594 0.011991
0 0.569141 0.757499 0.007812 0.008341
0 0.942969 0.675128 0.006250 0.009384
0 0.650781 0.588065 0.008203 0.013033
0 0.617188 0.109480 0.005859 0.008863
0 0.056689 0.919633 0.011328 0.011469
0 0.664844 0.504130 0.006641 0.014597
0 0.491406 0.698588 0.010938 0.009905
0 0.439453 0.414982 0.009375 0.008863
0 0.529297 0.431143 0.005469 0.006256
0 0.203711 0.295596 0.008496 0.012773
0 0.122070 0.276568 0.010645 0.013033
0 0.912500 0.200192 0.007812 0.010427
0 0.450391 0.644369 0.010156 0.015640
0 0.651172 0.346687 0.007031 0.008341
0 0.701953 0.674606 0.008594 0.011991
0 0.321484 0.588065 0.009766 0.011991
0 0.705469 0.497353 0.006250 0.011469
0 0.402344 0.631857 0.007812 0.007820
0 0.129883 0.567733 0.009570 0.010427
0 0.929688 0.397257 0.005469 0.007299
0 0.433594 0.542188 0.009375 0.009905
0 0.310937 0.605790 0.010352 0.013033
0 0.811719 0.707972 0.010937 0.014076
0 0.881250 0.727261 0.007031 0.010427
0 0.859375 0.832571 0.009375 0.010427
0 0.582812 0.630293 0.007422 0.007299
0 0.932813 0.456689 0.007812 0.007820
0 0.917188 0.166306 0.010937 0.014337
0 0.012952 0.183249 0.005322 0.005735
0 0.325781 0.734038 0.007617 0.009905
0 0.496484 0.695460 0.009375 0.011991
0 0.903125 0.173344 0.010156 0.015640
0 0.352344 0.038318 0.009766 0.013424
0 0.120801 0.561998 0.009375 0.013033
0 0.489844 0.688682 0.009766 0.010427
0 0.812500 0.350076 0.004687 0.005213
0 0.944531 0.119386 0.009375 0.015379
0 0.448438 0.507779 0.010156 0.014076
0 0.162402 0.724654 0.007617 0.009905
0 0.585938 0.174386 0.006250 0.008341
0 0.383984 0.277610 0.009180 0.008863
0 0.714844 0.482755 0.008594 0.008863
0 0.915625 0.946743 0.009375 0.013555
0 0.077930 0.184292 0.010693 0.012512
0 0.168359 0.302113 0.006445 0.009384
0 0.713672 0.382659 0.007031 0.009905
0 0.376172 0.873756 0.007812 0.008341
0 0.427344 0.990535 0.007031 0.007299
0 0.482031 0.627165 0.008203 0.011469
0 0.735156 0.597449 0.007812 0.011991
0 0.191406 0.292990 0.010059 0.012251
0 0.907812 0.971767 0.009375 0.012512
0 0.350000 0.179860 0.009766 0.014076
0 0.288086 0.881055 0.008984 0.010948
0 0.198438 0.296118 0.010059 0.013815
0 0.788281 0.006289 0.012109 0.012577
0 0.584375 0.394129 0.008984 0.010948
0 0.645703 0.186116 0.007031 0.011991
0 0.440234 0.432707 0.007812 0.008341
0 0.132324 0.563041 0.012109 0.016683
0 0.729688 0.569297 0.007812 0.011991
0 0.573438 0.321663 0.007812 0.010948
0 0.498438 0.286734 0.009375 0.015901
0 0.090283 0.622473 0.009863 0.009905
0 0.732031 0.710057 0.007422 0.009905
0 0.415234 0.534889 0.010156 0.013033
0 0.013171 0.131376 0.007037 0.008602
0 0.923437 0.444177 0.006250 0.008341
0 0.200586 0.288819 0.008984 0.014076
0 0.498438 0.489011 0.010937 0.016683
0 0.414844 0.636549 0.009766 0.010427
0 0.018420 0.339389 0.009546 0.011209
0 0.862500 0.350337 0.004688 0.005474
0 0.964063 0.820580 0.008594 0.009905
0 0.398047 0.102703 0.010938 0.013815
0 0.975000 0.134504 0.009375 0.011209
0 0.212891 0.417067 0.003906 0.005213
0 0.839063 0.958212 0.008594 0.008341
0 0.561719 0.137372 0.007031 0.009384
0 0.267578 0.935273 0.006836 0.010427
0 0.730469 0.560956 0.008984 0.013033
0 0.306836 0.114694 0.007422 0.008602
0 0.555469 0.305241 0.007422 0.007820
0 0.767187 0.775745 0.004687 0.006777
0 0.759375 0.390479 0.009766 0.009384
0 0.618750 0.281520 0.007422 0.011730
0 0.628906 0.540623 0.005469 0.007299
0 0.612500 0.876884 0.011328 0.015119
0 0.282031 0.180382 0.007227 0.008341
0 0.493750 0.175429 0.007422 0.009905
0 0.011713 0.184031 0.009265 0.011209
0 0.765625 0.024372 0.011328 0.011730
0 0.212109 0.884183 0.004492 0.005735
0 0.496094 0.542188 0.009766 0.010948
0 0.742969 0.571382 0.010547 0.013033
0 0.606250 0.886268 0.011328 0.010948
0 0.803906 0.905036 0.010937 0.008863
0 0.380664 0.470243 0.009375 0.016683
0 0.841406 0.564084 0.010938 0.014597
0 0.117773 0.553657 0.009668 0.013033
0 0.212109 0.317232 0.004883 0.005213
0 0.686719 0.450433 0.004687 0.004692
0 0.743750 0.555742 0.011328 0.013033
0 0.511719 0.358939 0.008984 0.010948
0 0.111133 0.605790 0.011230 0.016161
0 0.020435 0.409247 0.008337 0.009384
0 0.560156 0.128770 0.013672 0.013815
0 0.193359 0.507779 0.007031 0.008863
0 0.363672 0.169955 0.007617 0.010948
0 0.806250 0.626644 0.010156 0.013033
0 0.914844 0.751764 0.009375 0.010948
0 0.738281 0.961340 0.007422 0.009384
0 0.572656 0.302374 0.010547 0.009905
0 0.814062 0.690246 0.007031 0.007820
0 0.119043 0.592757 0.008789 0.011469
0 0.752344 0.617260 0.010938 0.011469
0 0.032422 0.211140 0.010767 0.013294
0 0.512109 0.418110 0.004688 0.005735
0 0.810938 0.605269 0.008594 0.016683
0 0.490625 0.587022 0.010156 0.014076
0 0.016687 0.327398 0.009448 0.015901
0 0.211914 0.594321 0.006250 0.009384
0 0.942188 0.039752 0.007031 0.008602
0 0.996484 0.033105 0.007031 0.010818
0 0.718750 0.529676 0.012500 0.011991
0 0.508203 0.628729 0.009375 0.010948
0 0.231250 0.822665 0.007227 0.010948
0 0.205859 0.959255 0.014551 0.015640
0 0.981250 0.838305 0.007031 0.008863
0 0.971875 0.113130 0.010937 0.014076
0 0.763281 0.884183 0.005078 0.005735
0 0.836719 0.184292 0.006250 0.009905
0 0.653125 0.673564 0.012109 0.016161
0 0.457422 0.151187 0.008594 0.016422
0 0.551172 0.163960 0.011719 0.013033
0 0.445312 0.063081 0.007812 0.010687
0 0.921094 0.948828 0.009375 0.013555
0 0.995117 0.021896 0.009766 0.013033
0 0.818750 0.396214 0.007812 0.008863
0 0.989063 0.030237 0.010156 0.014076
0 0.118750 0.440006 0.006348 0.006777
0 0.358594 0.519249 0.009961 0.016161