0 0.195703 0.892003 0.007520 0.011469
0 0.202344 0.892524 0.008984 0.013033
0 0.177148 0.891481 0.009473 0.015119
0 0.157324 0.894609 0.006641 0.015119
0 0.437109 0.878448 0.008594 0.017725
0 0.606250 0.802855 0.008203 0.014597
0 0.063965 0.394650 0.008789 0.015640
0 0.446875 0.528633 0.005859 0.007820
0 0.215430 0.891481 0.005078 0.011991
0 0.132227 0.119386 0.008105 0.012773
0 0.619531 0.451475 0.010156 0.018247
0 0.160547 0.908164 0.008105 0.014597
0 0.703125 0.617260 0.010156 0.014597
0 0.821094 0.725697 0.007812 0.011991
0 0.425000 0.945700 0.007031 0.012512
0 0.710547 0.710578 0.007812 0.010427
0 0.639844 0.764276 0.007422 0.008863
0 0.509375 0.184552 0.006641 0.009645
0 0.375781 0.909207 0.009570 0.015640
0 0.189453 0.891481 0.007324 0.011991
0 0.181348 0.869585 0.012109 0.013555
0 0.925781 0.192894 0.009375 0.016422
0 0.052100 0.524984 0.010059 0.015640
0 0.663672 0.383702 0.009375 0.016683
0 0.275000 0.520292 0.008203 0.017204
0 0.257812 0.243463 0.009180 0.016422
0 0.457813 0.512993 0.007812 0.006777
0 0.898438 0.135026 0.007031 0.012512
0 0.207031 0.893567 0.008398 0.014076
0 0.645313 0.283866 0.009766 0.015640
0 0.730859 0.786172 0.007031 0.013033
0 0.158008 0.912335 0.007031 0.014597
0 0.917969 0.662616 0.006250 0.009384
0 0.257031 0.550008 0.010742 0.015640
0 0.464453 0.259364 0.008594 0.009905
0 0.375000 0.593278 0.011523 0.016683
0 0.769531 0.107656 0.009375 0.013033
0 0.356641 0.652710 0.008398 0.015119
0 0.814063 0.708493 0.011719 0.013555
0 0.463672 0.151448 0.010156 0.018247
0 0.244922 0.524462 0.011133 0.014076
0 0.705469 0.094361 0.006641 0.010557
0 0.667969 0.682948 0.009766 0.014076
0 0.491406 0.319057 0.005469 0.009123
0 0.694141 0.572425 0.007031 0.010948
0 0.212500 0.477021 0.011719 0.014597
0 0.403125 0.377446 0.008203 0.011469
0 0.623828 0.952999 0.007812 0.013555
0 0.596875 0.798684 0.010547 0.014597
0 0.168652 0.888353 0.008203 0.016161
0 0.657422 0.527590 0.007031 0.009905
0 0.389844 0.406641 0.008203 0.009905
0 0.704688 0.670436 0.006641 0.009384
0 0.874219 0.850817 0.009375 0.013555
0 0.013696 0.479627 0.008917 0.011991
0 0.667188 0.527069 0.005469 0.010427
0 0.804688 0.095143 0.007031 0.008993
0 0.467969 0.292468 0.008594 0.011209
0 0.032764 0.819016 0.013550 0.017725
0 0.906250 0.946743 0.008594 0.015640
0 0.426953 0.851860 0.010938 0.016161
0 0.706250 0.762712 0.008984 0.013555
0 0.600391 0.703280 0.010937 0.012512
0 0.107910 0.577117 0.009570 0.017725
0 0.419531 0.654796 0.008984 0.017204
0 0.413281 0.657924 0.012891 0.013033
0 0.451563 0.519249 0.006641 0.007820
0 0.550781 0.063212 0.007031 0.012773
0 0.931250 0.270572 0.007031 0.010687
0 0.801563 0.752806 0.008984 0.011469
0 0.137598 0.149362 0.009766 0.015640
0 0.510156 0.880012 0.008984 0.016161
0 0.685938 0.278392 0.008594 0.013555
0 0.477734 0.915463 0.008594 0.009384
0 0.846094 0.384745 0.009375 0.014076
0 0.271094 0.736645 0.009570 0.011469
0 0.685156 0.522377 0.007031 0.007820
0 0.870313 0.376403 0.010156 0.015119
0 0.769531 0.637070 0.010547 0.013033
0 0.103320 0.261188 0.009082 0.012251
0 0.631641 0.763754 0.007031 0.011469
0 0.714063 0.676692 0.010156 0.015640
0 0.528125 0.561998 0.008203 0.010948
0 0.395312 0.377446 0.008398 0.011469
0 0.057959 0.577638 0.010254 0.015119
0 0.055762 0.558870 0.011035 0.014076
0 0.448438 0.479627 0.008984 0.013555
0 0.893750 0.752806 0.008594 0.013033
0 0.277344 0.611004 0.009961 0.013033
0 0.045654 0.505694 0.012598 0.015119
0 0.539062 0.061778 0.007812 0.015379
0 0.112988 0.436878 0.009180 0.016683
0 0.958594 0.286734 0.009375 0.010166
0 0.039453 0.133983 0.008643 0.010166
0 0.032544 0.596406 0.010156 0.015119
0 0.405859 0.068816 0.007031 0.012121
0 0.585938 0.653753 0.009375 0.016161
0 0.121094 0.455125 0.008105 0.008341
0 0.796484 0.094101 0.008594 0.011078
0 0.712109 0.061778 0.007812 0.016813
0 0.820312 0.033756 0.008594 0.010948
0 0.425000 0.952999 0.007422 0.016683
0 0.925781 0.112608 0.007812 0.007559
0 0.037012 0.930060 0.007739 0.011469
0 0.639063 0.714228 0.008203 0.009384
0 0.138867 0.354507 0.010449 0.013033
0 0.481250 0.911292 0.008984 0.017725
0 0.030908 0.612046 0.007324 0.012512
0 0.068945 0.985322 0.010889 0.014597
0 0.848438 0.936316 0.006250 0.012512
0 0.766016 0.650625 0.009375 0.010948
0 0.786719 0.495267 0.007422 0.014076
0 0.275781 0.959255 0.008398 0.014597
0 0.073926 0.367019 0.006982 0.011730
0 0.719531 0.942572 0.010547 0.015640
0 0.037549 0.815367 0.008350 0.016161
0 0.013440 0.735602 0.008301 0.011469
0 0.539844 0.436878 0.010156 0.016683
0 0.254297 0.567212 0.010352 0.014076
0 0.319531 0.059041 0.010156 0.009905
0 0.678906 0.594842 0.006641 0.011469
0 0.704688 0.446262 0.005859 0.010948
0 0.047949 0.242681 0.010718 0.013555
0 0.663281 0.069337 0.009766 0.015510
0 0.609375 0.486926 0.008984 0.014076
0 0.813281 0.473371 0.007812 0.009905
0 0.217773 0.843519 0.007422 0.010948
0 0.269531 0.533846 0.011133 0.013033
0 0.224219 0.170998 0.009180 0.010687
0 0.140039 0.483277 0.009375 0.015640
0 0.794531 0.322445 0.009766 0.012512
0 0.043457 0.712142 0.011401 0.016161
0 0.039136 0.490054 0.010059 0.015119
0 0.585156 0.067773 0.010547 0.015510
0 0.070020 0.434793 0.010596 0.013033
0 0.848438 0.722569 0.010938 0.015119
0 0.131934 0.411854 0.007031 0.010427
0 0.769922 0.563041 0.009375 0.014076
0 0.750781 0.506737 0.007812 0.009905
0 0.775781 0.579724 0.010938 0.014597
0 0.687500 0.592236 0.008984 0.011991
0 0.926563 0.126684 0.008594 0.015379
0 0.821875 0.029716 0.007812 0.014597
0 0.748438 0.779395 0.006641 0.009384
0 0.594531 0.110523 0.010937 0.016422
0 0.493750 0.710057 0.009375 0.014597
0 0.643359 0.347730 0.008594 0.012773
0 0.668750 0.917548 0.008984 0.013555
0 0.983594 0.359721 0.007812 0.015379
0 0.097363 0.614132 0.008350 0.008341
0 0.694531 0.666265 0.009766 0.015119
0 0.755469 0.617260 0.010156 0.014076
0 0.889844 0.754371 0.010937 0.015640
0 0.794531 0.616217 0.010547 0.011991
0 0.433984 0.722048 0.010156 0.012512
0 0.787109 0.677734 0.010938 0.013555
0 0.595313 0.702758 0.010547 0.013033
0 0.022864 0.540102 0.006616 0.007820
0 0.053662 0.265880 0.009277 0.014337
0 0.575781 0.578160 0.008203 0.014597
0 0.507422 0.864372 0.007031 0.009384
0 0.562500 0.709014 0.009766 0.013033
0 0.678906 0.663137 0.008203 0.011991
0 0.387109 0.379010 0.009180 0.014597
0 0.774219 0.545316 0.008203 0.016161
0 0.043750 0.351379 0.008740 0.015379
0 0.615625 0.118864 0.008984 0.013815
0 0.605469 0.427494 0.008984 0.010948
0 0.712500 0.744465 0.010938 0.011991
0 0.787500 0.890439 0.009766 0.014076
0 0.742969 0.613089 0.011328 0.014597
0 0.732813 0.765319 0.007422 0.008863
0 0.283594 0.377967 0.010352 0.014597
0 0.958594 0.942572 0.009375 0.013555
0 0.107910 0.650104 0.010937 0.014597
0 0.409766 0.627686 0.010156 0.013033
0 0.571875 0.740294 0.006641 0.009384
0 0.731250 0.618302 0.010547 0.012512
0 0.006171 0.376403 0.010364 0.014076
0 0.257422 0.891481 0.008398 0.009905
0 0.946875 0.344081 0.011719 0.012251
0 0.887500 0.759063 0.010938 0.011991
0 0.858594 0.477542 0.010937 0.014076
0 0.400781 0.333133 0.009570 0.012773
0 0.939062 0.577638 0.009375 0.016161
0 0.254297 0.835177 0.006055 0.007820
0 0.608203 0.994225 0.007812 0.011550
0 0.177734 0.384223 0.007129 0.010427
0 0.616016 0.942572 0.010156 0.011469
0 0.489453 0.726740 0.008594 0.009905
0 0.525781 0.061517 0.008203 0.016292
0 0.760938 0.602662 0.007031 0.011469
0 0.765234 0.004627 0.007812 0.009254
0 0.656641 0.279435 0.009375 0.015901
0 0.748047 0.245548 0.005469 0.007559
0 0.569531 0.719962 0.009766 0.015640
0 0.602734 0.978023 0.010156 0.012512
0 0.761328 0.793471 0.010938 0.014076
0 0.600781 0.718398 0.011719 0.011991
0 0.771094 0.067513 0.011328 0.012382
0 0.838281 0.978023 0.007812 0.009384
0 0.214258 0.894609 0.007422 0.016683
0 0.938281 0.909207 0.010938 0.012512
0 0.558984 0.330005 0.008594 0.010687
0 0.837500 0.579724 0.007812 0.009384
0 0.095215 0.167870 0.009180 0.014337
0 0.697656 0.763754 0.008203 0.010427
0 0.034180 0.383702 0.012476 0.014076
0 0.337109 0.441049 0.011133 0.015640
0 0.561328 0.067252 0.012500 0.016161
0 0.928906 0.544794 0.006250 0.008341
0 0.848438 0.445219 0.007031 0.008863
0 0.826563 0.636028 0.007812 0.009905
0 0.734375 0.915463 0.009766 0.016683
0 0.232031 0.869585 0.012500 0.015119
0 0.696875 0.479627 0.008984 0.008341
0 0.048071 0.761148 0.008838 0.015119
0 0.603906 0.151187 0.009766 0.012773
0 0.613281 0.510386 0.008203 0.009384
0 0.137891 0.563562 0.008203 0.012512
0 0.579688 0.166827 0.007812 0.011469
0 0.950000 0.604748 0.007031 0.008341
0 0.130762 0.095143 0.006641 0.009254
0 0.225000 0.816409 0.006836 0.010427
0 0.453125 0.427494 0.009766 0.011991
0 0.099756 0.935273 0.009863 0.014597
0 0.423438 0.532804 0.009766 0.013033
0 0.786719 0.475457 0.007422 0.009905
0 0.828125 0.676692 0.010156 0.016683
0 0.686328 0.151448 0.010156 0.015119
0 0.860937 0.923804 0.007031 0.008341
0 0.871875 0.300549 0.009375 0.009905
0 0.682031 0.730910 0.008594 0.008341
0 0.183203 0.345645 0.009473 0.011469
0 0.435156 0.260667 0.008203 0.008081
0 0.760547 0.680341 0.008594 0.007299
0 0.426562 0.093579 0.010547 0.018898
0 0.146289 0.149102 0.009570 0.012251
0 0.397266 0.870628 0.010352 0.014076
0 0.148047 0.602662 0.008203 0.010948
0 0.068701 0.153794 0.010547 0.013815
0 0.419531 0.937359 0.008984 0.012512
0 0.829688 0.263274 0.011719 0.014597
0 0.073047 0.379531 0.005811 0.014597
0 0.040454 0.386830 0.006592 0.013033
0 0.128027 0.151969 0.008203 0.015119
0 0.889844 0.136068 0.009375 0.012251
0 0.126758 0.261188 0.009863 0.016943
0 0.074365 0.312279 0.006836 0.010166
0 0.045020 0.603184 0.007520 0.008341
0 0.607813 0.481713 0.008594 0.012512
0 0.853125 0.503609 0.008594 0.010948
0 0.279297 0.690246 0.005859 0.006777
0 0.490625 0.176211 0.008594 0.014597
0 0.048486 0.079243 0.006226 0.008341
0 0.901563 0.682948 0.011719 0.013033
0 0.641016 0.902951 0.010937 0.017204
0 0.706250 0.952999 0.007422 0.011469
0 0.596094 0.424366 0.010547 0.013033
0 0.480469 0.538538 0.008203 0.014597
0 0.514063 0.785129 0.011328 0.013555
0 0.132422 0.113651 0.008203 0.015901
0 0.092676 0.259103 0.012646 0.013815
0 0.982813 0.638113 0.007812 0.008341
0 0.558984 0.136068 0.009375 0.012512
0 0.757031 0.469201 0.008203 0.010948
0 0.703906 0.701716 0.007422 0.010427
0 0.274609 0.601620 0.009961 0.014076
0 0.782813 0.777831 0.009766 0.015640
0 0.778906 0.752806 0.011328 0.011469
0 0.572656 0.028413 0.009766 0.012903
0 0.029150 0.817452 0.011060 0.013033
0 0.409375 0.444698 0.009375 0.011469
0 0.408203 0.557828 0.007812 0.008863
0 0.094629 0.215311 0.007568 0.008602
0 0.182715 0.412897 0.008203 0.010948
0 0.343945 0.269530 0.007812 0.011469
0 0.927344 0.344863 0.007812 0.007820
0 0.859375 0.574510 0.007031 0.008863
0 0.964063 0.252847 0.007031 0.008341
0 0.460938 0.346166 0.005859 0.007559
0 0.133203 0.279435 0.011035 0.012251
0 0.901563 0.935273 0.010156 0.010427
0 0.815625 0.059693 0.009375 0.010948
0 0.691406 0.683469 0.009766 0.011469
0 0.477344 0.076897 0.009766 0.013946
0 0.592969 0.141282 0.010156 0.013555
0 0.051367 0.159528 0.009619 0.013815
0 0.571094 0.394650 0.010156 0.011469
0 0.128906 0.363109 0.007422 0.006777
0 0.268750 0.957170 0.007617 0.017725
0 0.061523 0.685033 0.008594 0.012512
0 0.283984 0.677734 0.010938 0.011991
0 0.325586 0.047441 0.008984 0.013164
0 0.138867 0.369105 0.011523 0.012773
0 0.099121 0.453039 0.007959 0.016683
0 0.633594 0.569818 0.009766 0.011469
0 0.052832 0.412897 0.009326 0.010948
0 0.599219 0.893567 0.011328 0.013555
0 0.626953 0.934231 0.010156 0.014597
0 0.211328 0.425930 0.012500 0.014597
0 0.147461 0.630814 0.009277 0.010948
0 0.865625 0.680862 0.007812 0.007820
0 0.256836 0.704322 0.008984 0.012512
0 0.450000 0.483277 0.009375 0.013555
0 0.051660 0.990535 0.007983 0.007299
0 0.921094 0.175168 0.010937 0.010166
0 0.035303 0.919633 0.009058 0.015640
0 0.260156 0.285691 0.010156 0.010427
0 0.463281 0.726740 0.008984 0.015640
0 0.769141 0.568254 0.010938 0.014597
0 0.432813 0.286734 0.009766 0.010687
0 0.589063 0.532803 0.008203 0.009384
0 0.571484 0.601620 0.010156 0.011991
0 0.364844 0.400906 0.010742 0.016683
0 0.400781 0.535410 0.009961 0.016683
0 0.900000 0.296118 0.008594 0.016422
0 0.039502 0.363631 0.008936 0.015119
0 0.846875 0.077939 0.010156 0.009645
0 0.407031 0.061257 0.008203 0.013033
0 0.321484 0.236946 0.010352 0.016161
0 0.232422 0.573468 0.008008 0.010948
0 0.092480 0.759584 0.007764 0.010427
0 0.238477 0.967596 0.008594 0.016683
0 0.128906 0.143367 0.008887 0.013033
0 0.158105 0.197586 0.008008 0.008341
0 0.921094 0.911292 0.009375 0.011469
0 0.453125 0.443134 0.009766 0.014076
0 0.786719 0.490054 0.007422 0.012512
0 0.646094 0.034147 0.008203 0.012903
0 0.713281 0.249198 0.009766 0.011991
0 0.745313 0.906079 0.008984 0.011991
0 0.522656 0.541145 0.011328 0.013555
0 0.732031 0.472329 0.007031 0.008863
0 0.834375 0.125120 0.008594 0.009645
0 0.187793 0.338607 0.009961 0.011469
0 0.349609 0.642284 0.008594 0.016161
0 0.516406 0.231994 0.007422 0.008602
0 0.621094 0.047311 0.010156 0.009905
0 0.700000 0.798684 0.010937 0.011469
0 0.956250 0.902951 0.012500 0.016683
0 0.239063 0.060214 0.008398 0.010948
0 0.914062 0.046529 0.010156 0.011469
0 0.795703 0.592236 0.011719 0.009905
0 0.695312 0.060735 0.009375 0.014728
0 0.632031 0.086672 0.008984 0.015640
0 0.667188 0.502566 0.010156 0.010948
0 0.752734 0.865415 0.007812 0.008863
0 0.051367 0.404555 0.008496 0.015119
0 0.060547 0.187159 0.008203 0.012251
0 0.079053 0.322445 0.006055 0.007820
0 0.232812 0.514036 0.009961 0.011991
0 0.932031 0.282563 0.007812 0.009645
0 0.910938 0.194979 0.010938 0.015119
0 0.746484 0.004301 0.006250 0.008341
0 0.507031 0.199671 0.007812 0.009645
0 0.207422 0.745508 0.008008 0.010948
0 0.795313 0.561477 0.009375 0.014597
0 0.092432 0.450433 0.009277 0.012512
0 0.903125 0.699630 0.012500 0.016161
0 0.463281 0.759062 0.012109 0.013033
0 0.987500 0.921719 0.007812 0.009384
0 0.871094 0.059562 0.009375 0.010687
0 0.788672 0.094101 0.010156 0.013424
0 0.588281 0.061778 0.008984 0.016292
0 0.038867 0.475457 0.010132 0.018247
0 0.485156 0.807025 0.006641 0.008341
0 0.344922 0.017725 0.011914 0.013164
0 0.746484 0.816409 0.010156 0.013555
0 0.698438 0.092537 0.008203 0.012382
0 0.808594 0.532803 0.009375 0.014076
0 0.471875 0.986364 0.009766 0.017725
0 0.911719 0.936316 0.007812 0.012512
0 0.427344 0.355029 0.009375 0.008602
0 0.816406 0.588586 0.007812 0.008341
0 0.696094 0.799727 0.009766 0.014076
0 0.033545 0.871671 0.009570 0.012512
0 0.915625 0.765319 0.007812 0.007820
0 0.487891 0.591714 0.008594 0.012512
0 0.268359 0.597449 0.009180 0.017725
0 0.720313 0.543230 0.012109 0.014076
0 0.317578 0.310715 0.011914 0.014597
0 0.743359 0.883140 0.010156 0.011991
0 0.168750 0.264838 0.011426 0.014337
0 0.433203 0.455646 0.009375 0.013033
0 0.186719 0.897737 0.007324 0.011991
0 0.956250 0.926932 0.008594 0.010427
0 0.483984 0.178818 0.008594 0.013294
0 0.621484 0.644369 0.010156 0.013033
0 0.514063 0.262231 0.011328 0.016422
0 0.381250 0.671478 0.009570 0.011991
0 0.672656 0.588065 0.008594 0.012512
0 0.166504 0.726218 0.010547 0.010427
0 0.006781 0.424887 0.009143 0.015640
0 0.151367 0.434793 0.010254 0.013555
0 0.620313 0.552614 0.008984 0.014597
0 0.408594 0.994485 0.010156 0.011029
0 0.095020 0.398299 0.008643 0.010427
0 0.370313 0.552614 0.011328 0.011991
0 0.652344 0.253629 0.010156 0.012512
0 0.788672 0.323227 0.010938 0.013815
0 0.739844 0.671478 0.009766 0.015119
0 0.495313 0.811196 0.008984 0.011469
0 0.352734 0.284648 0.009570 0.010166
0 0.521875 0.816409 0.008594 0.009384
0 0.436719 0.712142 0.009766 0.013555
0 0.364063 0.804419 0.008984 0.015640
0 0.889844 0.278653 0.009375 0.013033
0 0.443750 0.457210 0.008594 0.011469
0 0.316406 0.027370 0.007617 0.011078
0 0.601562 0.774703 0.013672 0.010948
0 0.794531 0.654274 0.007812 0.008341
0 0.707031 0.846125 0.008984 0.012512
0 0.409375 0.657924 0.007031 0.012512
0 0.637500 0.162135 0.011328 0.009645
0 0.873438 0.905036 0.007031 0.012512
0 0.650781 0.895652 0.011328 0.012512
0 0.111523 0.596406 0.009082 0.016683
0 0.843750 0.802333 0.007031 0.009384
0 0.531641 0.666265 0.010156 0.015119
0 0.774219 0.337825 0.010547 0.013555
0 0.965625 0.815367 0.009375 0.011469
0 0.440625 0.126684 0.010156 0.012251
0 0.035840 0.317492 0.009082 0.011209
0 0.737500 0.645412 0.008203 0.015119
0 0.212891 0.735081 0.011719 0.013033
0 0.909375 0.234600 0.008594 0.011209
0 0.753516 0.098271 0.008594 0.008732
0 0.743750 0.128770 0.010938 0.013815
0 0.535937 0.061778 0.008203 0.016422
0 0.451563 0.338346 0.008203 0.012773
0 0.763281 0.667308 0.011328 0.015640
0 0.412109 0.385787 0.010938 0.011991
0 0.829687 0.072987 0.008594 0.010427
0 0.613281 0.589629 0.010156 0.013555
0 0.912500 0.930060 0.007812 0.016683
0 0.153711 0.563041 0.008301 0.008863
0 0.109375 0.915463 0.008496 0.009384
0 0.355273 0.302634 0.011719 0.012512
0 0.725781 0.619345 0.009375 0.013033
0 0.066406 0.965511 0.008496 0.010427
0 0.623047 0.217396 0.008594 0.010948
0 0.950781 0.895652 0.009375 0.011991
0 0.019739 0.719962 0.009155 0.013555
0 0.310937 0.271094 0.010937 0.016161
0 0.653906 0.059953 0.009375 0.009905
0 0.042896 0.068295 0.006494 0.008993
0 0.940625 0.431143 0.008594 0.008341
0 0.753906 0.690768 0.007031 0.008341
0 0.951563 0.344602 0.009375 0.010166
0 0.500000 0.247112 0.007422 0.012512
0 0.855469 0.694417 0.012500 0.015640
0 0.156055 0.422281 0.007617 0.010948
0 0.569922 0.663137 0.011719 0.016161
0 0.067773 0.013033 0.006885 0.009905
0 0.062451 0.672521 0.008789 0.014076
0 0.465234 0.503087 0.010156 0.014597
0 0.015649 0.519249 0.009503 0.011991
0 0.313281 0.952999 0.009961 0.014597
0 0.502344 0.218439 0.010156 0.013815
0 0.802344 0.035451 0.008984 0.011078
0 0.775781 0.293511 0.010547 0.016943
0 0.069873 0.135808 0.008887 0.016161
0 0.701563 0.085499 0.010156 0.012903
0 0.977344 0.894088 0.009375 0.010427
0 0.734375 0.658445 0.013281 0.011469
0 0.975000 0.379010 0.007031 0.009384
0 0.859375 0.060735 0.008594 0.011469
0 0.751562 0.003943 0.008203 0.007885
0 0.909375 0.654796 0.009375 0.015119
0 0.940625 0.342517 0.010156 0.011469
0 0.407031 0.731953 0.007422 0.009905
0 0.343750 0.925889 0.009180 0.012512
0 0.571484 0.566169 0.010156 0.015640
0 0.832813 0.493182 0.010156 0.013033
0 0.134180 0.577638 0.009375 0.013033
0 0.262500 0.901908 0.010742 0.012512
0 0.503125 0.669393 0.009766 0.011469
0 0.567187 0.327919 0.008203 0.012773
0 0.674219 0.032844 0.012109 0.015901
0 0.432031 0.294814 0.010547 0.014597
0 0.594531 0.669393 0.011328 0.013033
0 0.182031 0.460338 0.011426 0.010427
0 0.471094 0.544273 0.010547 0.013033
0 0.389063 0.839869 0.007617 0.007299
0 0.425781 0.058520 0.009766 0.012512
0 0.970312 0.938401 0.008594 0.011469
0 0.500000 0.270051 0.008203 0.013294
0 0.565234 0.740294 0.007031 0.009384
0 0.764453 0.393086 0.010938 0.016161
0 0.959375 0.436878 0.009375 0.010948
0 0.969531 0.807025 0.009375 0.011469
0 0.035107 0.704844 0.010449 0.016683
0 0.850000 0.623516 0.007031 0.009905
0 0.263672 0.891481 0.009766 0.009905
0 0.291016 0.995748 0.007227 0.008341
0 0.892188 0.747593 0.011719 0.019811
0 0.719531 0.499438 0.010937 0.016683
0 0.984375 0.835177 0.009375 0.010948
0 0.826563 0.346166 0.008594 0.011469
0 0.943750 0.660009 0.008594 0.017204
0 0.734375 0.615174 0.013672 0.013555
0 0.246094 0.736124 0.010547 0.013033
0 0.305078 0.311497 0.010352 0.015119
0 0.296484 0.568254 0.009375 0.009905
0 0.510156 0.456689 0.010156 0.009384
0 0.144531 0.336782 0.011816 0.016161
0 0.457422 0.912335 0.008594 0.010427
0 0.318945 0.274222 0.012109 0.017465
0 0.113867 0.325834 0.010840 0.010687
0 0.622266 0.158225 0.009375 0.012512
0 0.635547 0.344602 0.008594 0.015379
0 0.814062 0.089669 0.008594 0.010818
0 0.457812 0.396214 0.007422 0.009384
0 0.210352 0.568254 0.012500 0.015119
0 0.007263 0.942572 0.011914 0.017725
0 0.899219 0.589108 0.007812 0.010948
0 0.620313 0.613089 0.007422 0.007820
0 0.765625 0.481713 0.008203 0.009384
0 0.677734 0.371190 0.009375 0.010166
0 0.568750 0.301592 0.009766 0.013033
0 0.144531 0.169955 0.007715 0.010166
0 0.720313 0.420195 0.008984 0.010427
0 0.408594 0.301331 0.010547 0.012251
0 0.797266 0.036233 0.007031 0.010557
0 0.025684 0.103745 0.010034 0.014858
0 0.096143 0.579724 0.011426 0.011469
0 0.128223 0.492139 0.009180 0.010427
0 0.076514 0.699109 0.008496 0.010427
0 0.879687 0.347209 0.007812 0.009645
0 0.749219 0.218960 0.010937 0.012251
0 0.078369 0.141803 0.010059 0.011209
0 0.934375 0.035972 0.009375 0.011339
0 0.753906 0.602662 0.010547 0.011469
0 0.376758 0.159528 0.012109 0.014337
0 0.452344 0.552614 0.009766 0.011991
0 0.713281 0.816931 0.009766 0.013555
0 0.607031 0.765319 0.008984 0.011991
0 0.739844 0.777830 0.009766 0.015119
0 0.258203 0.444177 0.010352 0.016683
0 0.354688 0.646454 0.008594 0.016161
0 0.634375 0.230430 0.008203 0.008341
0 0.167676 0.535410 0.011328 0.012512
0 0.801563 0.611004 0.010156 0.011469
0 0.810938 0.471807 0.008594 0.011469
0 0.439844 0.467637 0.011328 0.012512
0 0.804688 0.595364 0.009375 0.011469
0 0.146875 0.417067 0.009082 0.010948
0 0.719922 0.581288 0.012500 0.012512
0 0.857031 0.750721 0.010938 0.014076
0 0.804688 0.089539 0.007031 0.009645
0 0.083887 0.663137 0.010400 0.011991
0 0.030322 0.946743 0.007690 0.013555
0 0.900781 0.651668 0.009375 0.012512
0 0.557813 0.611525 0.008984 0.014597
0 0.017456 0.420717 0.011304 0.014597
0 0.564844 0.193936 0.011328 0.013294
0 0.628516 0.057607 0.010156 0.012642
0 0.221875 0.424887 0.010547 0.012512
0 0.164355 0.905036 0.009570 0.005213
0 0.706250 0.757499 0.008984 0.013555
0 0.803125 0.741337 0.009766 0.009905
0 0.282227 0.589108 0.008984 0.012512
0 0.801563 0.150666 0.011328 0.015640
0 0.019507 0.946743 0.010999 0.015640
0 0.318555 0.053437 0.012891 0.015770
0 0.240234 0.682948 0.011523 0.014597
0 0.526563 0.676692 0.008594 0.009905
0 0.621875 0.940487 0.008203 0.011469
0 0.054639 0.441570 0.010840 0.013555
0 0.806250 0.277871 0.010938 0.013815
0 0.458203 0.004464 0.007812 0.008928
0 0.562891 0.915463 0.007031 0.009384
0 0.230664 0.940487 0.006250 0.009384
0 0.129102 0.392565 0.011328 0.012512
0 0.775781 0.768968 0.008984 0.017725
0 0.050977 0.854988 0.011670 0.010948
0 0.534375 0.333654 0.010938 0.011730
0 0.032813 0.824751 0.010840 0.013033
0 0.188281 0.506737 0.012402 0.014597
0 0.526563 0.827357 0.008984 0.010427
0 0.666797 0.952999 0.008594 0.013555
0 0.669531 0.239292 0.007422 0.009123
0 0.685156 0.470243 0.008984 0.010948
0 0.871875 0.997353 0.007031 0.005294
0 0.533984 0.650625 0.012500 0.011991
0 0.699219 0.594842 0.006641 0.009384
0 0.970312 0.359199 0.008594 0.009905
0 0.975781 0.418631 0.009375 0.014597
0 0.400781 0.250240 0.011523 0.011730
0 0.482031 0.746550 0.008984 0.012512
0 0.542188 0.430622 0.010547 0.019811
0 0.083594 0.896173 0.011523 0.008341
0 0.800781 0.896695 0.009766 0.013033
0 0.959375 0.522898 0.010156 0.009384
0 0.399609 0.961340 0.011523 0.011469
0 0.485156 0.553657 0.010937 0.013033
0 0.847656 0.092015 0.010938 0.013685
0 0.806250 0.600577 0.008594 0.013033
0 0.400000 0.558870 0.008398 0.015119
0 0.353516 0.994706 0.005859 0.010427
0 0.159375 0.717356 0.012012 0.013555
0 0.682422 0.765319 0.007812 0.007820
0 0.032104 0.914420 0.008447 0.016683
0 0.669922 0.505694 0.009375 0.008863
0 0.851562 0.007396 0.008594 0.014793
0 0.926562 0.882619 0.007812 0.008341
0 0.320703 0.902951 0.009961 0.013033
0 0.973438 0.172562 0.007031 0.009123
0 0.035010 0.425409 0.010596 0.013033
0 0.909375 0.265880 0.008594 0.009123
0 0.190723 0.324791 0.010742 0.012773
0 0.387109 0.531761 0.007031 0.008863
0 0.285547 0.617260 0.009961 0.009905
0 0.644531 0.122514 0.009766 0.013033
0 0.820312 0.286994 0.010156 0.013033
0 0.628906 0.559392 0.007812 0.014597
0 0.337109 0.895652 0.009180 0.013033
0 0.543359 0.564084 0.009375 0.013033
0 0.264844 0.470243 0.010937 0.014597
0 0.906250 0.923804 0.008594 0.011469
0 0.232031 0.736124 0.009375 0.013555
0 0.600000 0.017725 0.008984 0.013033
0 0.648438 0.703280 0.009766 0.012512
0 0.724219 0.163178 0.008984 0.011730
0 0.957813 0.853945 0.010156 0.015119
0 0.569922 0.590150 0.008594 0.011469
0 0.829687 0.757499 0.008594 0.013555
0 0.967188 0.132158 0.007031 0.008863
0 0.328516 0.888353 0.009961 0.013033
0 0.739844 0.978023 0.008203 0.010427
0 0.559375 0.727782 0.008203 0.009905
0 0.769531 0.027631 0.008203 0.011991
0 0.717188 0.759584 0.010937 0.012512
0 0.237891 0.466073 0.009766 0.014076
0 0.603125 0.557306 0.011328 0.012512
0 0.782812 0.371711 0.010547 0.011730
0 0.511719 0.796599 0.007031 0.007820
0 0.489062 0.262231 0.008984 0.010687
0 0.785938 0.040403 0.007031 0.008863
0 0.680469 0.784608 0.007812 0.009384
0 0.478125 0.668350 0.010547 0.013555
0 0.106445 0.387873 0.007520 0.013555
0 0.007141 0.577638 0.010645 0.014597
0 0.251172 0.290644 0.010547 0.013555
0 0.881250 0.470765 0.007812 0.012512
0 0.046973 0.856031 0.008887 0.010948
0 0.643750 0.486405 0.008203 0.016683
0 0.409375 0.971767 0.010547 0.013555
0 0.090039 0.520292 0.010400 0.018247
0 0.608594 0.606833 0.012109 0.015119
0 0.846094 0.300028 0.010938 0.012512
0 0.744922 0.343038 0.010156 0.010427
0 0.630078 0.095925 0.007812 0.007299
0 0.272070 0.961340 0.007812 0.014597
0 0.237109 0.481713 0.007227 0.009384
0 0.679688 0.644369 0.011719 0.015119
0 0.415625 0.626644 0.010547 0.014076
0 0.259375 0.654796 0.010547 0.011469
0 0.199805 0.071162 0.010156 0.016813
0 0.776563 0.893567 0.007812 0.013033
0 0.363477 0.821623 0.009766 0.014597
0 0.807031 0.465030 0.009375 0.011469
0 0.692969 0.453561 0.007422 0.013033
0 0.381641 0.422281 0.011914 0.010948
0 0.047949 0.415503 0.009863 0.011469
0 0.182324 0.393607 0.007812 0.009384
0 0.715625 0.580766 0.008984 0.011991
0 0.842969 0.226780 0.006250 0.009384
0 0.563672 0.243463 0.008594 0.013815
0 0.355859 0.581809 0.008008 0.011991
0 0.621875 0.944657 0.009375 0.013555
0 0.744531 0.089930 0.007812 0.011730
0 0.041211 0.404034 0.009277 0.009384
0 0.489063 0.780959 0.007812 0.007820
0 0.033496 0.421238 0.009497 0.015119
0 0.686328 0.885225 0.007031 0.010427
0 0.653906 0.069859 0.009766 0.014467
0 0.095410 0.145974 0.010156 0.014597
0 0.652344 0.191330 0.010938 0.014337
0 0.418750 0.825793 0.009766 0.014597
0 0.446484 0.985322 0.010938 0.012512
0 0.586719 0.629772 0.007422 0.011991
0 0.724219 0.451475 0.006641 0.009905
0 0.143164 0.518206 0.011035 0.013555
0 0.084668 0.903993 0.010791 0.009905
0 0.143750 0.553657 0.008105 0.008863
0 0.034277 0.010166 0.009473 0.011991
0 0.643359 0.532804 0.007812 0.010427
0 0.239648 0.996310 0.008203 0.007380
0 0.401563 0.649061 0.009375 0.009384
0 0.710156 0.680862 0.008984 0.011991
0 0.159375 0.155358 0.011816 0.012251
0 0.962500 0.553136 0.007812 0.010427
0 0.178711 0.886789 0.011133 0.014597
0 0.962500 0.520292 0.012500 0.011991
0 0.047070 0.730910 0.009888 0.015119
0 0.042383 0.919633 0.008667 0.016683
0 0.386719 0.350858 0.010352 0.013815
0 0.705469 0.470243 0.007422 0.011469
0 0.002386 0.468158 0.004773 0.010948
0 0.920313 0.163699 0.008594 0.010687
0 0.501563 0.649582 0.008984 0.010948
0 0.701563 0.713185 0.008984 0.011991
0 0.685156 0.799727 0.009375 0.012512
0 0.920313 0.232515 0.012500 0.012512
0 0.582422 0.546358 0.008594 0.009905
0 0.464453 0.073508 0.011719 0.013033
0 0.810938 0.905036 0.011719 0.015640
0 0.576172 0.545837 0.008594 0.013555
0 0.697656 0.844040 0.007812 0.011469
0 0.814062 0.576596 0.008594 0.013033
0 0.058203 0.409247 0.009570 0.010427
0 0.022498 0.210358 0.010913 0.011991
0 0.559375 0.819537 0.009766 0.011469
0 0.640234 0.430622 0.010938 0.011991
0 0.214844 0.913377 0.006055 0.014597
0 0.607422 0.990535 0.008594 0.013555
0 0.465625 0.877927 0.009766 0.017204
0 0.028613 0.935273 0.009143 0.010427
0 0.865625 0.900865 0.010156 0.010948
0 0.475391 0.617781 0.010156 0.011469
0 0.357227 0.295596 0.012500 0.009645
0 0.893750 0.263795 0.010156 0.014076
0 0.044482 0.964468 0.010034 0.010427
0 0.589063 0.021244 0.009375 0.011991
0 0.670312 0.819537 0.009766 0.012512
0 0.269141 0.723612 0.009961 0.011991
0 0.959375 0.533325 0.011719 0.010427
0 0.110059 0.970724 0.010156 0.016683
0 0.082617 0.013033 0.006494 0.007429
0 0.251563 0.307066 0.010742 0.012773
0 0.046777 0.159528 0.010449 0.012251
0 0.833594 0.564084 0.007812 0.009905
0 0.908594 0.496310 0.009375 0.012512
0 0.499219 0.251804 0.008594 0.014858
0 0.493750 0.626644 0.010156 0.013033
0 0.240430 0.387873 0.010547 0.015640
0 0.585547 0.699109 0.007031 0.008341
0 0.839063 0.915463 0.008594 0.009384
0 0.579297 0.486405 0.008594 0.013555
0 0.890625 0.209055 0.009375 0.010166
0 0.037207 0.213747 0.007910 0.014337
0 0.531250 0.162135 0.007422 0.008602
0 0.615625 0.188723 0.010547 0.011209
0 0.683984 0.648540 0.009375 0.011469
0 0.954687 0.300549 0.008594 0.012512
0 0.780469 0.022939 0.007812 0.009775
0 0.770313 0.421238 0.010938 0.016161
0 0.818750 0.354247 0.007812 0.013555
0 0.648438 0.058520 0.012109 0.010948
0 0.945312 0.574510 0.007031 0.009905
0 0.258789 0.343038 0.011719 0.013294
0 0.675781 0.784087 0.012500 0.010948
0 0.378516 0.821623 0.008203 0.008863
0 0.033008 0.754892 0.008936 0.010948
0 0.517969 0.026197 0.007031 0.011209
0 0.189160 0.261188 0.010938 0.012773
0 0.821875 0.069598 0.009375 0.008732
0 0.836719 0.344602 0.007812 0.011209
0 0.542188 0.754892 0.012109 0.015119
0 0.898438 0.919633 0.010156 0.016683
0 0.819531 0.753849 0.010937 0.013555
0 0.083838 0.502566 0.010645 0.013555
0 0.721484 0.166827 0.010937 0.010166
0 0.472656 0.271094 0.008984 0.009384
0 0.321875 0.879491 0.010742 0.012512
0 0.380078 0.472329 0.007422 0.009905
0 0.970313 0.875841 0.011719 0.011469
0 0.444141 0.752285 0.009375 0.016683
0 0.825000 0.651146 0.011719 0.012512
0 0.758594 0.069077 0.011328 0.013685
0 0.023486 0.198628 0.009216 0.011209
0 0.834375 0.092276 0.010156 0.011600
0 0.862500 0.235122 0.007812 0.011209
0 0.344922 0.295075 0.009961 0.011730
0 0.176074 0.552093 0.009180 0.012512
0 0.650781 0.842476 0.011328 0.014076
0 0.260352 0.980108 0.009375 0.009384
0 0.053564 0.089930 0.008105 0.008863
0 0.802344 0.168912 0.010938 0.012251
0 0.437500 0.516121 0.007422 0.009905
0 0.157422 0.392043 0.012500 0.013033
0 0.674609 0.593278 0.009375 0.011991
0 0.956250 0.312018 0.007812 0.011991
0 0.108789 0.529676 0.007520 0.009384
0 0.255664 0.306544 0.011328 0.011469
0 0.482813 0.316450 0.010547 0.012773
0 0.566797 0.162656 0.008594 0.011209
0 0.551563 0.903993 0.011719 0.013033
0 0.884375 0.312800 0.010938 0.013033
0 0.066699 0.734038 0.010742 0.011991
0 0.778906 0.108959 0.009375 0.011730
0 0.987500 0.413939 0.008594 0.011991
0 0.046509 0.624558 0.012354 0.011991
0 0.089551 0.065949 0.011084 0.012251
0 0.152539 0.133983 0.010254 0.012251
0 0.705469 0.417589 0.008203 0.011469
0 0.741797 0.996310 0.008594 0.007380
0 0.750391 0.590672 0.010938 0.011469
0 0.712500 0.126684 0.007812 0.011991
0 0.431250 0.620388 0.008203 0.010948
0 0.029639 0.580766 0.008887 0.010948
0 0.428906 0.228866 0.010547 0.012512
0 0.513281 0.322185 0.010156 0.012773
0 0.572266 0.105310 0.009375 0.009384
0 0.203125 0.577638 0.009766 0.011469
0 0.301563 0.248416 0.009961 0.010427
0 0.925781 0.295596 0.009375 0.013815
0 0.546484 0.118343 0.012500 0.013033
0 0.405078 0.971767 0.010156 0.010427
0 0.764063 0.967596 0.011328 0.014597
0 0.208984 0.836741 0.010547 0.011469
0 0.482813 0.727782 0.008203 0.011991
0 0.681641 0.252847 0.008594 0.010948
0 0.840625 0.265880 0.012500 0.012773
0 0.918750 0.558349 0.010156 0.013555
0 0.260938 0.489011 0.011133 0.014076
0 0.934375 0.069337 0.009375 0.012642
0 0.184375 0.004431 0.007520 0.008863
0 0.763281 0.530718 0.009375 0.011991
0 0.208594 0.126163 0.011133 0.014337
0 0.515625 0.283866 0.009766 0.009905
0 0.703125 0.800248 0.009766 0.014597
0 0.323828 0.788779 0.011328 0.013555
0 0.766406 0.172040 0.009375 0.011209
0 0.575000 0.509865 0.011328 0.015119
0 0.201758 0.564084 0.008984 0.014076
0 0.460156 0.045617 0.009766 0.011991
0 0.112500 0.654274 0.010840 0.013555
0 0.579688 0.066991 0.010547 0.011078
0 0.908594 0.581809 0.009375 0.009905
0 0.557422 0.066340 0.010937 0.013815
0 0.221875 0.183510 0.011523 0.010166
0 0.694922 0.829964 0.008594 0.010948
0 0.051709 0.518727 0.010059 0.015640
0 0.243359 0.128248 0.007617 0.015901
0 0.294922 0.961340 0.009961 0.011469
0 0.604688 0.684512 0.008984 0.011469
0 0.212695 0.746550 0.011328 0.011991
0 0.438672 0.827879 0.010938 0.014076
0 0.138672 0.518206 0.011426 0.013033
0 0.021130 0.612046 0.009839 0.010948
0 0.296875 0.472329 0.010352 0.012512
0 0.286719 0.310194 0.006055 0.009384
0 0.742578 0.061908 0.010156 0.015379
0 0.006995 0.967596 0.012891 0.011469
0 0.975000 0.921719 0.009375 0.013555
0 0.750781 0.482755 0.008203 0.009905
0 0.914062 0.890439 0.008594 0.009905
0 0.756250 0.387873 0.009766 0.015119
0 0.287695 0.617260 0.003125 0.004692
0 0.881250 0.761669 0.008594 0.012512
0 0.201562 0.844561 0.011426 0.012512
0 0.370313 0.489011 0.006836 0.007299
0 0.923437 0.900344 0.007031 0.013555
0 0.162305 0.829964 0.008594 0.013033
0 0.993750 0.357114 0.004687 0.005995
0 0.548828 0.435835 0.007812 0.014076
0 0.547266 0.426973 0.010156 0.015640
0 0.390234 0.814324 0.008984 0.011469
0 0.882812 0.346427 0.009375 0.012512
0 0.948438 0.530197 0.008594 0.011469
0 0.921094 0.706929 0.009375 0.011469
0 0.279297 0.746550 0.007422 0.008863
0 0.111816 0.020332 0.011328 0.015640
0 0.967969 0.515078 0.009375 0.010948
0 0.246484 0.930060 0.009961 0.009384
0 0.434375 0.360763 0.008203 0.010948
0 0.087793 0.918591 0.011279 0.010427
0 0.461328 0.445741 0.009375 0.013555
0 0.435938 0.753849 0.008203 0.013555
0 0.650000 0.403513 0.008203 0.011991
0 0.853125 0.811196 0.007031 0.008863
0 0.538281 0.577638 0.010156 0.012512
0 0.600391 0.384745 0.010156 0.011991
0 0.721875 0.432707 0.012109 0.011991
0 0.758594 0.959255 0.011328 0.013555
0 0.908594 0.314625 0.009375 0.008341
0 0.140039 0.819537 0.010059 0.015640
0 0.121289 0.890960 0.008203 0.008341
0 0.732813 0.937359 0.008984 0.016683
0 0.716016 0.096186 0.006250 0.009905
0 0.746484 0.590150 0.009375 0.010948
0 0.425391 0.865415 0.011719 0.010948
0 0.925781 0.036754 0.007812 0.012121
0 0.615625 0.994485 0.009766 0.011029
0 0.662500 0.903993 0.008203 0.010948
0 0.428906 0.879491 0.007422 0.016683
0 0.914062 0.901908 0.008594 0.012512
0 0.817188 0.388915 0.007031 0.007820
0 0.036572 0.532803 0.008130 0.009905
0 0.544531 0.423323 0.008984 0.011469
0 0.817969 0.771053 0.006250 0.009384
0 0.753125 0.386830 0.010547 0.011991
0 0.913281 0.874799 0.009375 0.012512
0 0.466406 0.004366 0.006641 0.008732
0 0.595313 0.861244 0.014063 0.011469
0 0.791406 0.334697 0.010156 0.011209
0 0.703906 0.836220 0.008984 0.010427
0 0.050000 0.277871 0.008740 0.012251
0 0.503906 0.505173 0.009766 0.014597
0 0.608984 0.506216 0.007812 0.011469
0 0.219141 0.134504 0.011133 0.012512
0 0.041089 0.692332 0.012598 0.013033
0 0.953125 0.428537 0.010156 0.010427
0 0.627734 0.309672 0.010156 0.011209
0 0.503125 0.816409 0.008203 0.008341
0 0.015283 0.978023 0.009222 0.015640
0 0.250781 0.284127 0.008398 0.014858
0 0.403516 0.798684 0.007812 0.007820
0 0.540234 0.057607 0.008594 0.011600
0 0.590625 0.196804 0.009766 0.012512
0 0.799609 0.604748 0.010156 0.016161
0 0.020776 0.095143 0.009778 0.013033
0 0.868750 0.681905 0.011719 0.008863
0 0.758984 0.492139 0.009375 0.010948
0 0.226562 0.383702 0.010352 0.011469
0 0.932813 0.215050 0.009375 0.010948
0 0.127734 0.112087 0.010547 0.015119
0 0.625781 0.727782 0.008984 0.013555
0 0.843750 0.765319 0.007031 0.010427
0 0.770313 0.650625 0.011328 0.011991
0 0.764063 0.080807 0.010938 0.009514
0 0.435547 0.459295 0.012500 0.014597
0 0.578516 0.118604 0.009375 0.013033
0 0.790625 0.014337 0.008203 0.014728
0 0.319141 0.241638 0.012695 0.014597
0 0.651953 0.282563 0.013281 0.017725
0 0.575781 0.561477 0.010547 0.015640
0 0.425000 0.712142 0.008594 0.016161
0 0.158105 0.133462 0.011914 0.012251
0 0.506250 0.255975 0.008594 0.013555
0 0.221484 0.303938 0.010547 0.014597
0 0.558594 0.618302 0.009766 0.016161
0 0.970312 0.181424 0.010156 0.009645
0 0.685547 0.402991 0.009375 0.014597
0 0.491406 0.673564 0.010938 0.013033
0 0.320703 0.785129 0.011914 0.016161
0 0.621094 0.691289 0.010938 0.014076
0 0.384375 0.807547 0.009961 0.011469
0 0.973438 0.613089 0.005469 0.007820
0 0.301563 0.311758 0.010156 0.013033
0 0.291992 0.983236 0.010547 0.014597
0 0.519922 0.401427 0.009375 0.014076
0 0.278906 0.810153 0.008008 0.008863
0 0.767188 0.965511 0.007812 0.015640
0 0.007800 0.700673 0.012354 0.011991
0 0.438281 0.110002 0.008203 0.010948
0 0.514453 0.268487 0.010937 0.013555
0 0.014221 0.492139 0.010516 0.010948
0 0.860156 0.045877 0.007812 0.009254
0 0.900000 0.422281 0.007031 0.009384
0 0.333594 0.573468 0.007031 0.007820
0 0.396094 0.330005 0.009375 0.014337
0 0.531250 0.377446 0.010547 0.012512
0 0.557031 0.296118 0.008594 0.012512
0 0.480469 0.800769 0.007422 0.010948
0 0.820312 0.311758 0.008594 0.015901
0 0.616016 0.694417 0.011719 0.017204
0 0.721094 0.243202 0.010156 0.011991
0 0.953125 0.214268 0.010156 0.010687
0 0.053320 0.348512 0.008472 0.010948
0 0.888281 0.319317 0.010938 0.011991
0 0.444922 0.687118 0.007812 0.009384
0 0.588281 0.246591 0.008203 0.010687
0 0.287891 0.038709 0.008984 0.012512
0 0.871094 0.070901 0.009375 0.011339
0 0.867969 0.084977 0.006250 0.010166
0 0.103613 0.223652 0.009570 0.010166
0 0.590625 0.670957 0.010547 0.012512
0 0.351172 0.084326 0.009180 0.015640
0 0.375000 0.809111 0.011523 0.014597
0 0.754688 0.813281 0.008594 0.015119
0 0.528125 0.856031 0.008594 0.015640
0 0.804688 0.657924 0.007031 0.008341
0 0.259375 0.880533 0.010742 0.011469
0 0.205078 0.364413 0.006836 0.011730
0 0.982031 0.932145 0.007812 0.009384
0 0.326953 0.879491 0.010938 0.012512
0 0.511719 0.135808 0.006641 0.009384
0 0.214062 0.410811 0.010742 0.011991
0 0.206250 0.807025 0.006836 0.009905
0 0.378516 0.793471 0.012305 0.012512
0 0.146680 0.190287 0.009473 0.010687
0 0.554688 0.166306 0.008984 0.011209
0 0.428125 0.003519 0.010156 0.007038
0 0.486328 0.662094 0.009375 0.010948
0 0.741406 0.793471 0.009766 0.011991
0 0.054248 0.658966 0.010474 0.010427
0 0.733594 0.587022 0.009766 0.011991
0 0.851562 0.535932 0.008594 0.011469
0 0.042407 0.414982 0.008643 0.010427
0 0.676562 0.819537 0.010937 0.011991
0 0.682031 0.292990 0.008203 0.011469
0 0.060547 0.196543 0.008398 0.010166
0 0.326562 0.807547 0.010156 0.014597
0 0.604688 0.236164 0.008203 0.012251
0 0.162500 0.405077 0.009766 0.015640
0 0.303516 0.010427 0.009766 0.015901
0 0.402344 0.654796 0.009961 0.014597
0 0.596094 0.379010 0.008984 0.008341
0 0.675781 0.532803 0.007422 0.009905
0 0.650391 0.071944 0.010156 0.012382
0 0.307227 0.484841 0.008984 0.010427
0 0.308203 0.940487 0.011133 0.011469
0 0.211328 0.511429 0.011719 0.014597
0 0.441406 0.836741 0.009375 0.013555
0 0.622656 0.027240 0.008984 0.011730
0 0.013306 0.554700 0.011829 0.014076
0 0.396094 0.507779 0.007227 0.009384
0 0.818750 0.328441 0.007812 0.014597
0 0.761719 0.108438 0.008984 0.011209
0 0.494531 0.937359 0.007031 0.008341
0 0.754687 0.906079 0.009766 0.011991
0 0.753906 0.297160 0.008594 0.008602
0 0.555078 0.318535 0.007812 0.010687
0 0.872656 0.670957 0.009375 0.011469
0 0.643750 0.309933 0.009375 0.010948
0 0.875781 0.352161 0.009375 0.010427
0 0.090674 0.190808 0.011230 0.014076
0 0.976562 0.887311 0.011719 0.015119
0 0.518750 0.462945 0.009766 0.013033
0 0.616016 0.493182 0.010156 0.013033
0 0.946094 0.921719 0.010938 0.015640
0 0.739063 0.238250 0.009375 0.012773
0 0.593750 0.168391 0.007422 0.010687
0 0.829687 0.248416 0.007031 0.009384
0 0.851562 0.243984 0.010156 0.013033
0 0.925000 0.148059 0.008594 0.014337
0 0.757422 0.643326 0.010938 0.013033
0 0.416406 0.647497 0.010937 0.013033
0 0.820312 0.618302 0.010156 0.011991
0 0.246094 0.407162 0.009961 0.011469
0 0.707031 0.023721 0.007031 0.008211
0 0.592969 0.556785 0.007812 0.011991
0 0.760156 0.978023 0.008984 0.013555
0 0.114551 0.112348 0.010352 0.010948
0 0.042041 0.152751 0.010571 0.013294
0 0.672656 0.166045 0.010547 0.009384
0 0.748438 0.810153 0.008203 0.015640
0 0.133789 0.449390 0.008594 0.007820
0 0.582812 0.153012 0.008984 0.014597
0 0.013489 0.595885 0.010468 0.013555
0 0.100195 0.550529 0.009082 0.009905
0 0.702344 0.692332 0.008203 0.013033
0 0.439063 0.054088 0.011719 0.015119
0 0.770703 0.905036 0.007812 0.014597
0 0.620313 0.501523 0.009766 0.015640
0 0.455469 0.323748 0.007422 0.010166
0 0.712500 0.519770 0.008203 0.011469
0 0.311719 0.023981 0.008203 0.011339
0 0.061084 0.200974 0.007129 0.009905
0 0.326953 0.897737 0.010938 0.009905
0 0.294922 0.043792 0.008789 0.010818
0 0.875000 0.414982 0.009375 0.011991
0 0.905469 0.036102 0.009375 0.016683
0 0.156055 0.573468 0.008301 0.012512
0 0.970312 0.679820 0.009375 0.011991
0 0.506641 0.230951 0.010156 0.011991
0 0.675000 0.713185 0.009766 0.013033
0 0.398438 0.235904 0.009961 0.010948
0 0.258594 0.943615 0.011328 0.014597
0 0.918750 0.245548 0.008594 0.013815
0 0.064209 0.405598 0.012305 0.010948
0 0.126367 0.583894 0.010840 0.011991
0 0.928906 0.218439 0.010937 0.012251
0 0.391602 0.665744 0.009375 0.010427
0 0.100195 0.459295 0.009131 0.011469
0 0.351367 0.823708 0.010156 0.013555
0 0.403516 0.701716 0.007617 0.008863
0 0.175195 0.505173 0.009082 0.014597
0 0.280469 0.360242 0.009570 0.013555
0 0.400781 0.860201 0.011328 0.011991
0 0.621094 0.051612 0.011328 0.013424
0 0.744531 0.123556 0.014063 0.013294
0 0.757031 0.994225 0.008203 0.011550
0 0.851562 0.263274 0.007031 0.009905
0 0.823438 0.393086 0.006250 0.008863
0 0.395508 0.048223 0.010547 0.014467
0 0.069678 0.142846 0.011035 0.019550
0 0.211719 0.398299 0.010352 0.016161
0 0.764844 0.690246 0.009766 0.010948
0 0.376758 0.651668 0.009766 0.013033
0 0.514844 0.402470 0.010547 0.013033
0 0.155273 0.692332 0.009668 0.010427
0 0.900781 0.235122 0.009375 0.012773
0 0.191504 0.544273 0.010352 0.012512
0 0.534766 0.698588 0.008594 0.008863
0 0.468750 0.427494 0.008984 0.013555
0 0.405078 0.177514 0.006250 0.009384
0 0.593359 0.128248 0.010156 0.013033
0 0.915625 0.751764 0.008594 0.009905
0 0.553906 0.259103 0.010156 0.014858
0 0.032544 0.605790 0.011572 0.017204
0 0.594531 0.371190 0.008203 0.011730
0 0.934375 0.104006 0.010156 0.013033
0 0.445312 0.369626 0.008984 0.011469
0 0.055762 0.965511 0.008154 0.011469
0 0.315234 0.575553 0.010742 0.012512
0 0.715625 0.952999 0.010547 0.013555
0 0.318359 0.250240 0.009961 0.011469
0 0.147656 0.544273 0.008887 0.014076
0 0.144824 0.539581 0.010156 0.012512
0 0.421094 0.894088 0.009766 0.011469
0 0.919531 0.531761 0.007812 0.008863
0 0.853125 0.103745 0.010156 0.013164
0 0.794531 0.261710 0.009766 0.013815
0 0.148535 0.573989 0.008008 0.010427
0 0.245508 0.566169 0.010937 0.014597
0 0.871875 0.909207 0.009375 0.013555
0 0.589063 0.952999 0.008984 0.011469
0 0.550781 0.003389 0.008203 0.006777
0 0.921875 0.050309 0.010938 0.012251
0 0.594141 0.639156 0.009375 0.014597
0 0.057715 0.383181 0.008154 0.009384
0 0.416016 0.719962 0.010156 0.011469
0 0.901563 0.058520 0.010937 0.012773
0 0.934375 0.824751 0.007031 0.008863
0 0.749219 0.994746 0.008594 0.010508
0 0.687500 0.583894 0.011719 0.018768
0 0.140039 0.179860 0.009863 0.010166
0 0.016187 0.463466 0.009186 0.014597
0 0.077490 0.954041 0.010449 0.012512
0 0.072803 0.704844 0.008398 0.007820
0 0.593750 0.263795 0.010547 0.013294
0 0.714453 0.783044 0.008594 0.009905
0 0.165039 0.720484 0.011621 0.014597
0 0.053125 0.126163 0.009180 0.011469
0 0.039258 0.083935 0.012085 0.011078
0 0.782031 0.654796 0.007812 0.011991
0 0.850000 0.022808 0.008594 0.010427
0 0.678125 0.410811 0.008203 0.012512
0 0.621875 0.062039 0.010156 0.010948
0 0.398047 0.676692 0.009961 0.010427
0 0.857813 0.584937 0.008594 0.010948
0 0.984375 0.471807 0.010156 0.012512
0 0.083691 0.463466 0.006934 0.009384
0 0.789453 0.579724 0.010938 0.012512
0 0.236719 0.406641 0.008398 0.009905
0 0.231641 0.445741 0.009570 0.014597
0 0.380469 0.545316 0.008398 0.012512
0 0.806250 0.092797 0.010156 0.015249
0 0.819531 0.457210 0.007812 0.008341
0 0.071240 0.254932 0.010449 0.013555
0 0.543750 0.747593 0.014453 0.017204
0 0.407813 0.849253 0.010938 0.011469
0 0.909375 0.321924 0.010156 0.013033
0 0.895312 0.053176 0.011719 0.013946
0 0.693750 0.480670 0.009766 0.011991
0 0.028223 0.008863 0.009448 0.012121
0 0.291406 0.522377 0.009961 0.013033
0 0.237891 0.483798 0.002930 0.004692
0 0.833594 0.877927 0.010938 0.014076
0 0.374219 0.821101 0.008398 0.010427
0 0.060938 0.911292 0.010889 0.015640
0 0.417188 0.556785 0.008203 0.009905
0 0.599219 0.266923 0.008594 0.011209
0 0.711719 0.730910 0.008984 0.010427
0 0.834375 0.791385 0.009375 0.008863
0 0.925000 0.249719 0.008594 0.011730
0 0.879687 0.731953 0.011719 0.012512
0 0.241406 0.124078 0.009961 0.015379
0 0.957031 0.825793 0.009375 0.011991
0 0.636719 0.329483 0.007031 0.008602
0 0.818750 0.273179 0.009375 0.013815
0 0.148340 0.484841 0.008398 0.015119
0 0.552344 0.738730 0.011328 0.012512
0 0.765234 0.544794 0.010156 0.012512
0 0.583984 0.167609 0.009375 0.011991
0 0.682813 0.370147 0.011328 0.012512
0 0.885938 0.350858 0.007812 0.009645
0 0.507812 0.805983 0.009375 0.009905
0 0.141309 0.221828 0.009766 0.012512
0 0.850781 0.682426 0.007812 0.010427
0 0.457031 0.584937 0.008984 0.013033
0 0.441406 0.286734 0.008203 0.011730
0 0.581641 0.440006 0.012500 0.011469
0 0.535937 0.740294 0.012891 0.013555
0 0.269727 0.712142 0.009375 0.015119
0 0.964063 0.414982 0.010937 0.011991
0 0.820312 0.711621 0.008594 0.013555
0 0.744531 0.603705 0.013281 0.013555
0 0.659375 0.063994 0.013281 0.014337
0 0.426953 0.069077 0.009375 0.012642
0 0.732031 0.997614 0.008203 0.004773
0 0.065430 0.656881 0.009814 0.009905
0 0.868750 0.486926 0.008594 0.014076
0 0.464063 0.367019 0.012109 0.013294
0 0.708594 0.291165 0.011328 0.011991
0 0.079102 0.365977 0.011328 0.011469
0 0.159766 0.691289 0.009863 0.010948
0 0.494922 0.696502 0.007031 0.010427
0 0.626953 0.772617 0.008594 0.006777
0 0.782031 0.108698 0.008594 0.010427
0 0.003760 0.523419 0.006860 0.010948
0 0.528906 0.144931 0.006641 0.008602
0 0.282813 0.323748 0.008203 0.008863
0 0.843750 0.738730 0.008594 0.013555
0 0.821875 0.869585 0.009375 0.011991
0 0.394531 0.653232 0.009961 0.013555
0 0.175195 0.304720 0.010059 0.015640
0 0.214453 0.571382 0.010156 0.014597
0 0.075000 0.793471 0.007275 0.010948
0 0.997852 0.334697 0.004297 0.012773
0 0.044067 0.364413 0.009424 0.013815
0 0.054688 0.671478 0.009277 0.014597
0 0.629687 0.153794 0.008203 0.014858
0 0.664844 0.593278 0.008594 0.012512
0 0.077832 0.181164 0.011865 0.014076
0 0.928125 0.240335 0.010156 0.014337
0 0.426562 0.276828 0.011328 0.011469
0 0.676172 0.166827 0.011719 0.011991
0 0.607031 0.627686 0.009375 0.015119
0 0.362891 0.236425 0.010352 0.014076
0 0.823438 0.630814 0.007031 0.008863
0 0.669531 0.251283 0.008203 0.011209
0 0.139160 0.381617 0.010742 0.011469
0 0.175586 0.460859 0.009863 0.011991
0 0.624219 0.460859 0.008984 0.017725
0 0.453125 0.267444 0.010938 0.010166
0 0.633984 0.732996 0.008594 0.009905
0 0.439063 0.892524 0.009375 0.011991
0 0.126758 0.202278 0.010840 0.013555
0 0.201953 0.905036 0.010449 0.007299
0 0.648828 0.411854 0.007031 0.010948
0 0.208984 0.902951 0.011523 0.006777
0 0.898438 0.434793 0.010156 0.014076
0 0.682813 0.770532 0.008984 0.014597
0 0.446875 0.748636 0.008594 0.010948
0 0.427344 0.869585 0.011328 0.014597
0 0.574219 0.631857 0.011328 0.014076
0 0.431250 0.005865 0.010547 0.011730
0 0.266602 0.243463 0.007812 0.011991
0 0.335156 0.944658 0.009180 0.015640
0 0.104687 0.394129 0.009082 0.014597
0 0.441406 0.823708 0.009766 0.012512
0 0.611719 0.715270 0.008203 0.011469
0 0.932813 0.133462 0.009375 0.012512
0 0.516406 0.278914 0.008594 0.014337
0 0.783594 0.505694 0.010938 0.010427
0 0.757812 0.060475 0.011328 0.011730
0 0.677344 0.345123 0.008984 0.009123
0 0.896875 0.813281 0.010938 0.013033
0 0.196680 0.450433 0.010840 0.011469
0 0.222266 0.662094 0.009961 0.011991
0 0.469531 0.165784 0.010156 0.013815
0 0.612500 0.522898 0.008203 0.013555
0 0.620313 0.235122 0.008594 0.009905
0 0.485156 0.625601 0.008984 0.011991
0 0.219531 0.761148 0.008203 0.010948
0 0.615625 0.477542 0.009375 0.011991
0 0.739844 0.461902 0.011328 0.014076
0 0.032593 0.337564 0.008789 0.014076
0 0.565625 0.273179 0.008594 0.009384
0 0.785547 0.027761 0.007812 0.013555
0 0.931250 0.901908 0.010938 0.012512
0 0.095068 0.612568 0.011816 0.013555
0 0.570312 0.246330 0.008984 0.009905
0 0.533203 0.900865 0.010156 0.011991
0 0.303906 0.004920 0.009180 0.009840
0 0.753516 0.124078 0.009375 0.010948
0 0.388672 0.362849 0.009961 0.014337
0 0.165137 0.477542 0.010547 0.017725
0 0.632031 0.794513 0.010938 0.013033
0 0.281445 0.617781 0.010937 0.010427
0 0.664062 0.728304 0.009766 0.012512
0 0.914062 0.629772 0.011719 0.014597
0 0.017712 0.689204 0.011005 0.017204
0 0.153027 0.827879 0.010742 0.014076
0 0.848438 0.104788 0.009375 0.011469
0 0.064453 0.698588 0.008203 0.009384
0 0.595313 0.405598 0.008984 0.012512
0 0.890625 0.777830 0.011719 0.014076
0 0.974219 0.891481 0.010938 0.014076
0 0.143652 0.945700 0.010547 0.014597
0 0.496875 0.676692 0.009375 0.011991
0 0.450781 0.544794 0.010938 0.015640
0 0.166797 0.550529 0.007910 0.010948
0 0.964063 0.926932 0.007812 0.010427
0 0.136621 0.264316 0.010352 0.014597
0 0.333789 0.805983 0.010547 0.013033
0 0.028149 0.984279 0.010352 0.011469
0 0.225391 0.182206 0.012891 0.009905
0 0.063867 0.312800 0.008496 0.012773
0 0.881250 0.005995 0.007031 0.010296
0 0.168750 0.370147 0.009863 0.013033
0 0.114258 0.899823 0.008301 0.008863
0 0.154883 0.148320 0.012402 0.012512
0 0.054688 0.954041 0.008740 0.010427
0 0.218359 0.574510 0.011914 0.011991
0 0.426562 0.326355 0.008203 0.011991
0 0.141602 0.192894 0.010449 0.010166
0 0.745313 0.978023 0.010937 0.013555
0 0.435156 0.945700 0.009766 0.012512
0 0.186914 0.304980 0.007324 0.011730
0 0.699219 0.838305 0.008984 0.010948
0 0.239648 0.114954 0.008594 0.009384
0 0.524219 0.956127 0.006641 0.008341
0 0.752344 0.056043 0.009375 0.010948
0 0.250586 0.468679 0.007812 0.011469
0 0.058008 0.163699 0.008545 0.009645
0 0.817188 0.030237 0.007031 0.013685
0 0.964063 0.428537 0.010156 0.011469
0 0.803125 0.673564 0.010156 0.010948
0 0.946875 0.905036 0.011719 0.015119
0 0.868750 0.349294 0.008594 0.011730
0 0.692969 0.385787 0.006641 0.009905
0 0.884375 0.391001 0.011719 0.011991
0 0.925000 0.582330 0.007031 0.009384
0 0.517188 0.996831 0.008984 0.006337
0 0.187500 0.558870 0.012891 0.011991
0 0.003357 0.277871 0.006714 0.010427
0 0.779688 0.048745 0.007422 0.008081
0 0.668359 0.726740 0.010156 0.014076
0 0.544922 0.272918 0.010156 0.011469
0 0.706250 0.680862 0.008594 0.010948
0 0.442187 0.018768 0.007031 0.009775
0 0.775391 0.800769 0.010938 0.014076
0 0.571094 0.096316 0.007031 0.008602
0 0.518750 0.858116 0.010547 0.016161
0 0.907031 0.756977 0.007812 0.007820
0 0.794531 0.819537 0.008203 0.011991
0 0.762500 0.481713 0.009766 0.011991
0 0.078711 0.834135 0.010596 0.010948
0 0.433594 0.942572 0.010547 0.009384
0 0.386328 0.481713 0.008789 0.009905
0 0.726562 0.553657 0.008203 0.016161
0 0.081152 0.438963 0.008789 0.014076
0 0.867188 0.910249 0.010938 0.010427
0 0.481250 0.041837 0.008984 0.011209
0 0.698438 0.685033 0.011328 0.013555
0 0.186328 0.313843 0.009082 0.011209
0 0.732422 0.075072 0.009375 0.011991
0 0.162500 0.469201 0.007910 0.010948
0 0.644141 0.582852 0.009375 0.013033
0 0.645312 0.214268 0.008203 0.009645
0 0.968750 0.915463 0.007031 0.009384
0 0.987500 0.075333 0.007812 0.010427
0 0.865625 0.336000 0.010938 0.014076
0 0.082129 0.452518 0.009229 0.012512
0 0.027393 0.932145 0.009155 0.011469
0 0.573828 0.011730 0.010156 0.016292
0 0.153125 0.244506 0.010742 0.012251
0 0.374805 0.554700 0.008984 0.012512
0 0.092578 0.816409 0.006982 0.009905
0 0.184570 0.948828 0.006055 0.007299
0 0.612109 0.491618 0.010156 0.016683
0 0.674219 0.960297 0.008594 0.012512
0 0.250391 0.984279 0.009375 0.013555
0 0.882812 0.202799 0.008594 0.014337
0 0.026587 0.720484 0.007581 0.010427
0 0.233203 0.086020 0.009570 0.016422
0 0.603125 0.381617 0.011719 0.013033
0 0.923437 0.015640 0.010156 0.015510
0 0.814062 0.740294 0.008594 0.008863
0 0.642969 0.940487 0.006641 0.009384
0 0.239258 0.407683 0.010547 0.013555
0 0.550000 0.843519 0.008984 0.012512
0 0.494141 0.670957 0.011719 0.015640
0 0.045850 0.369105 0.009985 0.012773
0 0.160059 0.208794 0.008984 0.011469
0 0.043262 0.201756 0.007422 0.011730
0 0.626953 0.297160 0.008594 0.010427
0 0.627344 0.791907 0.011719 0.012512
0 0.614062 0.472329 0.008203 0.014597
0 0.045239 0.499959 0.011670 0.014597
0 0.871875 0.495267 0.008594 0.010948
0 0.889063 0.789300 0.009375 0.008341
0 0.834375 0.086020 0.010156 0.014597
0 0.363672 0.815367 0.009766 0.017204
0 0.693750 0.821101 0.008594 0.014597
0 0.077051 0.063472 0.010107 0.012512
0 0.518750 0.571904 0.010547 0.015640
0 0.102148 0.062039 0.009668 0.011730
0 0.089648 0.494225 0.010986 0.015119
0 0.038232 0.614132 0.008618 0.010948
0 0.050488 0.635506 0.008911 0.012512
0 0.910938 0.255454 0.008594 0.011209
0 0.057129 0.011209 0.009766 0.013685
0 0.336523 0.906079 0.010156 0.011991
0 0.856250 0.379531 0.008594 0.015119
0 0.887500 0.044053 0.008594 0.017334
0 0.087988 0.917548 0.003906 0.005213
0 0.111133 0.319578 0.011426 0.014858
0 0.570312 0.511429 0.011328 0.016683
0 0.825000 0.023981 0.008594 0.012773
0 0.564844 0.619345 0.011328 0.014597
0 0.950781 0.337303 0.009375 0.014597
0 0.910937 0.053567 0.011719 0.014337
0 0.508203 0.448347 0.008594 0.010948
0 0.566406 0.118864 0.009766 0.013815
0 0.575000 0.119386 0.009766 0.014076
0 0.005469 0.819537 0.008362 0.011991
0 0.577344 0.983236 0.010156 0.010427
0 0.859375 0.716834 0.010156 0.014597
0 0.192383 0.293511 0.008691 0.011730
0 0.581250 0.603705 0.008984 0.011991
0 0.572266 0.625601 0.010156 0.015640
0 0.900000 0.071423 0.008594 0.012121
0 0.838281 0.064645 0.009375 0.009384
0 0.581641 0.553657 0.010156 0.013033
0 0.401563 0.668872 0.009570 0.010427
0 0.660156 0.568254 0.005859 0.009905
0 0.738281 0.340431 0.009766 0.012251
0 0.679688 0.585980 0.007422 0.014597
0 0.771094 0.556264 0.011719 0.016683
0 0.771094 0.808068 0.010547 0.015119
0 0.043652 0.320360 0.009180 0.012512
0 0.400391 0.805983 0.011523 0.011991
0 0.789062 0.020332 0.008594 0.012642
0 0.591016 0.870628 0.010938 0.016161
0 0.046631 0.004790 0.009106 0.009580
0 0.756250 0.040143 0.009766 0.008732
0 0.891406 0.731953 0.010938 0.011469
0 0.510938 0.278914 0.010156 0.013294
0 0.707031 0.617781 0.009766 0.015640
0 0.307031 0.033887 0.009961 0.010557
0 0.202539 0.467637 0.009277 0.013555
0 0.263281 0.896695 0.011523 0.016683
0 0.655078 0.594842 0.010937 0.014597
0 0.609375 0.591193 0.012109 0.017204
0 0.611719 0.246070 0.007422 0.010687
0 0.196289 0.905036 0.010254 0.006256
0 0.528516 0.254932 0.009375 0.013555
0 0.629688 0.744986 0.009766 0.013555
0 0.903906 0.746029 0.009375 0.013555
0 0.931250 0.589629 0.009375 0.011469
0 0.209180 0.030759 0.008594 0.011078
0 0.810938 0.028152 0.008594 0.009775
0 0.638281 0.403513 0.008203 0.009905
0 0.772656 0.967596 0.011328 0.012512
0 0.892969 0.618824 0.010938 0.012512
0 0.075391 0.950913 0.010352 0.013555
0 0.523438 0.221046 0.009766 0.013294
0 0.530469 0.577117 0.008984 0.012512
0 0.199219 0.271876 0.008594 0.015119
0 0.736719 0.343559 0.009375 0.011209
0 0.435156 0.734038 0.008594 0.009905
0 0.013586 0.532803 0.011591 0.014076
0 0.792969 0.636028 0.009375 0.016683
0 0.539062 0.335218 0.010938 0.011209
0 0.744141 0.901908 0.010156 0.016683
0 0.893750 0.736645 0.011719 0.019811
0 0.750781 0.110523 0.008984 0.014076
0 0.732812 0.062039 0.009766 0.012773
0 0.850000 0.930060 0.009375 0.016683
0 0.178906 0.078982 0.009961 0.012903
0 0.439063 0.007396 0.012109 0.014793
0 0.742969 0.220524 0.008594 0.011991
0 0.127930 0.648540 0.009082 0.009905
0 0.382617 0.472850 0.009766 0.012512
0 0.192578 0.404555 0.007910 0.010948
0 0.827344 0.897737 0.010937 0.011991
0 0.489062 0.747072 0.008203 0.011469
0 0.225391 0.971767 0.007422 0.011469
0 0.598047 0.558349 0.012500 0.013555
0 0.691406 0.418631 0.008984 0.010427
0 0.550781 0.229908 0.008594 0.013033
0 0.655859 0.552093 0.007812 0.011469
0 0.063086 0.193936 0.009912 0.017204
0 0.458594 0.427494 0.010156 0.015119
0 0.706250 0.411854 0.009766 0.017725
0 0.163477 0.610482 0.008203 0.011469
0 0.854688 0.246070 0.011719 0.013294
0 0.304102 0.022939 0.010156 0.009514
0 0.089014 0.186116 0.012207 0.016422
0 0.667969 0.498395 0.010547 0.014076
0 0.577344 0.592236 0.011328 0.010948
0 0.386328 0.810675 0.012500 0.014597
0 0.896875 0.606833 0.010938 0.009905
0 0.839063 0.770532 0.010156 0.013555
0 0.082715 0.712142 0.008447 0.010427
0 0.246875 0.559913 0.010742 0.016161
0 0.800000 0.162917 0.013281 0.013033
0 0.058203 0.125642 0.011768 0.012251
0 0.764063 0.854988 0.012109 0.014076
0 0.904688 0.135026 0.010156 0.013033
0 0.878125 0.624558 0.010156 0.014597
0 0.652734 0.421238 0.010156 0.011469
0 0.609766 0.375882 0.010156 0.011469
0 0.048315 0.155358 0.008154 0.015901
0 0.159961 0.202799 0.009668 0.016943
0 0.703125 0.611004 0.010547 0.017204
0 0.006525 0.445219 0.009167 0.018247
0 0.015454 0.087845 0.008301 0.010296
0 0.627344 0.497353 0.008594 0.012512
0 0.698438 0.407683 0.006641 0.010948
0 0.192383 0.086150 0.011816 0.014858
0 0.434375 0.727782 0.010937 0.013033
0 0.019531 0.197064 0.010657 0.014076
0 0.095605 0.617260 0.011084 0.013033
0 0.054785 0.006256 0.008154 0.010948
0 0.170898 0.211401 0.009375 0.012512
0 0.568750 0.129030 0.009766 0.017204
0 0.586719 0.180382 0.011328 0.012512
0 0.675781 0.245027 0.008984 0.009645
0 0.921875 0.803897 0.010156 0.013033
0 0.713281 0.948828 0.011328 0.015640
0 0.144434 0.011600 0.007031 0.008602
0 0.207422 0.752806 0.008398 0.008863
0 0.967188 0.533846 0.010156 0.010948
0 0.708984 0.741337 0.010938 0.009905
0 0.493750 0.276046 0.009766 0.011991
0 0.732812 0.886268 0.009766 0.011991
0 0.322266 0.271876 0.009961 0.013555
0 0.059961 0.965511 0.008496 0.011469
0 0.739453 0.663137 0.010937 0.015119
0 0.040552 0.024503 0.010498 0.012903
0 0.158496 0.833092 0.012109 0.011469
0 0.037744 0.020723 0.009277 0.014076
0 0.775781 0.477542 0.007422 0.010948
0 0.440234 0.252847 0.010937 0.012773
0 0.611719 0.701194 0.010547 0.011469
0 0.619141 0.661052 0.010156 0.013033
0 0.770313 0.084456 0.008984 0.013555
0 0.586719 0.623516 0.007812 0.013555
0 0.721484 0.919633 0.007812 0.014597
0 0.115625 0.086541 0.011035 0.013685
0 0.960938 0.656881 0.008594 0.010948
0 0.407813 0.892524 0.008984 0.009905
0 0.178320 0.218439 0.009375 0.010166
0 0.932813 0.314886 0.010156 0.011730
0 0.618750 0.028152 0.008984 0.010557
0 0.244531 0.391001 0.011914 0.014076
0 0.981250 0.279956 0.007031 0.013294
0 0.526953 0.519770 0.009375 0.013555
0 0.383984 0.592236 0.008789 0.011991
0 0.482031 0.580245 0.009375 0.013555
0 0.013635 0.832571 0.008130 0.008341
0 0.012939 0.487969 0.011487 0.014597
0 0.835156 0.773139 0.009375 0.010427
0 0.846875 0.647497 0.008594 0.009384
0 0.521484 0.861244 0.009375 0.016161
0 0.174219 0.010427 0.012500 0.017334
0 0.355078 0.270051 0.009180 0.012251
0 0.845312 0.029716 0.009375 0.013424
0 0.343359 0.772617 0.008203 0.011991
0 0.076172 0.254150 0.012598 0.015119
0 0.850000 0.426451 0.008594 0.013555
0 0.049023 0.297160 0.008496 0.009123
0 0.037695 0.380574 0.010547 0.015119
0 0.005319 0.763754 0.010248 0.015640
0 0.778125 0.902951 0.010156 0.012512
0 0.593359 0.377446 0.008594 0.011991
0 0.637891 0.112348 0.008594 0.012512
0 0.459375 0.255975 0.011328 0.016943
0 0.132129 0.963426 0.007422 0.009384
0 0.623438 0.102703 0.008203 0.011078
0 0.132910 0.003910 0.007812 0.007820
0 0.721484 0.707972 0.007812 0.008863
0 0.826563 0.433229 0.009375 0.012512
0 0.071729 0.345123 0.006445 0.009905
0 0.771094 0.862287 0.010547 0.015119
0 0.951563 0.260406 0.007812 0.013033
0 0.692187 0.773660 0.010156 0.012512
0 0.063721 0.304459 0.007910 0.012773
0 0.518359 0.887311 0.008594 0.011991
0 0.396875 0.665222 0.014844 0.015119
0 0.875000 0.210098 0.009375 0.012251
0 0.716406 0.270051 0.009766 0.011730
0 0.909375 0.714228 0.011719 0.015640
0 0.194141 0.774703 0.007520 0.009384
0 0.845312 0.311236 0.010156 0.011991
0 0.772656 0.909207 0.009375 0.011469
0 0.950000 0.213226 0.013281 0.014597
0 0.951563 0.909207 0.014844 0.018768
0 0.043213 0.969682 0.011890 0.013555
0 0.740625 0.126684 0.012109 0.014076
0 0.535937 0.875841 0.008984 0.013033
0 0.865625 0.027891 0.008594 0.013294
0 0.638281 0.307066 0.009375 0.011991
0 0.466797 0.709536 0.010156 0.010427
0 0.519141 0.990535 0.009375 0.011469
0 0.962500 0.205927 0.007031 0.009645
0 0.995313 0.321142 0.008594 0.011209
0 0.375977 0.418110 0.010156 0.010948
0 0.782031 0.011730 0.008594 0.016943
0 0.580859 0.039230 0.007812 0.014076
0 0.751562 0.043531 0.008984 0.013424
0 0.448438 0.624037 0.007031 0.009384
0 0.108008 0.955084 0.009277 0.012512
0 0.684766 0.561998 0.007812 0.011991
0 0.816406 0.077288 0.007812 0.013033
0 0.566406 0.277350 0.009375 0.012512
0 0.236328 0.457731 0.010156 0.016161
0 0.954687 0.938401 0.009375 0.010427
0 0.297266 0.247894 0.010547 0.011991
0 0.604297 0.557306 0.005469 0.007299
0 0.509375 0.023981 0.010938 0.014337
0 0.385938 0.952999 0.009180 0.015640
0 0.945312 0.421238 0.009375 0.011991
0 0.143750 0.629772 0.012891 0.014076
0 0.832813 0.078982 0.010938 0.013815
0 0.703125 0.519249 0.007422 0.009905
0 0.866406 0.037015 0.009375 0.010296
0 0.192773 0.347209 0.010059 0.011209
0 0.215039 0.158486 0.011719 0.012773
0 0.033765 0.295596 0.011035 0.015119
0 0.403906 0.298724 0.011133 0.013294
0 0.789453 0.656881 0.008594 0.010948
0 0.245703 0.767404 0.009375 0.009384
0 0.323633 0.887311 0.010156 0.010948
0 0.048584 0.890439 0.007690 0.010948
0 0.589063 0.016161 0.010156 0.014206
0 0.454297 0.397257 0.008594 0.009905
0 0.882812 0.937359 0.010156 0.012512
0 0.932813 0.712142 0.010156 0.013033
0 0.027832 0.444177 0.007190 0.010948
0 0.502344 0.500481 0.009766 0.014597
0 0.864844 0.553657 0.010938 0.013033
0 0.058105 0.321142 0.009082 0.011730
0 0.689844 0.651668 0.013672 0.016161
0 0.309570 0.130855 0.010547 0.011209
0 0.592969 0.141542 0.005469 0.007299
0 0.869531 0.599013 0.009375 0.011469
0 0.191113 0.020462 0.011328 0.014858
0 0.669531 0.442091 0.010938 0.014076
0 0.417969 0.919633 0.011328 0.013555
0 0.910937 0.887311 0.011719 0.014076
0 0.170605 0.141282 0.008984 0.013815
0 0.652344 0.047832 0.008984 0.010427
0 0.315625 0.048223 0.011719 0.017725
0 0.162891 0.473893 0.009277 0.017725
0 0.588281 0.386309 0.009766 0.012512
0 0.692578 0.800769 0.011719 0.017204
0 0.726953 0.430622 0.010937 0.014076
0 0.849219 0.572425 0.007812 0.010948
0 0.094580 0.626644 0.009766 0.011991
0 0.600000 0.545837 0.009375 0.012512
0 0.430469 0.058259 0.010937 0.016161
0 0.155762 0.209576 0.009180 0.010687
0 0.960938 0.528633 0.010938 0.017204
0 0.713281 0.784087 0.003516 0.004692
0 0.310937 0.309151 0.017187 0.013815
0 0.675781 0.543230 0.008203 0.010948
0 0.566797 0.287255 0.010156 0.011730
0 0.560547 0.318535 0.009375 0.010687
0 0.245117 0.124599 0.007812 0.010948
0 0.225586 0.115736 0.011719 0.012251
0 0.196973 0.078982 0.012695 0.013555
0 0.631641 0.133201 0.009375 0.011469
0 0.438281 0.886268 0.010547 0.017725
0 0.354297 0.890960 0.007227 0.008341
0 0.028271 0.888353 0.011133 0.009905
0 0.227148 0.555742 0.010937 0.013033
0 0.661719 0.720484 0.008203 0.009384
0 0.085059 0.247634 0.012354 0.012773
0 0.825000 0.789300 0.007031 0.009905
0 0.898438 0.618302 0.009375 0.011991
0 0.726562 0.957170 0.007812 0.007299
0 0.657813 0.099314 0.008594 0.008732
0 0.653125 0.600577 0.010156 0.014076
0 0.960938 0.273179 0.007812 0.014858
0 0.159570 0.009645 0.009961 0.014337
0 0.854688 0.584937 0.007812 0.009905
0 0.241406 0.419674 0.010352 0.012512
0 0.660937 0.408726 0.009375 0.014597
0 0.685156 0.408726 0.009375 0.010948
0 0.780859 0.514036 0.009375 0.011991
0 0.524219 0.174647 0.008984 0.010166
0 0.501563 0.791385 0.010938 0.012512
0 0.267969 0.546358 0.008789 0.011991
0 0.054785 0.677734 0.009375 0.012512
0 0.168848 0.487447 0.008594 0.015640
0 0.325781 0.903993 0.009766 0.013033
0 0.648438 0.556785 0.009375 0.010427
0 0.385547 0.615174 0.009570 0.008863
0 0.904688 0.253890 0.010156 0.011730
0 0.291602 0.668872 0.010937 0.011469
0 0.240625 0.719441 0.011523 0.013033
0 0.759766 0.057086 0.010156 0.010818
0 0.521875 0.677734 0.010547 0.011991
0 0.073438 0.543752 0.006299 0.009384
0 0.623828 0.022939 0.007812 0.008993
0 0.731250 0.050309 0.010547 0.012512
0 0.421875 0.920676 0.008594 0.014597
0 0.051807 0.385787 0.011694 0.014597
0 0.441406 0.419153 0.006250 0.009384
0 0.663672 0.368062 0.010156 0.014858
0 0.914844 0.897737 0.010938 0.014076
0 0.667188 0.247112 0.009766 0.010687
0 0.537500 0.244245 0.007422 0.009384
0 0.792188 0.501523 0.009766 0.010948
0 0.589844 0.088105 0.008594 0.011600
0 0.807813 0.765319 0.008594 0.009905
0 0.399609 0.518727 0.010352 0.011469
0 0.451563 0.754370 0.011328 0.016683
0 0.563281 0.006093 0.010156 0.012186
0 0.687500 0.150666 0.004297 0.005735
0 0.496094 0.661052 0.014062 0.011469
0 0.135449 0.269530 0.010352 0.015379
0 0.619531 0.613089 0.009375 0.014597
0 0.630469 0.613610 0.008203 0.012512
0 0.784375 0.347469 0.009375 0.009384
0 0.042334 0.225738 0.010693 0.014597
0 0.936719 0.345123 0.010937 0.014337
0 0.413281 0.649582 0.012891 0.019289
0 0.707031 0.089930 0.008984 0.015770
0 0.055762 0.313061 0.007959 0.011469
0 0.739062 0.657924 0.011719 0.011991
0 0.661719 0.505694 0.010547 0.013033
0 0.468750 0.456689 0.008594 0.008863
0 0.238086 0.704322 0.007812 0.011469
0 0.130859 0.270051 0.012793 0.019289
0 0.887500 0.412375 0.008594 0.013555
0 0.348438 0.815367 0.007227 0.008341
0 0.177344 0.905036 0.010840 0.005213
0 0.987500 0.996049 0.010156 0.007901
0 0.653906 0.565126 0.009766 0.012512
0 0.589063 0.025545 0.010156 0.011339
0 0.271875 0.727782 0.009375 0.010948
0 0.644531 0.338346 0.008984 0.010948
0 0.045874 0.393086 0.010400 0.009905
0 0.676172 0.721526 0.010937 0.011991
0 0.137695 0.239553 0.008496 0.011991
0 0.170508 0.292729 0.011914 0.018768
0 0.635156 0.309151 0.011328 0.013555
0 0.624609 0.497353 0.010156 0.016683
0 0.551563 0.130594 0.009766 0.011991
0 0.169531 0.937359 0.007324 0.010427
0 0.898438 0.337564 0.007031 0.011469
0 0.675000 0.337303 0.008203 0.014858
0 0.653906 0.035972 0.007422 0.008472
0 0.616406 0.638634 0.010547 0.013555
0 0.790625 0.796077 0.010156 0.013555
0 0.789844 0.359199 0.011328 0.011730
0 0.724219 0.067773 0.010547 0.011991
0 0.982813 0.233818 0.008594 0.009905
0 0.517188 0.130334 0.005859 0.008341
0 0.904688 0.246070 0.009375 0.012512
0 0.583594 0.611004 0.010156 0.011991
0 0.482813 0.091494 0.008984 0.012382
0 0.760156 0.466594 0.008984 0.011469
0 0.434375 0.352943 0.009375 0.012773
0 0.213672 0.552614 0.008984 0.014076
0 0.480469 0.054088 0.009375 0.015119
0 0.622656 0.559913 0.009766 0.014076
0 0.233984 0.984279 0.010156 0.012512
0 0.748828 0.629772 0.007031 0.008341
0 0.684375 0.681905 0.009375 0.010427
0 0.351953 0.262231 0.008984 0.012773
0 0.817969 0.518206 0.009375 0.010948
0 0.557422 0.364934 0.008594 0.009645
0 0.110938 0.116518 0.012109 0.014076
0 0.311719 0.011730 0.008398 0.016683
0 0.460938 0.485883 0.009766 0.012512
0 0.460156 0.698588 0.008203 0.010948
0 0.182422 0.902951 0.011035 0.006256
0 0.532422 0.369105 0.010938 0.013815
0 0.871094 0.346687 0.009375 0.013555
0 0.726562 0.479627 0.008984 0.009905
0 0.095898 0.218439 0.010498 0.013815
0 0.293945 0.538538 0.007812 0.010427
0 0.120020 0.641241 0.008203 0.008863
0 0.915625 0.253368 0.011719 0.011730
0 0.086035 0.509865 0.013135 0.015119
0 0.139453 0.645412 0.008105 0.010948
0 0.456641 0.027891 0.007812 0.012642
0 0.791016 0.038709 0.012500 0.013815
0 0.575391 0.068555 0.010156 0.014337
0 0.575000 0.113651 0.009766 0.014337
0 0.667969 0.329744 0.008984 0.009384
0 0.802344 0.213747 0.008203 0.011469
0 0.300781 0.234079 0.010937 0.010166
0 0.460547 0.245027 0.008594 0.011991
0 0.223828 0.800769 0.008203 0.009905
0 0.472656 0.597449 0.006250 0.007820
0 0.556250 0.442613 0.008203 0.010427
0 0.511719 0.020202 0.009375 0.014597
0 0.856250 0.572425 0.010938 0.013033
0 0.756250 0.980108 0.009375 0.013555
0 0.960938 0.459817 0.007031 0.009905
0 0.649219 0.909207 0.012891 0.018247
0 0.761719 0.261188 0.006250 0.009123
0 0.583594 0.984279 0.009766 0.011469
0 0.232812 0.169434 0.010352 0.013294
0 0.845312 0.948828 0.008594 0.009384
0 0.585156 0.773660 0.007812 0.008863
0 0.161133 0.302895 0.011523 0.014337
0 0.522266 0.895131 0.007031 0.009384
0 0.638281 0.157964 0.011328 0.011991
0 0.378906 0.480149 0.010742 0.008341
0 0.151172 0.325834 0.010645 0.016943
0 0.803906 0.004953 0.004688 0.009905
0 0.753125 0.992620 0.011328 0.010427
0 0.244141 0.525505 0.006055 0.007820
0 0.087207 0.253108 0.012061 0.015640
0 0.276367 0.721526 0.009375 0.016683
0 0.868750 0.729868 0.011719 0.015119
0 0.867969 0.398299 0.007812 0.008863
0 0.637500 0.434271 0.012891 0.015640
0 0.388086 0.495789 0.008594 0.012512
0 0.837500 0.917548 0.003125 0.004171
0 0.407031 0.590150 0.008594 0.008863
0 0.537891 0.649582 0.011719 0.011991
0 0.484766 0.669393 0.010156 0.015119
0 0.694531 0.764276 0.009766 0.014076
0 0.008734 0.959255 0.013220 0.017725
0 0.212500 0.028673 0.009961 0.013033
0 0.977344 0.108438 0.010938 0.011991
0 0.968750 0.119386 0.009375 0.011469
0 0.310937 0.946743 0.011133 0.009384
0 0.857031 0.612046 0.007812 0.010948
0 0.119727 0.764797 0.007422 0.008341
0 0.398633 0.509865 0.011328 0.013033
0 0.846875 0.577638 0.009375 0.010948
0 0.704688 0.695460 0.007812 0.017204
0 0.613281 0.717877 0.003516 0.005213
0 0.956250 0.662094 0.010156 0.014076
0 0.751562 0.516642 0.010156 0.011469
0 0.922656 0.032583 0.010938 0.009905
0 0.721875 0.063733 0.010547 0.012512
0 0.720313 0.823187 0.008203 0.009384
0 0.600000 0.860201 0.010547 0.011991
0 0.384375 0.416025 0.016797 0.018247
0 0.673047 0.281520 0.006250 0.008081
0 0.483594 0.251804 0.011719 0.015901
0 0.557031 0.646454 0.007812 0.011991
0 0.234375 0.370147 0.010352 0.009645
0 0.017395 0.092537 0.008960 0.016292
0 0.817188 0.072596 0.009375 0.012512
0 0.560547 0.759063 0.010156 0.010948
0 0.995117 0.664180 0.009766 0.009905
0 0.964063 0.217918 0.008594 0.010166
0 0.993750 0.358157 0.007812 0.010166
0 0.624219 0.471286 0.008594 0.011469
0 0.015454 0.424366 0.011584 0.014076
0 0.800781 0.879491 0.009375 0.011469
0 0.771484 0.898780 0.009375 0.015119
0 0.745313 0.647497 0.008203 0.010948
0 0.818750 0.460338 0.010156 0.011469
0 0.657813 0.417067 0.010547 0.013033
0 0.917188 0.206970 0.008594 0.012773
0 0.954687 0.738209 0.009375 0.013555
0 0.046997 0.946743 0.008252 0.011469
0 0.927344 0.288298 0.012500 0.016422
0 0.209570 0.290904 0.010937 0.013294
0 0.535937 0.629250 0.008203 0.010427
0 0.613281 0.019029 0.008203 0.010818
0 0.592969 0.546358 0.008984 0.015640
0 0.720313 0.627686 0.009766 0.010948
0 0.516797 0.880012 0.010156 0.016161
0 0.720313 0.230430 0.008203 0.011209
0 0.700781 0.477542 0.012500 0.012512
0 0.242578 0.923804 0.008398 0.008341
0 0.054492 0.382659 0.011719 0.011469
0 0.085059 0.382659 0.010205 0.009905
0 0.925000 0.911292 0.010937 0.013555
0 0.489844 0.312800 0.010547 0.013815
0 0.740234 0.911292 0.014844 0.019811
0 0.599219 0.676692 0.010156 0.009905
0 0.701953 0.546358 0.007812 0.011991
0 0.721875 0.098532 0.007812 0.008472
0 0.588281 0.756977 0.008984 0.014076
0 0.562500 0.817452 0.004297 0.005735
0 0.896875 0.367541 0.010156 0.012251
0 0.956250 0.655838 0.010156 0.012512
0 0.678516 0.359199 0.010937 0.013555
0 0.896875 0.057347 0.013281 0.014337
0 0.094336 0.193415 0.009961 0.013555
0 0.554688 0.135808 0.010547 0.015640
0 0.682422 0.083804 0.008594 0.011209
0 0.865625 0.492661 0.011719 0.011469
0 0.058545 0.915463 0.012012 0.015640
0 0.934375 0.903993 0.011719 0.012512
0 0.673047 0.530718 0.009375 0.013555
0 0.746094 0.864372 0.009375 0.010948
0 0.046875 0.086411 0.013452 0.014858
0 0.359375 0.005148 0.008008 0.010296
0 0.760156 0.653753 0.016016 0.021375
0 0.733984 0.782001 0.011719 0.018247
0 0.634375 0.405077 0.010156 0.010427
0 0.361719 0.309151 0.007617 0.010687
0 0.560547 0.277350 0.010938 0.012251
0 0.289062 0.967596 0.012500 0.014597
0 0.082373 0.967596 0.009082 0.009384
0 0.446875 0.361024 0.009375 0.009905
0 0.523438 0.715792 0.012109 0.011469
0 0.892969 0.816409 0.014063 0.013555
0 0.786328 0.361024 0.010156 0.015119
0 0.008325 0.907121 0.011572 0.011469
0 0.170117 0.136329 0.008398 0.011469
0 0.904688 0.713185 0.011719 0.014076
0 0.925781 0.767404 0.007812 0.011991
0 0.500000 0.622994 0.008984 0.011469
0 0.083252 0.919633 0.011719 0.011469
0 0.844531 0.088757 0.014062 0.018507
0 0.771875 0.747593 0.009375 0.009905
0 0.971875 0.429579 0.010937 0.016683
0 0.851562 0.108698 0.010156 0.011991
0 0.062891 0.685033 0.003320 0.005213
0 0.595313 0.425409 0.004297 0.008341
0 0.410938 0.780437 0.005859 0.007299
0 0.941406 0.959255 0.007812 0.009384
0 0.842188 0.035581 0.010156 0.011209
0 0.698828 0.371190 0.009375 0.013033
0 0.554688 0.310715 0.008594 0.010948
0 0.254688 0.625601 0.008398 0.010948
0 0.682031 0.780959 0.010156 0.015119
0 0.825000 0.285691 0.010156 0.013033
0 0.042041 0.888353 0.013794 0.014076
0 0.650000 0.423845 0.008203 0.013555
0 0.728516 0.230430 0.008594 0.008081
0 0.049854 0.118082 0.008521 0.010427
0 0.273828 0.955084 0.008594 0.015640
0 0.918750 0.495267 0.010156 0.014597
0 0.191797 0.325052 0.005566 0.008341
0 0.470313 0.777830 0.008984 0.009905
0 0.712500 0.546358 0.008984 0.014597
0 0.360547 0.271876 0.007227 0.013033
0 0.017432 0.801812 0.006689 0.009384
0 0.719922 0.892524 0.009375 0.015640
0 0.226953 0.512993 0.011133 0.014597
0 0.985937 0.267444 0.008594 0.010948
0 0.086230 0.324270 0.008447 0.011469
0 0.245898 0.954041 0.007812 0.008341
0 0.041870 0.938401 0.009668 0.014597
0 0.002322 0.139196 0.004645 0.008341
0 0.742188 0.240856 0.013672 0.014337
0 0.461328 0.068425 0.012500 0.014858
0 0.925000 0.176732 0.011719 0.012512
0 0.744922 0.907121 0.004687 0.007299
0 0.368359 0.582330 0.008398 0.011469
0 0.138086 0.003682 0.010059 0.007364
0 0.809375 0.900865 0.011719 0.013555
0 0.106055 0.357635 0.007324 0.009645
0 0.657031 0.578160 0.009766 0.011469
0 0.310547 0.005995 0.009961 0.011991
0 0.429688 0.359199 0.012109 0.013294
0 0.360156 0.278914 0.008203 0.013294
0 0.904688 0.841433 0.007031 0.008341
0 0.126074 0.106873 0.011133 0.016683
0 0.524219 0.260146 0.009766 0.016422
0 0.437891 0.260928 0.012500 0.015119
0 0.152539 0.466073 0.009277 0.008863
0 0.467578 0.292729 0.005469 0.007299
0 0.953125 0.148580 0.009375 0.010166
0 0.215234 0.293772 0.018555 0.017204
0 0.520313 0.721526 0.009766 0.013033
0 0.392188 0.504651 0.010938 0.013033
0 0.807031 0.160571 0.012500 0.013033
0 0.257812 0.893567 0.011133 0.016683
0 0.206641 0.845604 0.011523 0.013033
0 0.557813 0.285170 0.009375 0.013033
0 0.213281 0.907121 0.009570 0.018247
0 0.740234 0.869585 0.011719 0.016161
0 0.597266 0.845083 0.009375 0.010427
0 0.587891 0.650625 0.003906 0.004692
0 0.721484 0.927975 0.011719 0.016683
0 0.003687 0.363891 0.007373 0.009645
0 0.782031 0.026588 0.010547 0.013424
0 0.752344 0.817452 0.011328 0.015119
0 0.201562 0.450433 0.009082 0.011469
0 0.735938 0.582330 0.008984 0.012512
0 0.727344 0.560956 0.009766 0.013033
0 0.217187 0.237207 0.007227 0.011469
0 0.784375 0.023981 0.010156 0.010948
0 0.183398 0.523419 0.009473 0.010427
0 0.913281 0.111044 0.007812 0.010166
0 0.438281 0.359981 0.010547 0.011469
0 0.846875 0.327919 0.009375 0.012512
0 0.741797 0.793471 0.006250 0.007820
0 0.591406 0.663137 0.014453 0.019289
0 0.664062 0.509343 0.009375 0.011469
0 0.046338 0.715270 0.011743 0.014597
0 0.703906 0.809632 0.008594 0.011469
0 0.066113 0.202278 0.010693 0.012251
0 0.416016 0.061648 0.007812 0.014337
0 0.417969 0.538538 0.008594 0.014597
0 0.551562 0.704322 0.008984 0.013555
0 0.296680 0.235122 0.011719 0.011209
0 0.978125 0.192894 0.009375 0.012773
0 0.562500 0.917548 0.004297 0.004171
0 0.329297 0.365195 0.010937 0.010948
0 0.923437 0.608918 0.008594 0.010427
0 0.053076 0.260146 0.010645 0.017465
0 0.547266 0.021766 0.010156 0.012251
0 0.109375 0.223131 0.012207 0.012512
0 0.544531 0.145974 0.009766 0.014076
0 0.345703 0.281520 0.009570 0.013555
0 0.322266 0.266141 0.010742 0.012512
0 0.194531 0.350858 0.010742 0.012773
0 0.154492 0.834135 0.012305 0.011991
0 0.003117 0.455646 0.006233 0.006777
0 0.574219 0.396214 0.011719 0.011991
0 0.691406 0.347469 0.008203 0.012512
0 0.588281 0.815367 0.008203 0.009905
0 0.489062 0.761148 0.007422 0.010948
0 0.173047 0.161092 0.005762 0.007559
0 0.804688 0.180382 0.008594 0.011730
0 0.302344 0.880533 0.008008 0.008341
0 0.810938 0.283606 0.009375 0.012251
0 0.441797 0.477542 0.010937 0.018247
0 0.787500 0.829964 0.008203 0.009905
0 0.767578 0.951956 0.007812 0.012512
0 0.655469 0.412375 0.010938 0.016683
0 0.751563 0.777831 0.011719 0.013033
0 0.868750 0.555742 0.008594 0.011991
0 0.535937 0.842476 0.008984 0.016161