0 0.689844 0.910249 0.007422 0.012512
0 0.664844 0.908164 0.008984 0.014597
0 0.694531 0.911292 0.007422 0.011469
0 0.683203 0.909207 0.009375 0.012512
0 0.321094 0.677734 0.006836 0.009905
0 0.106836 0.027370 0.010254 0.018768
0 0.757031 0.587022 0.006641 0.007820
0 0.721094 0.575553 0.010156 0.015119
0 0.676562 0.911292 0.008203 0.012512
0 0.113477 0.577638 0.008203 0.016161
0 0.563281 0.426451 0.008594 0.019289
0 0.435938 0.527590 0.006250 0.009905
0 0.313281 0.677734 0.009961 0.016161
0 0.744141 0.547401 0.007031 0.008863
0 0.674219 0.914420 0.007031 0.010427
0 0.655469 0.905036 0.008594 0.015119
0 0.226562 0.171519 0.006641 0.007038
0 0.407422 0.648018 0.007031 0.009384
0 0.760938 0.607876 0.005859 0.009905
0 0.244531 0.293772 0.009375 0.018768
0 0.537891 0.050569 0.003125 0.004431
0 0.363867 0.587022 0.008203 0.017204
0 0.789844 0.573468 0.009375 0.007820
0 0.700781 0.911292 0.007031 0.015640
0 0.807813 0.626644 0.008594 0.013033
0 0.414453 0.518206 0.009375 0.015640
0 0.689844 0.462945 0.005859 0.007299
0 0.937500 0.266662 0.008594 0.016161
0 0.550781 0.090712 0.008984 0.013946
0 0.897656 0.601620 0.007812 0.009384
0 0.320898 0.528633 0.009766 0.016683
0 0.898438 0.679298 0.013281 0.017725
0 0.432031 0.151969 0.007031 0.010427
0 0.323828 0.797641 0.005469 0.007820
0 0.207813 0.419153 0.008789 0.016161
0 0.451172 0.332090 0.010156 0.015901
0 0.231250 0.287255 0.006836 0.016683
0 0.468750 0.348251 0.009766 0.015901
0 0.645312 0.961340 0.008984 0.013555
0 0.664062 0.544273 0.008984 0.013033
0 0.358008 0.524983 0.009766 0.016683
0 0.183594 0.959255 0.009863 0.015640
0 0.366406 0.603705 0.008789 0.013033
0 0.758594 0.121992 0.008984 0.007820
0 0.809375 0.730910 0.009375 0.009384
0 0.582031 0.299246 0.009375 0.015379
0 0.512109 0.674606 0.010937 0.015119
0 0.395898 0.347209 0.008984 0.012251
0 0.319922 0.813281 0.006836 0.007820
0 0.708594 0.133462 0.010547 0.011730
0 0.695703 0.578681 0.009375 0.007820
0 0.718359 0.469201 0.007031 0.012512
0 0.859375 0.308630 0.010156 0.015379
0 0.233984 0.759584 0.009180 0.010427
0 0.717969 0.135026 0.007422 0.010687
0 0.725781 0.517685 0.010156 0.013555
0 0.758594 0.573468 0.008203 0.011991
0 0.374023 0.154315 0.006641 0.012251
0 0.689063 0.545837 0.009766 0.015640
0 0.635156 0.185074 0.010547 0.011469
0 0.093848 0.023721 0.012158 0.013424
0 0.828906 0.538017 0.006250 0.011469
0 0.832813 0.880012 0.009375 0.014076
0 0.331836 0.028673 0.009766 0.016552
0 0.131250 0.553657 0.007520 0.014076
0 0.428906 0.529676 0.007031 0.008863
0 0.809375 0.533325 0.010156 0.015640
0 0.677344 0.698588 0.008984 0.007820
0 0.363281 0.169955 0.007227 0.010166
0 0.186621 0.193154 0.009375 0.013555
0 0.510156 0.576596 0.009766 0.016683
0 0.390234 0.895652 0.009766 0.014076
0 0.435938 0.060605 0.010547 0.010948
0 0.644922 0.911292 0.006250 0.015640
0 0.206250 0.702758 0.012109 0.016683
0 0.742969 0.491097 0.008203 0.016683
0 0.182031 0.256757 0.007129 0.008863
0 0.557813 0.077418 0.012109 0.012251
0 0.283594 0.661052 0.010156 0.010948
0 0.183398 0.448869 0.011035 0.010427
0 0.648438 0.923804 0.006641 0.010427
0 0.365234 0.143367 0.009570 0.014337
0 0.645312 0.187420 0.006641 0.009384
0 0.959375 0.957170 0.011719 0.013555
0 0.480469 0.702758 0.010938 0.016161
0 0.816406 0.637070 0.009375 0.008863
0 0.119531 0.650104 0.009863 0.012512
0 0.574219 0.296378 0.009766 0.015119
0 0.709375 0.466594 0.010547 0.012512
0 0.530469 0.295336 0.009766 0.015640
0 0.559375 0.421238 0.008594 0.016683
0 0.147461 0.846647 0.008887 0.011469
0 0.482031 0.602141 0.008594 0.011469
0 0.131836 0.536974 0.007715 0.015119
0 0.764063 0.694938 0.009766 0.018768
0 0.766406 0.752806 0.005469 0.008341
0 0.818750 0.536974 0.007812 0.015119
0 0.310938 0.486926 0.008789 0.016683
0 0.935156 0.414461 0.007812 0.009384
0 0.335742 0.909207 0.008594 0.013555
0 0.483594 0.642805 0.010938 0.014597
0 0.886719 0.799727 0.009375 0.015640
0 0.239063 0.723612 0.010547 0.011469
0 0.781250 0.193936 0.008984 0.014337
0 0.959375 0.793992 0.010938 0.017725
0 0.152148 0.008081 0.010645 0.016161
0 0.762500 0.819537 0.012891 0.016161
0 0.126172 0.612046 0.010059 0.016683
0 0.537109 0.320881 0.008594 0.016683
0 0.201172 0.319057 0.008691 0.014076
0 0.110156 0.619345 0.010840 0.011991
0 0.198340 0.941530 0.010352 0.014597
0 0.645312 0.936316 0.007422 0.006256
0 0.544531 0.858116 0.007422 0.008863
0 0.625781 0.606833 0.009766 0.016161
0 0.764844 0.150666 0.010547 0.015379
0 0.163867 0.992400 0.011035 0.015200
0 0.845312 0.677734 0.008594 0.017204
0 0.340625 0.189244 0.010352 0.009905
0 0.967969 0.811717 0.012500 0.015640
0 0.578906 0.327398 0.009375 0.013294
0 0.341992 0.209055 0.007812 0.011730
0 0.713672 0.691810 0.010937 0.014597
0 0.733594 0.578681 0.006641 0.008341
0 0.502344 0.023069 0.007812 0.008081
0 0.199414 0.191330 0.011230 0.013294
0 0.833594 0.354507 0.010938 0.010166
0 0.725781 0.596406 0.008203 0.013033
0 0.140234 0.533846 0.010547 0.011991
0 0.195410 0.613089 0.008594 0.011469
0 0.357031 0.245548 0.007812 0.010687
0 0.521875 0.671478 0.009766 0.014076
0 0.383203 0.761148 0.010352 0.016161
0 0.533203 0.792428 0.010156 0.016161
0 0.826563 0.551572 0.008594 0.010948
0 0.714844 0.396214 0.009766 0.013033
0 0.771875 0.175168 0.010156 0.011209
0 0.664062 0.276307 0.012109 0.013815
0 0.646094 0.930060 0.005859 0.013555
0 0.258594 0.283606 0.010742 0.014597
0 0.349609 0.162656 0.007617 0.013294
0 0.207813 0.412897 0.008789 0.015640
0 0.921094 0.967596 0.009375 0.011469
0 0.357227 0.792428 0.011328 0.013555
0 0.845312 0.361024 0.010156 0.013033
0 0.728906 0.589629 0.008984 0.010427
0 0.210938 0.315407 0.006445 0.008863
0 0.744531 0.814324 0.007031 0.007820
0 0.825781 0.608918 0.010938 0.013555
0 0.245703 0.713185 0.010742 0.014076
0 0.674219 0.629250 0.005469 0.008341
0 0.373828 0.145713 0.006836 0.011469
0 0.636719 0.173344 0.010938 0.011469
0 0.937500 0.685033 0.010938 0.015640
0 0.805469 0.564084 0.006250 0.007820
0 0.129102 0.651668 0.008398 0.009384
0 0.678125 0.069077 0.009766 0.016813
0 0.212891 0.745508 0.011328 0.016161
0 0.835938 0.413418 0.007812 0.008341
0 0.958594 0.944657 0.010938 0.012512
0 0.548047 0.315146 0.008594 0.013033
0 0.323438 0.032062 0.006641 0.008341
0 0.106445 0.632378 0.008301 0.011469
0 0.118945 0.531761 0.008691 0.013033
0 0.377539 0.476499 0.010938 0.013033
0 0.701563 0.547401 0.011328 0.010427
0 0.510156 0.694417 0.010937 0.011469
0 0.310937 0.630293 0.009180 0.011469
0 0.650781 0.156922 0.011328 0.013294
0 0.228125 0.743423 0.006836 0.009905
0 0.108594 0.604748 0.009766 0.012512
0 0.222656 0.547401 0.006055 0.007299
0 0.703125 0.763233 0.005078 0.006777
0 0.474609 0.615696 0.011719 0.014597
0 0.564063 0.950913 0.009766 0.013555
0 0.823438 0.078852 0.005469 0.008341
0 0.966406 0.036233 0.010938 0.015770
0 0.322266 0.617781 0.010352 0.010427
0 0.014331 0.318535 0.009460 0.016161
0 0.933594 0.970724 0.010938 0.012512
0 0.875000 0.166306 0.011719 0.014337
0 0.468359 0.874799 0.010938 0.013033
0 0.015308 0.930060 0.008691 0.009384
0 0.177832 0.588586 0.006055 0.006256
0 0.967969 0.061126 0.006250 0.009384
0 0.582812 0.630814 0.006250 0.006777
0 0.548828 0.715270 0.009375 0.014597
0 0.726562 0.378489 0.010156 0.011991
0 0.863281 0.669393 0.012500 0.016161
0 0.312891 0.505694 0.010742 0.011991
0 0.246484 0.534889 0.011133 0.013033
0 0.681641 0.730910 0.011719 0.012512
0 0.337109 0.550529 0.003516 0.004171
0 0.632422 0.335479 0.007031 0.009384
0 0.222461 0.440527 0.010938 0.013555
0 0.367969 0.596406 0.007617 0.013555
0 0.659375 0.277089 0.011328 0.013555
0 0.104590 0.680341 0.006250 0.008341
0 0.736719 0.474414 0.006250 0.008341
0 0.276758 0.661052 0.009375 0.011469
0 0.203906 0.622473 0.006055 0.006777
0 0.806250 0.712664 0.010938 0.014597
0 0.253516 0.673564 0.006445 0.007820
0 0.960938 0.973852 0.011719 0.015640
0 0.238477 0.206970 0.009375 0.016161
0 0.113477 0.907121 0.012402 0.013555
0 0.700000 0.778873 0.012500 0.016161
0 0.244531 0.173083 0.007031 0.008602
0 0.839063 0.133462 0.011719 0.013294
0 0.846875 0.120689 0.010156 0.016683
0 0.177539 0.019029 0.010059 0.016552
0 0.562500 0.315407 0.007812 0.010687
0 0.722266 0.385266 0.006250 0.010427
0 0.747656 0.147016 0.005859 0.006777
0 0.314063 0.660530 0.009766 0.009384
0 0.538281 0.298985 0.007031 0.008341
0 0.119727 0.424366 0.009766 0.017725
0 0.502734 0.805983 0.009375 0.010427
0 0.042480 0.203320 0.006665 0.009645
0 0.320117 0.769489 0.012500 0.014076
0 0.165039 0.470243 0.010254 0.011469
0 0.130078 0.544273 0.010059 0.013555
0 0.261523 0.687118 0.010156 0.011469
0 0.266406 0.686597 0.008398 0.011469
0 0.428906 0.614132 0.010938 0.011469
0 0.878125 0.911292 0.010156 0.013555
0 0.695312 0.571382 0.008984 0.013033
0 0.832031 0.548443 0.009375 0.011991
0 0.438672 0.470765 0.011719 0.014597
0 0.140430 0.856031 0.008789 0.011469
0 0.664844 0.653232 0.009766 0.017725
0 0.433594 0.616217 0.011719 0.013033
0 0.825000 0.303938 0.012500 0.013294
0 0.309961 0.005637 0.008203 0.011274
0 0.487500 0.788257 0.010156 0.010427
0 0.820312 0.519249 0.012500 0.014076
0 0.951563 0.067513 0.010156 0.014337
0 0.433203 0.543230 0.008594 0.009905
0 0.797656 0.644369 0.010938 0.016161
0 0.201172 0.246070 0.011523 0.015640
0 0.800781 0.950913 0.012891 0.013555
0 0.287695 0.211140 0.006641 0.010166
0 0.639844 0.336000 0.005469 0.008863
0 0.968750 0.129291 0.008594 0.012773
0 0.540234 0.092797 0.010938 0.011339
0 0.671484 0.567733 0.010938 0.014597
0 0.657813 0.845083 0.011328 0.015640
0 0.629297 0.144931 0.009375 0.015901
0 0.036157 0.182467 0.011621 0.014337
0 0.287109 0.860201 0.012695 0.016161
0 0.552344 0.420195 0.011328 0.016161
0 0.019983 0.343038 0.010425 0.011469
0 0.624219 0.629772 0.011719 0.014076
0 0.151367 0.323227 0.007812 0.008863
0 0.110156 0.551572 0.009277 0.010948
0 0.426562 0.177775 0.011328 0.014858
0 0.656250 0.910249 0.011719 0.019289
0 0.273633 0.472329 0.007422 0.009384
0 0.112305 0.547401 0.010156 0.013033
0 0.129004 0.639156 0.007812 0.008863
0 0.045947 0.468158 0.010742 0.013033
0 0.496875 0.493182 0.010547 0.013033
0 0.348047 0.178296 0.010352 0.012773
0 0.206836 0.076636 0.011719 0.012903
0 0.205859 0.440527 0.010742 0.013555
0 0.443359 0.154836 0.011719 0.012251
0 0.511328 0.502566 0.007031 0.010948
0 0.053857 0.842997 0.011743 0.010427
0 0.207422 0.963426 0.011914 0.013555
0 0.720313 0.436878 0.010938 0.015640
0 0.482812 0.889396 0.011719 0.010427
0 0.810938 0.601620 0.007812 0.010948
0 0.568359 0.477542 0.007812 0.018247
0 0.260938 0.674606 0.009961 0.013033
0 0.114258 0.623516 0.007227 0.010427
0 0.789844 0.653753 0.012109 0.017204
0 0.735938 0.382659 0.008594 0.010948
0 0.932031 0.961340 0.012500 0.011469
0 0.757031 0.517685 0.008984 0.011469
0 0.710156 0.117040 0.010547 0.014597
0 0.825000 0.374839 0.007031 0.009384
0 0.014185 0.804940 0.009521 0.013033
0 0.171484 0.736645 0.008203 0.010427
0 0.332031 0.628208 0.007617 0.010427
0 0.933594 0.225738 0.010938 0.016422
0 0.660938 0.378489 0.005859 0.007820
0 0.513281 0.050048 0.005078 0.005344
0 0.741406 0.572946 0.008203 0.007299
0 0.054883 0.195240 0.005420 0.007299
0 0.790234 0.910249 0.012500 0.012512
0 0.147070 0.780437 0.010547 0.012512
0 0.233594 0.152230 0.010547 0.018507
0 0.272656 0.263795 0.010547 0.012251
0 0.870313 0.136850 0.010156 0.013033
0 0.218750 0.531761 0.011719 0.014076
0 0.512500 0.269790 0.011719 0.013555
0 0.277344 0.650625 0.011719 0.013033
0 0.744922 0.521334 0.007031 0.006777
0 0.326172 0.780437 0.010742 0.010427
0 0.446484 0.742380 0.010938 0.014076
0 0.327734 0.628729 0.008984 0.010427
0 0.007159 0.900865 0.010437 0.013555
0 0.512109 0.794513 0.010156 0.012512
0 0.430078 0.946743 0.006250 0.009384
0 0.220703 0.671478 0.011133 0.012512
0 0.120801 0.438963 0.010156 0.011991
0 0.060547 0.853945 0.007861 0.010427
0 0.696094 0.640198 0.007812 0.007820
0 0.768750 0.375882 0.008984 0.014597
0 0.116113 0.559913 0.009766 0.011991
0 0.775781 0.780959 0.010547 0.010948
0 0.762891 0.837263 0.007031 0.009905
0 0.930469 0.957170 0.010938 0.011469
0 0.551953 0.147798 0.009375 0.010948
0 0.785547 0.603705 0.010156 0.011991
0 0.011182 0.185595 0.005951 0.008602
0 0.289258 0.915463 0.007422 0.008341
0 0.145898 0.041967 0.012402 0.012903
0 0.597656 0.564605 0.010547 0.014597
0 0.351953 0.215832 0.010352 0.011730
0 0.551562 0.836220 0.011328 0.018247
0 0.558203 0.147538 0.010938 0.009645
0 0.925000 0.278914 0.010937 0.014076
0 0.025244 0.812239 0.007764 0.012512
0 0.490625 0.349294 0.007812 0.008081
0 0.626172 0.686076 0.009375 0.014076
0 0.432031 0.627165 0.007812 0.009384
0 0.843750 0.568254 0.010156 0.014076
0 0.890625 0.564084 0.010938 0.011991
0 0.724219 0.435314 0.011719 0.015640
0 0.975000 0.118864 0.008594 0.012773
0 0.676953 0.107395 0.011719 0.013815
0 0.751562 0.359460 0.008203 0.009905
0 0.570703 0.318014 0.010156 0.011209
0 0.543750 0.806504 0.007422 0.011469
0 0.758594 0.370147 0.008984 0.008863
0 0.289844 0.564605 0.011133 0.016683
0 0.939063 0.718398 0.011719 0.016683
0 0.553125 0.593800 0.010156 0.011469
0 0.305469 0.654796 0.008008 0.014076
0 0.803125 0.612046 0.011719 0.015119
0 0.773438 0.185074 0.008594 0.008602
0 0.751562 0.632900 0.011328 0.017204
0 0.920313 0.948828 0.007031 0.009384
0 0.550781 0.128509 0.012500 0.014597
0 0.771094 0.539060 0.010547 0.010948
0 0.519141 0.530718 0.007031 0.009905
0 0.235547 0.431665 0.005859 0.007820
0 0.843750 0.308630 0.011719 0.012251
0 0.547656 0.444177 0.010937 0.014076
0 0.753125 0.379531 0.006641 0.008863
0 0.907812 0.024503 0.009375 0.016943
0 0.970312 0.047050 0.012500 0.013294
0 0.664062 0.206448 0.010547 0.013815
0 0.694531 0.452518 0.007031 0.008863
0 0.537500 0.048745 0.007031 0.009514
0 0.558594 0.593800 0.010156 0.011469
0 0.775000 0.173604 0.010547 0.010166
0 0.519141 0.838305 0.011719 0.014076
0 0.904688 0.279435 0.005469 0.007559
0 0.032813 0.213486 0.009570 0.009384
0 0.623438 0.077418 0.006641 0.012121
0 0.492188 0.888875 0.005469 0.010427
0 0.511719 0.315928 0.005859 0.008602
0 0.696094 0.184031 0.010547 0.011991
0 0.564453 0.089800 0.011719 0.013815
0 0.726562 0.557306 0.008203 0.008341
0 0.763672 0.361545 0.009375 0.010948
0 0.532422 0.671478 0.012500 0.016161
0 0.374219 0.748636 0.009961 0.015119
0 0.542188 0.039621 0.005078 0.007950
0 0.501563 0.940487 0.010938 0.010427
0 0.556250 0.372233 0.008594 0.010948
0 0.653125 0.061778 0.009766 0.012382
0 0.629687 0.362067 0.010156 0.015119
0 0.515234 0.052133 0.010938 0.011860
0 0.775391 0.803897 0.009375 0.019289
0 0.514062 0.920676 0.011719 0.014597
0 0.614844 0.912335 0.010938 0.016683
0 0.340820 0.729346 0.010547 0.012512
0 0.229688 0.056304 0.006445 0.007429
0 0.370313 0.628729 0.006445 0.007299
0 0.360352 0.252847 0.008594 0.009645
0 0.344141 0.188202 0.011523 0.011991
0 0.983594 0.116779 0.010937 0.011991
0 0.316797 0.762190 0.011719 0.011991
0 0.458203 0.097750 0.012500 0.014076
0 0.141016 0.548443 0.009277 0.011991
0 0.473828 0.179860 0.011719 0.015901
0 0.747656 0.702758 0.005859 0.007299
0 0.076074 0.521334 0.007178 0.007820
0 0.234375 0.395171 0.010742 0.017204
0 0.371875 0.267444 0.010937 0.010687
0 0.340625 0.038448 0.011328 0.016422
0 0.796875 0.875841 0.012109 0.014076
0 0.315625 0.775745 0.011719 0.013033
0 0.944531 0.429579 0.012500 0.015119
0 0.449219 0.865415 0.006641 0.008341
0 0.176758 0.737166 0.011426 0.010948
0 0.434375 0.049266 0.010547 0.011078
0 0.728516 0.395693 0.008594 0.010427
0 0.344531 0.029716 0.011914 0.013815
0 0.546094 0.404555 0.010938 0.013033
0 0.792578 0.921719 0.011719 0.013555
0 0.244141 0.722048 0.013281 0.013555
0 0.662891 0.774703 0.007031 0.009384
0 0.139844 0.553657 0.010645 0.013555
0 0.405469 0.343820 0.007422 0.016161
0 0.701172 0.184292 0.011719 0.011469
0 0.578906 0.314886 0.010937 0.011730
0 0.793359 0.313322 0.006250 0.008863
0 0.806250 0.118864 0.010156 0.011730
0 0.121484 0.553657 0.009277 0.011469
0 0.190430 0.308369 0.009277 0.014076
0 0.069141 0.017725 0.011084 0.013555
0 0.506641 0.815367 0.007031 0.008863
0 0.859375 0.832049 0.009375 0.009905
0 0.803906 0.627686 0.009375 0.013033
0 0.020459 0.409769 0.007605 0.008863
0 0.014941 0.260667 0.011737 0.014858
0 0.521094 0.700673 0.011328 0.009905
0 0.536719 0.670436 0.010156 0.018247
0 0.968750 0.780437 0.008594 0.011469
0 0.486719 0.613089 0.008203 0.014076
0 0.685156 0.253890 0.005859 0.007038
0 0.129883 0.648018 0.008301 0.012512
0 0.310547 0.606312 0.009961 0.012512
0 0.633594 0.769489 0.011719 0.011991
0 0.117969 0.626644 0.008301 0.009905
0 0.539844 0.715270 0.010937 0.013555
0 0.779688 0.176211 0.009766 0.011469
0 0.741406 0.561998 0.008984 0.013033
0 0.207031 0.303416 0.008203 0.013815
0 0.927344 0.182467 0.012500 0.012251
0 0.158984 0.705886 0.009961 0.010948
0 0.108691 0.503609 0.011523 0.013555
0 0.204102 0.608918 0.008594 0.011991
0 0.483594 0.793992 0.010156 0.012512
0 0.657813 0.199410 0.008203 0.008863
0 0.345313 0.173865 0.011523 0.014076
0 0.817188 0.632900 0.009375 0.009905
0 0.470703 0.257018 0.012500 0.013033
0 0.047461 0.509865 0.009961 0.013033
0 0.398242 0.914420 0.005078 0.006256
0 0.046631 0.151969 0.010864 0.014076
0 0.249805 0.715270 0.009375 0.011991
0 0.159863 0.470243 0.009375 0.011991
0 0.343359 0.913377 0.008398 0.014597
0 0.144531 0.365977 0.009180 0.015379
0 0.713281 0.452518 0.010547 0.009905
0 0.159375 0.970724 0.010938 0.014597
0 0.877344 0.344602 0.010938 0.016943
0 0.971094 0.106873 0.009375 0.009645
0 0.222070 0.459295 0.010937 0.014597
0 0.899219 0.618302 0.006250 0.009384
0 0.061328 0.629772 0.011377 0.015640
0 0.795313 0.121992 0.010547 0.011469
0 0.603125 0.926932 0.010547 0.016683
0 0.321094 0.588065 0.009375 0.010948
0 0.392383 0.809632 0.011328 0.015640
0 0.755078 0.637070 0.010937 0.015119
0 0.283008 0.651146 0.011719 0.012512
0 0.034009 0.620388 0.011084 0.013033
0 0.371680 0.570340 0.009375 0.011469
0 0.789844 0.748636 0.007422 0.007820
0 0.385156 0.278914 0.007422 0.008081
0 0.200195 0.312018 0.008691 0.015119
0 0.158203 0.730910 0.012402 0.012512
0 0.981250 0.231994 0.007031 0.009905
0 0.782031 0.181424 0.008203 0.009645
0 0.099023 0.435835 0.010937 0.012512
0 0.756641 0.352161 0.010156 0.010427
0 0.196484 0.498395 0.007422 0.007299
0 0.718750 0.410290 0.007812 0.015640
0 0.493750 0.184813 0.010156 0.011991
0 0.464453 0.872713 0.010938 0.015119
0 0.198047 0.294554 0.010547 0.010687
0 0.102637 0.005604 0.010693 0.010948
0 0.077783 0.184292 0.010645 0.011991
0 0.447656 0.508301 0.010156 0.013555
0 0.315430 0.901908 0.008203 0.008341
0 0.674609 0.907121 0.010156 0.015640
0 0.017627 0.338867 0.009534 0.011469
0 0.560938 0.730910 0.005469 0.007299
0 0.498438 0.795556 0.009375 0.010427
0 0.889063 0.679298 0.012500 0.017725
0 0.361328 0.593278 0.010742 0.011469
0 0.657031 0.062560 0.011719 0.013815
0 0.122070 0.619345 0.015234 0.017204
0 0.120898 0.581809 0.007129 0.009384
0 0.992969 0.992139 0.009375 0.015721
0 0.907031 0.962383 0.010938 0.014597
0 0.964844 0.511429 0.009375 0.010427
0 0.377734 0.267966 0.010352 0.011730
0 0.937500 0.110002 0.007031 0.009905
0 0.564063 0.944658 0.009375 0.015640
0 0.714063 0.382138 0.007422 0.010427
0 0.868750 0.860201 0.007031 0.010427
0 0.571484 0.210619 0.010938 0.011991
0 0.033691 0.814324 0.010059 0.010427
0 0.838281 0.894609 0.007812 0.009905
0 0.121289 0.563041 0.008984 0.011991
0 0.862500 0.935273 0.010156 0.012512
0 0.501563 0.306544 0.007422 0.008081
0 0.767187 0.575553 0.007422 0.011991
0 0.446094 0.848732 0.010937 0.011991
0 0.541406 0.089409 0.008984 0.011078
0 0.814062 0.705886 0.010156 0.011469
0 0.202148 0.702237 0.011719 0.018768
0 0.550781 0.298464 0.007422 0.008341
0 0.415234 0.535932 0.009375 0.011991
0 0.927344 0.129552 0.010938 0.013033
0 0.903125 0.514557 0.011719 0.014597
0 0.129492 0.567733 0.009863 0.010427
0 0.544141 0.507258 0.007031 0.008341
0 0.482031 0.627686 0.008203 0.010948
0 0.107227 0.754371 0.012012 0.015640
0 0.495313 0.695460 0.011328 0.013033
0 0.923437 0.951956 0.010938 0.012512
0 0.077832 0.971767 0.010693 0.011469
0 0.490625 0.698588 0.009766 0.009384
0 0.817188 0.531240 0.013281 0.019811
0 0.557031 0.841955 0.011328 0.010427
0 0.032446 0.287255 0.008057 0.010687
0 0.732031 0.564084 0.008203 0.014597
0 0.568750 0.758020 0.007422 0.008863
0 0.616406 0.765319 0.005859 0.007299
0 0.106445 0.619345 0.008594 0.011991
0 0.971094 0.320360 0.010938 0.015119
0 0.108789 0.114433 0.012695 0.014597
0 0.488281 0.184031 0.009766 0.011469
0 0.552344 0.829964 0.011719 0.015119
0 0.354102 0.171780 0.008203 0.010948
0 0.903125 0.253368 0.010156 0.014337
0 0.340625 0.176211 0.011523 0.016422
0 0.252148 0.472329 0.010547 0.010427
0 0.583594 0.350597 0.008984 0.009905
0 0.012744 0.942572 0.010046 0.011469
0 0.045508 0.063603 0.006787 0.007038
0 0.758594 0.903993 0.011328 0.016161
0 0.736328 0.597449 0.008594 0.011469
0 0.650781 0.347209 0.006641 0.008341
0 0.500000 0.613089 0.007422 0.010948
0 0.339453 0.053958 0.012695 0.014858
0 0.006009 0.327398 0.008734 0.010166
0 0.989063 0.464509 0.008594 0.009384
0 0.717969 0.130594 0.008594 0.016161
0 0.694141 0.909207 0.004688 0.008341
0 0.395312 0.339128 0.008008 0.016161
0 0.900000 0.575032 0.007031 0.009384
0 0.535547 0.280738 0.005469 0.007820
0 0.093652 0.626122 0.008301 0.011469
0 0.615234 0.689204 0.010156 0.013033
0 0.650781 0.305502 0.007812 0.008863
0 0.510938 0.359460 0.008594 0.010427
0 0.810938 0.708493 0.011719 0.013555
0 0.243750 0.529676 0.008789 0.015119
0 0.337500 0.032583 0.010937 0.015249
0 0.689063 0.994225 0.011328 0.011550
0 0.210547 0.899823 0.006445 0.008341
0 0.978125 0.136590 0.010938 0.009905
0 0.319922 0.764797 0.011719 0.011469
0 0.003485 0.304980 0.006970 0.008081
0 0.228516 0.545316 0.006445 0.009384
0 0.010083 0.961340 0.008276 0.011469
0 0.437500 0.023460 0.012109 0.010818
0 0.747656 0.877927 0.011328 0.015119
0 0.506641 0.940487 0.010937 0.010427
0 0.201953 0.076636 0.011621 0.014467
0 0.749609 0.484319 0.010156 0.012512
0 0.889063 0.902951 0.008594 0.017725
0 0.375391 0.264577 0.012500 0.010427
0 0.436719 0.617260 0.005078 0.005735
0 0.861719 0.401949 0.006250 0.009384
0 0.414062 0.638634 0.010547 0.010427
0 0.227148 0.505694 0.006641 0.007299
0 0.540625 0.081980 0.009766 0.011469
0 0.057324 0.852903 0.010400 0.010948
0 0.765625 0.180382 0.008203 0.008863
0 0.759375 0.808068 0.008203 0.008341
0 0.006592 0.321142 0.009174 0.014337
0 0.600000 0.585980 0.007031 0.010427
0 0.222266 0.284388 0.007227 0.010427
0 0.607031 0.641241 0.007422 0.008863
0 0.985156 0.750721 0.010938 0.015119
0 0.871875 0.380574 0.007031 0.006777
0 0.828125 0.256496 0.011719 0.014337
0 0.475781 0.932145 0.007031 0.009384
0 0.145508 0.856031 0.009863 0.009905
0 0.294727 0.659488 0.007812 0.010427
0 0.351562 0.184031 0.009375 0.011730
0 0.739844 0.381617 0.011328 0.013033
0 0.821875 0.541666 0.008594 0.011469
0 0.886719 0.830485 0.006250 0.008341
0 0.932813 0.456689 0.007812 0.008341
0 0.982813 0.982194 0.012500 0.015640
0 0.352148 0.790864 0.010547 0.014597
0 0.202344 0.353465 0.005664 0.007299
0 0.912500 0.962383 0.007812 0.014597
0 0.697266 0.782001 0.011719 0.014076
0 0.132129 0.563041 0.011719 0.016161
0 0.376953 0.570340 0.011328 0.011469
0 0.756250 0.388915 0.010547 0.010948
0 0.257422 0.278132 0.009570 0.016683
0 0.167773 0.734038 0.012598 0.013033
0 0.817969 0.397257 0.007812 0.008341
0 0.399219 0.994225 0.008789 0.011550
0 0.111328 0.606833 0.010547 0.017725
0 0.964063 0.117822 0.010937 0.013815
0 0.841406 0.564084 0.010938 0.015640
0 0.404688 0.338346 0.008203 0.013555
0 0.366406 0.149102 0.009570 0.014858
0 0.006641 0.835177 0.010040 0.010948
0 0.076270 0.804940 0.006787 0.007820
0 0.614453 0.070380 0.007812 0.015119
0 0.344922 0.616217 0.007227 0.008863
0 0.818750 0.388915 0.008594 0.011991
0 0.513281 0.110002 0.007422 0.009123
0 0.297461 0.055522 0.006250 0.006777
0 0.491406 0.593278 0.008594 0.011991
0 0.076758 0.470243 0.010596 0.011991
0 0.037134 0.184292 0.004248 0.005213
0 0.967188 0.049527 0.010156 0.011860
0 0.646875 0.495267 0.010547 0.014597
0 0.744922 0.380574 0.009375 0.009905
0 0.749609 0.534889 0.007031 0.009905
0 0.618750 0.282042 0.007031 0.011209
0 0.608203 0.918591 0.018750 0.022939
0 0.021924 0.802855 0.010400 0.014597
0 0.818750 0.596406 0.010156 0.010427
0 0.242188 0.518206 0.008789 0.009905
0 0.629687 0.767404 0.012109 0.011991
0 0.164453 0.962383 0.007715 0.010427
0 0.803906 0.381617 0.009766 0.015119
0 0.338477 0.048223 0.013672 0.019550
0 0.713281 0.639156 0.007031 0.008341
0 0.884375 0.889917 0.007812 0.006256
0 0.995117 0.119907 0.009766 0.010166
0 0.803125 0.116779 0.012500 0.012251
0 0.140723 0.847689 0.010547 0.016683
0 0.205469 0.442091 0.006055 0.007820
0 0.730469 0.844561 0.008984 0.020332
0 0.272656 0.930060 0.006055 0.007299
0 0.573828 0.629772 0.005469 0.006777
0 0.740234 0.357635 0.007812 0.007820
0 0.901563 0.682426 0.009375 0.012512
0 0.129199 0.716313 0.006641 0.007820
0 0.845312 0.640198 0.007031 0.008341
0 0.753906 0.988450 0.005469 0.007299
0 0.327734 0.617260 0.011914 0.010427
0 0.615625 0.568254 0.010156 0.010948
0 0.703906 0.365716 0.006641 0.008863
0 0.551563 0.163178 0.011719 0.013815
0 0.759766 0.388915 0.009375 0.009905
0 0.432813 0.485362 0.008594 0.010427
0 0.056445 0.498917 0.007520 0.009384
0 0.764844 0.143888 0.009766 0.017204
0 0.904688 0.966554 0.011719 0.014597
0 0.993750 0.062821 0.007031 0.010296
0 0.559375 0.382659 0.008984 0.009384
0 0.498437 0.287255 0.009766 0.016161
0 0.106055 0.193154 0.006738 0.010427
0 0.445312 0.064124 0.007031 0.010296
0 0.013147 0.530718 0.006842 0.008341
0 0.192188 0.346166 0.004980 0.006777
0 0.083105 0.193936 0.010107 0.016683
0 0.707031 0.126163 0.010938 0.012773
0 0.725000 0.592236 0.011328 0.017204
0 0.299219 0.994746 0.008789 0.010508
0 0.019373 0.388394 0.007007 0.008341
0 0.729688 0.569297 0.009766 0.015119
0 0.187012 0.450433 0.004297 0.005213
0 0.551562 0.314886 0.008984 0.013555
0 0.572656 0.314886 0.010547 0.012773
0 0.728125 0.384223 0.010547 0.010427
0 0.508984 0.629772 0.008594 0.010427
0 0.156152 0.006321 0.012109 0.012642
0 0.737500 0.383702 0.005078 0.005735
0 0.978125 0.589108 0.007031 0.007299
0 0.342969 0.708493 0.007617 0.010427
0 0.953125 0.630293 0.005469 0.007299
0 0.865625 0.927975 0.010156 0.012512
0 0.190625 0.888353 0.006543 0.009384
0 0.821875 0.532803 0.010938 0.014597
0 0.327734 0.031280 0.014258 0.015770
0 0.707031 0.119907 0.011328 0.017725
0 0.687500 0.550529 0.004687 0.005213
0 0.482031 0.447305 0.006641 0.007820
0 0.351172 0.443134 0.007422 0.010948
0 0.978125 0.872713 0.008594 0.010948
0 0.989063 0.128248 0.008594 0.010166
0 0.943750 0.921719 0.011719 0.013555
0 0.444141 0.738209 0.012500 0.014597
0 0.621484 0.658966 0.010937 0.010948
0 0.012744 0.183249 0.005212 0.005213
0 0.975000 0.323748 0.012500 0.013555
0 0.667188 0.253890 0.005469 0.007559
0 0.700781 0.929017 0.006641 0.014597
0 0.893750 0.593800 0.007031 0.009384
0 0.636719 0.179600 0.012109 0.017204
0 0.829687 0.102703 0.010938 0.014076
0 0.439063 0.452518 0.007422 0.007820
0 0.535156 0.081198 0.011719 0.011209
0 0.818750 0.621952 0.008594 0.012512
0 0.617969 0.668350 0.007812 0.009905
0 0.490625 0.588586 0.009766 0.013555
0 0.738672 0.368583 0.009375 0.011730
0 0.580469 0.322706 0.011328 0.017204
0 0.068555 0.243724 0.007471 0.010427
0 0.356641 0.253629 0.010352 0.010948
0 0.502344 0.794513 0.010937 0.012512
0 0.628125 0.644369 0.009375 0.014076
0 0.812500 0.408726 0.009375 0.011469
0 0.651563 0.921719 0.010156 0.005213
0 0.993750 0.031410 0.010156 0.015379
0 0.704688 0.376403 0.006641 0.009905
0 0.015356 0.182467 0.007037 0.008602
0 0.717969 0.464509 0.008984 0.017725
0 0.758594 0.538538 0.008594 0.010427
0 0.787500 0.903993 0.008984 0.015119
0 0.384570 0.478063 0.008203 0.012512
0 0.760938 0.380574 0.010547 0.010427
0 0.342187 0.909207 0.012305 0.015640
0 0.051270 0.505694 0.014062 0.010427
0 0.721875 0.089669 0.006641 0.007168
0 0.982813 0.382659 0.008594 0.008863
0 0.725781 0.396214 0.011328 0.013555
0 0.118164 0.626644 0.005176 0.006777
0 0.582813 0.162917 0.009766 0.010427
0 0.099707 0.614653 0.006885 0.009384
0 0.575391 0.327137 0.007812 0.014076
0 0.571875 0.300549 0.012109 0.013555
0 0.456250 0.066470 0.007422 0.009645
0 0.305859 0.617781 0.009766 0.011469
0 0.815625 0.603184 0.010156 0.014597
0 0.698438 0.542709 0.012891 0.013555
0 0.488281 0.641241 0.013281 0.013555
0 0.937500 0.565648 0.007031 0.009384
0 0.117090 0.585458 0.009766 0.015640
0 0.112695 0.583894 0.003613 0.005735
0 0.978125 0.812239 0.009375 0.014076
0 0.975000 0.106352 0.011719 0.011730
0 0.945312 0.648540 0.007031 0.008863
0 0.798828 0.002965 0.005469 0.005930
0 0.264844 0.679298 0.011133 0.012512
0 0.406250 0.158486 0.007422 0.010427
0 0.461719 0.840391 0.006250 0.008863
0 0.199316 0.306023 0.009180 0.014076
0 0.730469 0.577638 0.008594 0.015119
0 0.361719 0.194458 0.006641 0.009384
0 0.682422 0.783044 0.007812 0.008863
0 0.091211 0.623516 0.009717 0.010427
0 0.002237 0.465551 0.004474 0.009384
0 0.359766 0.215311 0.009375 0.011209
0 0.553516 0.301852 0.010156 0.009645
0 0.278711 0.992620 0.007812 0.011469
0 0.495313 0.542188 0.008203 0.009905
0 0.650000 0.791385 0.007422 0.008863
0 0.187500 0.425930 0.007129 0.010427
0 0.251758 0.734560 0.007812 0.009384
0 0.813281 0.688682 0.007812 0.010427
0 0.737891 0.666786 0.007813 0.009384
0 0.244336 0.710578 0.005859 0.006256
0 0.535547 0.087714 0.013281 0.015379
0 0.817188 0.022417 0.005469 0.007690
0 0.124414 0.546358 0.008105 0.014076
0 0.995117 0.866457 0.009766 0.011469
0 0.775781 0.559392 0.007422 0.011469
0 0.625000 0.071553 0.007422 0.016683
0 0.491406 0.689204 0.011328 0.011991
0 0.696094 0.919633 0.011328 0.007299
0 0.992188 0.282563 0.009375 0.009905
0 0.839063 0.310194 0.010937 0.014858
0 0.216406 0.584937 0.007031 0.008863
0 0.907813 0.970724 0.011719 0.012512
0 0.530859 0.208534 0.007031 0.009645
0 0.428125 0.416025 0.007422 0.008341
0 0.538281 0.717356 0.004297 0.004692
0 0.194141 0.888353 0.006934 0.009905
0 0.432813 0.023590 0.011328 0.012512
0 0.518750 0.861244 0.007422 0.010948
0 0.682813 0.909207 0.005078 0.009384
0 0.519531 0.007559 0.007422 0.009775
0 0.321094 0.783044 0.013086 0.011991
0 0.117578 0.555742 0.009766 0.014076
0 0.233203 0.760105 0.004687 0.006777
0 0.857031 0.881576 0.007812 0.008341
0 0.006287 0.963426 0.010547 0.011469
0 0.759375 0.822665 0.012891 0.015119
0 0.334375 0.228605 0.006836 0.008341
0 0.960938 0.799727 0.014844 0.016161
0 0.993750 0.463987 0.011719 0.009905
0 0.663281 0.288037 0.012500 0.016161
0 0.402344 0.633942 0.010742 0.010948
0 0.494531 0.722569 0.007031 0.008863
0 0.518750 0.840391 0.006641 0.006256
0 0.699219 0.363370 0.007812 0.010166
0 0.859375 0.932145 0.011719 0.013555
0 0.337500 0.550008 0.008008 0.009384
0 0.118945 0.593278 0.008496 0.010948
0 0.512500 0.083544 0.003125 0.005213
0 0.107422 0.667308 0.010254 0.009905
0 0.519531 0.007559 0.004687 0.006517
0 0.423828 0.518206 0.009375 0.013033
0 0.175098 0.787215 0.007227 0.010948
0 0.564063 0.301331 0.011328 0.011991
0 0.932813 0.959255 0.005469 0.008341
0 0.138281 0.508822 0.008008 0.010948
0 0.163281 0.004106 0.007031 0.008211
0 0.626172 0.634985 0.013281 0.017725
0 0.562891 0.950913 0.005469 0.006256
0 0.283203 0.862287 0.011328 0.017204
0 0.530469 0.208534 0.004297 0.005213
0 0.916406 0.752806 0.009375 0.011991
0 0.325000 0.587544 0.011133 0.012512
0 0.945312 0.275264 0.008594 0.012512
0 0.920313 0.934231 0.009375 0.015640
0 0.826563 0.730389 0.008594 0.009384
0 0.006421 0.909207 0.011768 0.013555
0 0.512500 0.081589 0.007031 0.010296
0 0.003641 0.948828 0.007281 0.009384
0 0.726562 0.171780 0.007031 0.007299
0 0.428125 0.518206 0.007422 0.010948
0 0.473828 0.340953 0.007031 0.013294
0 0.712500 0.457210 0.011719 0.017725
0 0.215430 0.677734 0.013672 0.015119
0 0.813281 0.298724 0.007812 0.008863
0 0.263672 0.927975 0.008398 0.011469
0 0.963281 0.011469 0.007812 0.010036
0 0.997852 0.662616 0.004297 0.008341
0 0.806250 0.043140 0.007031 0.009905
0 0.111523 0.116779 0.004980 0.005995
0 0.844531 0.182467 0.007812 0.009123
0 0.744141 0.554700 0.010938 0.015119
0 0.757031 0.296378 0.007031 0.008341
0 0.950000 0.092276 0.007031 0.010557
0 0.770313 0.779916 0.010547 0.014076
0 0.984375 0.129812 0.013281 0.014858
0 0.598047 0.235382 0.005469 0.007820
0 0.146680 0.841433 0.009766 0.009905
0 0.971875 0.111044 0.012500 0.014597
0 0.825000 0.844040 0.007812 0.010427
0 0.914062 0.955084 0.014063 0.011469
0 0.567969 0.785129 0.006641 0.009905
0 0.032129 0.805461 0.011255 0.016683
0 0.097461 0.010427 0.016357 0.019420
0 0.317969 0.523419 0.013867 0.021375
0 0.724609 0.120689 0.010156 0.015119
0 0.172070 0.889396 0.005762 0.007299
0 0.621875 0.626122 0.015234 0.015640
0 0.790625 0.580766 0.010156 0.009905
0 0.480859 0.628729 0.010937 0.019289
0 0.583984 0.401427 0.007031 0.008863
0 0.426562 0.209576 0.009375 0.015379
0 0.150586 0.290383 0.007715 0.008602
0 0.655469 0.907121 0.005859 0.007299
0 0.412500 0.802333 0.007031 0.009384
0 0.501953 0.279956 0.015625 0.020071
0 0.915625 0.247112 0.006250 0.007559
0 0.277344 0.349294 0.007812 0.008602
0 0.557031 0.076897 0.005859 0.005604
0 0.291406 0.660530 0.013086 0.013555
0 0.120117 0.567733 0.013574 0.015640
0 0.512891 0.316971 0.003906 0.005213
0 0.342383 0.707972 0.004688 0.005735
0 0.650000 0.367019 0.007031 0.010166