0 0.230086 0.893160 0.007702 0.012185
0 0.241195 0.895861 0.007068 0.010486
0 0.254138 0.893760 0.007581 0.012990
0 0.258993 0.893880 0.008357 0.012808
0 0.246957 0.892554 0.007079 0.011520
0 0.230885 0.888694 0.007936 0.015437
0 0.275505 0.501118 0.008573 0.017433
0 0.623537 0.168354 0.008737 0.014954
0 0.529585 0.884096 0.008651 0.016304
0 0.333632 0.477857 0.012298 0.012135
0 0.244001 0.892615 0.009549 0.012442
0 0.220713 0.888707 0.008721 0.011909
0 0.335821 0.395584 0.011224 0.014084
0 0.759789 0.657839 0.010232 0.015624
0 0.532061 0.870591 0.010043 0.014031
0 0.708876 0.543047 0.010139 0.016541
0 0.655589 0.585898 0.011940 0.015868
0 0.205241 0.179262 0.010866 0.012328
0 0.650359 0.184947 0.012553 0.015518
0 0.638743 0.302861 0.010712 0.018783
0 0.643695 0.327806 0.008089 0.017920
0 0.607169 0.967528 0.012334 0.016220
0 0.128200 0.947610 0.009072 0.009968
0 0.588858 0.469580 0.010381 0.018492
0 0.661908 0.582847 0.013827 0.014242
0 0.776950 0.619901 0.010827 0.017907
0 0.753066 0.644238 0.011823 0.015222
0 0.662637 0.475889 0.012135 0.016626
0 0.876063 0.559345 0.011106 0.017048
0 0.270199 0.310815 0.010824 0.018375
0 0.788313 0.628624 0.009401 0.019195
0 0.694786 0.560289 0.008967 0.018390
0 0.464300 0.316245 0.010369 0.016898
0 0.684354 0.485456 0.010398 0.015122
0 0.420747 0.410576 0.010903 0.017508
0 0.213240 0.170575 0.009264 0.019076
0 0.623322 0.758152 0.011305 0.016309
0 0.863783 0.476636 0.010630 0.019616
0 0.612452 0.167659 0.012472 0.014004
0 0.300279 0.678183 0.012282 0.016522
0 0.437833 0.426305 0.013086 0.014431
0 0.925100 0.365334 0.008917 0.015269
0 0.791463 0.461148 0.008475 0.013874
0 0.526146 0.390176 0.012692 0.014558
0 0.387764 0.510513 0.011681 0.012073
0 0.164607 0.493634 0.010422 0.018169
0 0.226151 0.593153 0.010535 0.017399
0 0.674254 0.519139 0.009336 0.018080
0 0.188332 0.320727 0.010100 0.017416
0 0.385232 0.494522 0.010008 0.018004
0 0.269628 0.481616 0.011056 0.017657
0 0.301389 0.012187 0.010428 0.018318
0 0.612810 0.559973 0.011324 0.017446
0 0.261973 0.896219 0.010754 0.014032
0 0.271822 0.575953 0.010308 0.015869
0 0.260821 0.748641 0.010416 0.015631
0 0.388783 0.791812 0.010969 0.016946
0 0.649509 0.961106 0.011799 0.017637
0 0.184556 0.629551 0.011596 0.012082
0 0.957546 0.368621 0.009284 0.017505
0 0.189220 0.273381 0.011020 0.016561
0 0.518665 0.302743 0.008990 0.017560
0 0.882131 0.241563 0.012844 0.015292
0 0.332199 0.259721 0.012452 0.013369
0 0.443864 0.378526 0.010271 0.017372
0 0.814929 0.510031 0.012199 0.012045
0 0.469464 0.518931 0.012538 0.012831
0 0.664485 0.527509 0.011390 0.011461
0 0.614754 0.734709 0.011740 0.013971
0 0.345191 0.194728 0.011614 0.010908
0 0.285859 0.128021 0.009824 0.017373
0 0.695787 0.469370 0.008868 0.015275
0 0.463991 0.485832 0.009416 0.016800
0 0.648037 0.910666 0.010976 0.012859
0 0.327170 0.675380 0.011810 0.015740
0 0.846765 0.426790 0.010135 0.016921
0 0.746295 0.505735 0.011481 0.011089
0 0.622351 0.577739 0.009250 0.011153
0 0.791495 0.744967 0.009335 0.016514
0 0.663362 0.297684 0.011023 0.016381
0 0.186905 0.636155 0.012519 0.015872
0 0.715041 0.516150 0.012594 0.014176
0 0.221018 0.893487 0.010511 0.013361
0 0.863904 0.643177 0.009607 0.017352
0 0.333415 0.491025 0.011832 0.013350
0 0.115236 0.614738 0.010422 0.010251
0 0.188539 0.837445 0.009686 0.017271
0 0.665695 0.581199 0.011130 0.010793
0 0.327457 0.700402 0.009970 0.013428
0 0.626864 0.755740 0.011317 0.015099
0 0.744449 0.353704 0.009614 0.015947
0 0.958294 0.209276 0.011120 0.016757
0 0.214718 0.469565 0.009691 0.017491
0 0.338373 0.390418 0.010617 0.015662
0 0.296399 0.375748 0.011035 0.014107
0 0.262799 0.903330 0.009881 0.008599
0 0.423353 0.627063 0.009721 0.018010
0 0.888289 0.533035 0.012419 0.013508
0 0.397603 0.778508 0.010640 0.017238
0 0.548108 0.439379 0.010868 0.008157
0 0.069262 0.919128 0.011744 0.014286
0 0.983024 0.318374 0.010522 0.018460
0 0.845324 0.560318 0.010719 0.017576
0 0.252872 0.136808 0.011244 0.012755
0 0.320830 0.527556 0.010376 0.010941
0 0.618441 0.111868 0.009752 0.018130
0 0.514307 0.154736 0.010481 0.011049
0 0.211220 0.888902 0.004521 0.006612
0 0.765201 0.460052 0.011032 0.017388
0 0.226778 0.144065 0.011475 0.013257
0 0.645730 0.225021 0.009929 0.014783
0 0.557206 0.236305 0.010845 0.016064
0 0.688499 0.851498 0.012996 0.014242
0 0.452601 0.024758 0.012414 0.014661
0 0.190453 0.452300 0.010150 0.016106
0 0.551297 0.430063 0.011623 0.012795
0 0.299695 0.941584 0.010318 0.016709
0 0.094432 0.240881 0.011398 0.014909
0 0.149651 0.618603 0.011032 0.017098
0 0.052224 0.241446 0.012288 0.014002
0 0.308320 0.609869 0.011895 0.013204
0 0.334125 0.426010 0.011367 0.012796
0 0.318460 0.014051 0.012203 0.011054
0 0.525376 0.960897 0.008592 0.017746
0 0.767471 0.498184 0.011113 0.009644
0 0.615104 0.392025 0.010205 0.012317
0 0.582950 0.982963 0.011403 0.016333
0 0.377713 0.741013 0.010537 0.014884
0 0.836868 0.401308 0.011612 0.014231
0 0.521093 0.869696 0.011489 0.015085
0 0.666346 0.866451 0.011196 0.016158
0 0.536282 0.871531 0.010242 0.012669
0 0.177971 0.335181 0.009885 0.015601
0 0.459454 0.869353 0.009942 0.017025
0 0.870718 0.916252 0.010234 0.015856
0 0.329787 0.406261 0.010968 0.015716
0 0.516688 0.322686 0.011249 0.015185
0 0.474907 0.749575 0.008421 0.013666
0 0.538729 0.148059 0.012201 0.016929
0 0.772651 0.878801 0.009276 0.015667
0 0.750564 0.601738 0.012283 0.011700
0 0.527056 0.465252 0.011048 0.009502
0 0.296606 0.321408 0.010433 0.011282
0 0.628533 0.939793 0.012025 0.012314
0 0.573193 0.642544 0.008927 0.016740
0 0.608440 0.315434 0.012513 0.015095
0 0.538800 0.123220 0.011443 0.014105
0 0.751511 0.732657 0.010535 0.016953
0 0.755461 0.342315 0.011017 0.017320
0 0.828969 0.428381 0.009346 0.018714
0 0.408642 0.685520 0.010986 0.012403
0 0.909341 0.618646 0.010387 0.017412
0 0.210272 0.905021 0.007781 0.017107
0 0.126228 0.368859 0.011997 0.012554
0 0.526882 0.408651 0.012540 0.012184
0 0.740781 0.195187 0.010386 0.012212
0 0.864880 0.853656 0.011286 0.011534
0 0.123021 0.654700 0.009790 0.010658
0 0.127373 0.727007 0.010911 0.016487
0 0.284785 0.770695 0.009952 0.017011
0 0.810272 0.525306 0.011192 0.016131
0 0.651385 0.742180 0.009491 0.016891
0 0.467021 0.729203 0.010512 0.013334
0 0.658722 0.081119 0.011688 0.011263
0 0.482790 0.547406 0.009446 0.012204
0 0.881623 0.878152 0.008581 0.017306
0 0.321058 0.923382 0.010508 0.009526
0 0.603370 0.086548 0.012146 0.015210
0 0.773206 0.228575 0.009293 0.018090
0 0.866386 0.794753 0.008542 0.013925
0 0.321334 0.190611 0.011319 0.016512
0 0.745975 0.318674 0.010376 0.017352
0 0.511403 0.982073 0.010672 0.009447
0 0.601741 0.040197 0.011232 0.015646
0 0.111797 0.702873 0.008821 0.017657
0 0.390527 0.782154 0.014397 0.014671
0 0.462190 0.058989 0.012400 0.016592
0 0.408926 0.953768 0.010979 0.011861
0 0.841421 0.124355 0.009620 0.009223
0 0.817727 0.386816 0.010224 0.017941
0 0.753463 0.884682 0.012046 0.011113
0 0.771326 0.519174 0.011143 0.015050
0 0.363556 0.602853 0.012303 0.015543
0 0.940636 0.109417 0.010073 0.014497
0 0.746750 0.767125 0.010706 0.015262
0 0.021757 0.395873 0.010470 0.012145
0 0.331503 0.784056 0.011162 0.014682
0 0.189999 0.753664 0.010886 0.016091
0 0.819015 0.099218 0.008215 0.015842
0 0.503084 0.296602 0.011525 0.012296
0 0.168178 0.250580 0.011753 0.015187
0 0.920006 0.165573 0.009177 0.015829
0 0.052435 0.943033 0.009649 0.018546
0 0.566437 0.257856 0.013582 0.011593
0 0.302099 0.263688 0.010546 0.011997
0 0.892416 0.610656 0.011625 0.016345
0 0.211668 0.918562 0.005901 0.009103
0 0.722949 0.912859 0.008166 0.013981
0 0.872383 0.309175 0.011395 0.014295
0 0.973200 0.917724 0.011165 0.012902
0 0.746864 0.458766 0.010320 0.015233
0 0.253095 0.073893 0.011475 0.014263
0 0.598388 0.561821 0.011926 0.014564
0 0.925987 0.108470 0.012817 0.015318
0 0.156841 0.359246 0.011966 0.015194
0 0.828201 0.570204 0.011195 0.014105
0 0.382420 0.615673 0.013239 0.015358
0 0.019917 0.918742 0.009233 0.018133
0 0.861381 0.367417 0.012027 0.011558
0 0.958128 0.111179 0.010805 0.014874
0 0.666342 0.192980 0.011037 0.013803
0 0.526546 0.282261 0.010957 0.010685
0 0.784025 0.971384 0.011061 0.014202
0 0.212311 0.914487 0.006953 0.014250
0 0.899622 0.972015 0.012193 0.011985
0 0.740324 0.094554 0.011299 0.015226
0 0.608427 0.232549 0.010628 0.009959
0 0.920811 0.594351 0.010795 0.011239
0 0.184872 0.621070 0.011765 0.015560
0 0.501742 0.076961 0.009909 0.014301
0 0.761403 0.860805 0.009469 0.014968
0 0.543125 0.920770 0.012252 0.013628
0 0.040173 0.919468 0.011084 0.016422
0 0.544519 0.464636 0.012290 0.014994
0 0.052176 0.963639 0.010922 0.012324
0 0.178145 0.185789 0.010540 0.011551
0 0.658488 0.695715 0.009579 0.012610
0 0.606807 0.694919 0.012205 0.013099
0 0.752724 0.805826 0.010658 0.012064
0 0.339606 0.131098 0.010535 0.010032
0 0.180755 0.476845 0.008536 0.011920
0 0.740964 0.529187 0.010632 0.014323
0 0.785126 0.039762 0.012795 0.014815
0 0.989432 0.815889 0.010711 0.016117
0 0.571963 0.212583 0.010368 0.013057
0 0.797075 0.017871 0.011373 0.012411
0 0.877880 0.277532 0.011365 0.015646
0 0.642820 0.045140 0.011872 0.015669
0 0.196099 0.925015 0.011460 0.011238
0 0.525331 0.846842 0.012310 0.013716
0 0.602418 0.882396 0.012434 0.015077
0 0.439917 0.166304 0.010743 0.015275
0 0.198801 0.669736 0.009755 0.016887
0 0.665819 0.093514 0.010732 0.012167
0 0.540717 0.378178 0.011108 0.014133
0 0.777834 0.545791 0.010692 0.016213
0 0.693132 0.018369 0.012261 0.011801
0 0.959323 0.655435 0.011183 0.012892
0 0.602719 0.015890 0.012113 0.016543
0 0.684325 0.336710 0.010441 0.013053
0 0.191767 0.923996 0.013358 0.013937
0 0.824982 0.632770 0.012622 0.013019
0 0.565242 0.753627 0.011300 0.015867
0 0.033596 0.498044 0.011530 0.012054
0 0.878212 0.704277 0.010646 0.012749
0 0.040628 0.671100 0.010688 0.018565
0 0.211057 0.895810 0.005501 0.015079
0 0.252748 0.123842 0.010287 0.009696
0 0.433681 0.485059 0.010708 0.010940
0 0.846292 0.806243 0.012128 0.015358
0 0.427537 0.766541 0.012133 0.012984
0 0.905837 0.389205 0.012354 0.013086
0 0.814939 0.332330 0.011435 0.014312
0 0.872429 0.977543 0.008634 0.016736
0 0.127340 0.596062 0.010635 0.014744
0 0.188640 0.920537 0.009054 0.017557
0 0.658855 0.118594 0.011864 0.012172
0 0.383903 0.122914 0.013207 0.014540
0 0.259896 0.903095 0.011626 0.006144
0 0.987936 0.036519 0.008707 0.017638
0 0.215112 0.905108 0.007973 0.005395
0 0.181971 0.250860 0.009861 0.014941
0 0.742083 0.169409 0.010532 0.017305
0 0.028423 0.123131 0.011962 0.010895
0 0.183736 0.580900 0.010586 0.009409
0 0.069075 0.763149 0.010501 0.018078
0 0.328243 0.833888 0.012183 0.010732
0 0.889871 0.124273 0.011262 0.014492
0 0.709131 0.430566 0.009672 0.010564
0 0.201242 0.768684 0.011620 0.010891
0 0.965670 0.740569 0.011400 0.014835
0 0.827849 0.629941 0.010918 0.012449
0 0.949662 0.327586 0.008298 0.016671
0 0.080398 0.949030 0.011811 0.015270
0 0.384244 0.975197 0.009518 0.013705
0 0.268185 0.892273 0.006668 0.014229
0 0.323251 0.004590 0.006918 0.009180
0 0.924820 0.771626 0.011071 0.016602
0 0.330541 0.970797 0.011664 0.014315
0 0.182958 0.628414 0.012299 0.021943
0 0.193003 0.939503 0.013497 0.012945
0 0.734322 0.412988 0.011183 0.014925
0 0.512154 0.984187 0.005090 0.005604
0 0.315309 0.227989 0.010118 0.012594
0 0.046539 0.602858 0.009814 0.015492
0 0.190951 0.917119 0.011123 0.015654
0 0.473378 0.971776 0.009445 0.015659
0 0.331981 0.491901 0.006427 0.007236
0 0.217388 0.509932 0.009985 0.011600
0 0.550948 0.438482 0.014338 0.011838
0 0.926926 0.866843 0.011456 0.014131
0 0.427564 0.134486 0.009372 0.016757
0 0.647185 0.003176 0.009175 0.006353
0 0.093030 0.821381 0.010668 0.011433
0 0.301300 0.284766 0.010722 0.012088
0 0.853522 0.809715 0.009462 0.015001
0 0.264028 0.912962 0.009474 0.016128
0 0.896756 0.774401 0.011549 0.015382
0 0.713948 0.603621 0.010622 0.010777
0 0.736601 0.416935 0.004719 0.005551
0 0.067803 0.757959 0.010925 0.014603
0 0.753867 0.649690 0.014474 0.017162
0 0.551135 0.442244 0.012830 0.009959
0 0.518125 0.312638 0.012072 0.019877
0 0.775131 0.329692 0.011990 0.013001
0 0.252481 0.903998 0.011191 0.006094
0 0.252918 0.128871 0.013138 0.016870
0 0.603222 0.698495 0.012810 0.014021
0 0.546367 0.862356 0.010476 0.010912
0 0.196581 0.766934 0.011264 0.010526
0 0.893737 0.898210 0.008890 0.013545
0 0.387110 0.785374 0.011798 0.015539
0 0.027854 0.283936 0.010251 0.017125
0 0.893023 0.121445 0.011748 0.013702
0 0.019032 0.812283 0.008449 0.018476
0 0.389296 0.423851 0.010158 0.008371
0 0.526269 0.867267 0.018077 0.015664
0 0.967373 0.891484 0.011008 0.015326
0 0.108654 0.958549 0.011425 0.012910
0 0.417809 0.655865 0.005921 0.008008
0 0.927837 0.358900 0.012994 0.016021
0 0.778631 0.737801 0.010106 0.013217
0 0.196110 0.913130 0.010747 0.012820
0 0.617808 0.759464 0.011965 0.019370
0 0.867643 0.789823 0.008334 0.015739
0 0.218917 0.898056 0.011985 0.012283
0 0.608830 0.760570 0.010511 0.017136
0 0.032123 0.168561 0.011016 0.014836
0 0.474021 0.742362 0.009002 0.020019
0 0.646261 0.219322 0.009929 0.016609
0 0.327307 0.693607 0.010164 0.015427
0 0.944162 0.408611 0.011111 0.015278
0 0.842096 0.123974 0.005001 0.005986
0 0.245309 0.904026 0.008947 0.005671
0 0.256282 0.892782 0.005297 0.008126
0 0.327751 0.996047 0.006636 0.007906
0 0.041108 0.233136 0.011373 0.012472
0 0.995000 0.704038 0.010000 0.018673
0 0.777049 0.996807 0.007299 0.006385
0 0.616679 0.996606 0.005033 0.006788
0 0.831244 0.432156 0.010774 0.015178
0 0.462664 0.316820 0.005485 0.006470
0 0.907453 0.128772 0.009245 0.013918
0 0.995496 0.563154 0.009009 0.009247
0 0.996428 0.650998 0.007143 0.011444
0 0.723877 0.908216 0.008665 0.016781
0 0.656844 0.114594 0.012479 0.010681
0 0.996409 0.391252 0.007182 0.013814
0 0.697290 0.464662 0.010546 0.018276
0 0.243953 0.892364 0.005646 0.008665
0 0.465431 0.428171 0.010661 0.014707
0 0.907825 0.684101 0.008744 0.010649
0 0.444711 0.928555 0.009817 0.012830
0 0.622700 0.747502 0.015410 0.021417
0 0.003694 0.431081 0.007388 0.007857