0 0.625781 0.428015 0.008203 0.017725
0 0.241406 0.890439 0.004102 0.008863
0 0.272070 0.887832 0.005078 0.009384
0 0.689063 0.083413 0.007422 0.012121
0 0.751562 0.818495 0.008984 0.014597
0 0.265234 0.886789 0.005664 0.011469
0 0.244922 0.885225 0.008398 0.015119
0 0.194531 0.026327 0.008887 0.013033
0 0.749219 0.529675 0.005859 0.007820
0 0.814062 0.370147 0.007031 0.010948
0 0.314844 0.280738 0.007422 0.008341
0 0.601562 0.196543 0.006250 0.006517
0 0.877344 0.528633 0.006250 0.008863
0 0.462109 0.433750 0.008594 0.016683
0 0.433594 0.946743 0.005469 0.007299
0 0.460938 0.694417 0.005078 0.006777
0 0.737891 0.621430 0.007031 0.013555
0 0.783594 0.527590 0.009766 0.014597
0 0.619922 0.400385 0.009375 0.017204
0 0.800000 0.717356 0.008984 0.015119
0 0.708203 0.725697 0.009375 0.011469
0 0.846875 0.162135 0.008594 0.008863
0 0.732031 0.534889 0.006641 0.009384
0 0.314258 0.386830 0.010547 0.018247
0 0.788281 0.086020 0.009766 0.017465
0 0.186035 0.035451 0.008398 0.012642
0 0.256055 0.888353 0.007422 0.014076
0 0.235156 0.889396 0.008398 0.006777
0 0.501563 0.172562 0.005078 0.006517
0 0.821875 0.472850 0.007031 0.007299
0 0.763281 0.037015 0.006641 0.011078
0 0.621875 0.010948 0.007812 0.009254
0 0.267578 0.911292 0.006641 0.011469
0 0.274609 0.155879 0.008398 0.011991
0 0.953125 0.644369 0.005469 0.008863
0 0.926563 0.629250 0.008594 0.008341
0 0.766016 0.697545 0.005469 0.006777
0 0.289062 0.730910 0.007617 0.006777
0 0.258203 0.886268 0.005664 0.011991
0 0.283789 0.143888 0.010547 0.011730
0 0.728906 0.715270 0.005859 0.006256
0 0.163672 0.845604 0.008594 0.011469
0 0.387695 0.133462 0.008203 0.018507
0 0.953906 0.318796 0.006250 0.009905
0 0.753125 0.291426 0.009766 0.014337
0 0.421875 0.327137 0.007422 0.008863
0 0.893750 0.608918 0.010156 0.017204
0 0.700781 0.075854 0.008984 0.014858
0 0.570312 0.178296 0.009766 0.018507
0 0.453516 0.235122 0.007812 0.009384
0 0.832813 0.284127 0.010156 0.013815
0 0.420313 0.884183 0.010937 0.015119
0 0.820312 0.084195 0.010938 0.013946
0 0.796875 0.295075 0.009766 0.015379
0 0.471094 0.477542 0.010547 0.017204
0 0.662891 0.701716 0.010156 0.016161
0 0.817188 0.272136 0.004687 0.005995
0 0.312109 0.486926 0.008008 0.019289
0 0.943750 0.320099 0.010156 0.017725
0 0.771875 0.706929 0.009375 0.008863
0 0.651563 0.147798 0.007422 0.009384
0 0.443750 0.480149 0.007031 0.010427
0 0.484766 0.990535 0.005469 0.006256
0 0.551562 0.614132 0.011328 0.009384
0 0.486719 0.679298 0.005859 0.009384
0 0.520312 0.414461 0.011328 0.010427
0 0.152930 0.244506 0.009863 0.012251
0 0.104785 0.375882 0.008008 0.014597
0 0.539844 0.442091 0.010156 0.015640
0 0.446094 0.371190 0.009766 0.011991
0 0.688281 0.153272 0.008984 0.017204
0 0.467578 0.963426 0.005469 0.007299
0 0.302734 0.566169 0.011523 0.009905
0 0.284375 0.334175 0.009961 0.014858
0 0.690625 0.944657 0.007031 0.008341
0 0.820312 0.034929 0.011719 0.010687
0 0.795313 0.702237 0.010547 0.016683
0 0.664844 0.764276 0.010547 0.010948
0 0.525781 0.927975 0.008984 0.017725
0 0.831250 0.055392 0.010156 0.009905
0 0.721094 0.572425 0.011328 0.011991
0 0.314844 0.621952 0.010547 0.010427
0 0.788672 0.721005 0.007812 0.013555
0 0.420313 0.997614 0.008984 0.004773
0 0.580859 0.567212 0.011719 0.009905
0 0.853906 0.298203 0.007812 0.008602
0 0.074512 0.756977 0.010400 0.015119
0 0.467188 0.987407 0.005078 0.006256
0 0.504687 0.969682 0.007031 0.009384
0 0.820312 0.761669 0.010156 0.019811
0 0.903906 0.184031 0.009375 0.013815
0 0.782812 0.452518 0.006250 0.009384
0 0.840625 0.049005 0.007031 0.008211
0 0.421094 0.963426 0.007422 0.010427
0 0.535156 0.990535 0.009766 0.010427
0 0.766797 0.728304 0.008594 0.016683
0 0.760156 0.914420 0.005859 0.006256
0 0.571094 0.318535 0.010547 0.016683
0 0.970312 0.255454 0.007031 0.007299
0 0.719531 0.713185 0.007812 0.016161
0 0.775781 0.478585 0.006641 0.008863
0 0.259961 0.178818 0.005469 0.007038
0 0.774219 0.451475 0.012109 0.013033
0 0.378320 0.744465 0.010156 0.011991
0 0.170508 0.603184 0.010449 0.011469
0 0.878125 0.175168 0.010156 0.012251
0 0.875000 0.130594 0.011719 0.008863
0 0.859375 0.230951 0.005469 0.007038
0 0.682031 0.563041 0.006641 0.008863
0 0.975000 0.538017 0.008594 0.016161
0 0.855469 0.395171 0.012500 0.015119
0 0.739063 0.865415 0.007031 0.007820
0 0.525781 0.491618 0.013281 0.012512
0 0.077246 0.677734 0.009863 0.011469
0 0.050098 0.009645 0.011572 0.014728
0 0.748828 0.729868 0.008594 0.009905
0 0.171875 0.079112 0.009473 0.011469
0 0.739844 0.798684 0.009375 0.009905
0 0.719141 0.316971 0.010937 0.013033
0 0.457812 0.951956 0.011328 0.010427
0 0.488281 0.422802 0.011328 0.015640
0 0.920313 0.730910 0.010156 0.010948
0 0.808594 0.994485 0.007812 0.011029
0 0.747656 0.735602 0.010547 0.011469
0 0.653516 0.134765 0.010156 0.014597
0 0.496875 0.171519 0.008203 0.011209
0 0.444531 0.652710 0.010547 0.016683
0 0.382422 0.743944 0.010352 0.011469
0 0.752734 0.944657 0.007031 0.008341
0 0.194141 0.843519 0.008691 0.014076
0 0.890625 0.518727 0.010156 0.013555
0 0.354297 0.796599 0.006055 0.007820
0 0.567187 0.786693 0.005469 0.007299
0 0.299023 0.565648 0.008984 0.009384
0 0.426563 0.963426 0.011719 0.009384
0 0.186719 0.010036 0.012109 0.016683
0 0.712891 0.047702 0.007812 0.007820
0 0.939063 0.975937 0.011719 0.012512
0 0.102930 0.092797 0.010840 0.012903
0 0.813281 0.803897 0.006250 0.011469
0 0.471875 0.684512 0.009375 0.013555
0 0.835938 0.103224 0.011719 0.010557
0 0.515625 0.414982 0.008984 0.010427
0 0.803125 0.531761 0.010938 0.009905
0 0.920313 0.661052 0.011719 0.016161
0 0.755078 0.750721 0.008594 0.015640
0 0.764063 0.068295 0.006641 0.008993
0 0.699219 0.971767 0.005859 0.007299
0 0.771875 0.379531 0.009766 0.010948
0 0.422266 0.837263 0.009375 0.011991
0 0.914062 0.728825 0.010156 0.012512
0 0.820312 0.887311 0.011719 0.016161
0 0.744141 0.724654 0.010156 0.015119
0 0.868750 0.528112 0.007031 0.011469
0 0.578906 0.593278 0.008594 0.015119
0 0.283984 0.380574 0.009961 0.010948
0 0.720703 0.681905 0.007031 0.007299
0 0.159961 0.876363 0.009961 0.013555
0 0.214063 0.855509 0.010352 0.010427
0 0.757031 0.508822 0.009375 0.015119
0 0.425000 0.169434 0.010156 0.014337
0 0.369531 0.456689 0.008008 0.009905
0 0.063184 0.278914 0.012451 0.012773
0 0.182324 0.640198 0.007422 0.007299
0 0.931250 0.601620 0.010156 0.017204
0 0.724609 0.507779 0.007031 0.008863
0 0.159961 0.202017 0.009668 0.016683
0 0.642188 0.765840 0.009766 0.009384
0 0.772266 0.463987 0.010156 0.008341
0 0.319336 0.902951 0.010547 0.013555
0 0.842969 0.776788 0.012500 0.014076
0 0.811719 0.130334 0.010937 0.012251
0 0.126563 0.238771 0.006543 0.007038
0 0.564063 0.603705 0.010547 0.013555
0 0.889063 0.386309 0.011719 0.012512
0 0.359180 0.519249 0.010547 0.018768
0 0.622656 0.752806 0.007812 0.008863
0 0.719531 0.271094 0.012109 0.013815
0 0.767187 0.706929 0.010547 0.009905
0 0.399609 0.470243 0.007617 0.011469
0 0.236133 0.880012 0.007031 0.005735
0 0.750000 0.761148 0.007031 0.009384
0 0.889063 0.255975 0.007031 0.007820
0 0.282813 0.618302 0.011719 0.016161
0 0.665625 0.751764 0.011328 0.013033
0 0.275781 0.895652 0.010156 0.008863
0 0.273047 0.557828 0.010547 0.012512
0 0.903125 0.568254 0.007031 0.009905
0 0.462500 0.318014 0.007812 0.012512
0 0.382422 0.887832 0.006836 0.008341
0 0.787891 0.317753 0.010156 0.014076
0 0.389844 0.838827 0.006445 0.006256
0 0.890625 0.414982 0.010156 0.010427
0 0.731250 0.470765 0.007812 0.012512
0 0.430469 0.480670 0.005469 0.007299
0 0.646875 0.686076 0.008203 0.010948
0 0.583594 0.557828 0.008594 0.010427
0 0.653125 0.686076 0.010156 0.011991
0 0.441016 0.852903 0.010156 0.011991
0 0.171289 0.315407 0.011230 0.014337
0 0.521875 0.357114 0.008984 0.010687
0 0.920313 0.877405 0.010156 0.011469
0 0.482422 0.707972 0.007812 0.008863
0 0.175977 0.259624 0.007422 0.009123
0 0.041650 0.074551 0.009302 0.013685
0 0.309375 0.718398 0.011523 0.014076
0 0.195312 0.752285 0.010547 0.015640
0 0.154102 0.854988 0.004492 0.006777
0 0.914844 0.877927 0.010938 0.011991
0 0.718750 0.557306 0.007422 0.009384
0 0.372266 0.466073 0.008008 0.008863
0 0.782813 0.992620 0.009766 0.011469
0 0.976562 0.063994 0.010156 0.010427
0 0.678906 0.978023 0.009766 0.018768
0 0.842969 0.025936 0.010937 0.015119
0 0.764063 0.472329 0.009766 0.008341
0 0.828906 0.137111 0.009375 0.013815
0 0.711719 0.980108 0.008594 0.009384
0 0.989062 0.359199 0.011719 0.013815
0 0.794531 0.521855 0.011328 0.010427
0 0.568750 0.515078 0.007422 0.010427
0 0.813281 0.994485 0.010938 0.011029
0 0.445703 0.227041 0.009375 0.014076
0 0.492969 0.980108 0.011328 0.014597
0 0.124902 0.354507 0.010742 0.012512
0 0.474219 0.911292 0.011328 0.016683
0 0.223047 0.384223 0.010352 0.011469
0 0.878125 0.164742 0.008594 0.010687
0 0.376758 0.555742 0.011719 0.011991
0 0.717188 0.978023 0.010156 0.010427
0 0.445312 0.852903 0.012109 0.011991
0 0.874219 0.911292 0.009375 0.019811
0 0.919531 0.537496 0.010938 0.018768
0 0.208594 0.625601 0.008984 0.011991
0 0.833594 0.864372 0.010938 0.010427
0 0.484375 0.856031 0.010156 0.010948
0 0.948438 0.986364 0.010156 0.009384
0 0.450391 0.638113 0.007812 0.010948
0 0.242188 0.727261 0.007422 0.012512
0 0.878906 0.478585 0.010938 0.014076
0 0.752344 0.372754 0.010156 0.009384
0 0.861719 0.621430 0.009375 0.013555
0 0.207422 0.020984 0.010742 0.012773
0 0.438281 0.624558 0.008984 0.009905
0 0.803125 0.373797 0.010156 0.010427
0 0.377734 0.869585 0.010937 0.011469
0 0.324219 0.051351 0.006836 0.009254
0 0.430469 0.631857 0.008594 0.008863
0 0.619531 0.037797 0.006641 0.007429
0 0.212891 0.979066 0.007227 0.010427
0 0.056592 0.384745 0.008105 0.010948
0 0.851562 0.608918 0.012500 0.013555
0 0.728906 0.047702 0.006250 0.007429
0 0.768359 0.472850 0.008594 0.009384
0 0.446875 0.706408 0.006641 0.007299
0 0.678125 0.896695 0.011328 0.013033
0 0.232422 0.731953 0.010352 0.010948
0 0.172461 0.447305 0.010254 0.011991
0 0.380469 0.814324 0.006055 0.008341
0 0.455469 0.948828 0.009766 0.009384
0 0.821875 0.806504 0.010156 0.011469
0 0.737109 0.693374 0.006250 0.009905
0 0.770703 0.038318 0.009375 0.014337
0 0.053027 0.752806 0.010010 0.015640
0 0.526563 0.357114 0.013672 0.012251
0 0.271289 0.836220 0.006641 0.007820
0 0.959375 0.559392 0.009375 0.011469
0 0.467969 0.320621 0.007031 0.009905
0 0.601953 0.094622 0.008594 0.009775
0 0.945312 0.652710 0.010156 0.011991
0 0.285742 0.077548 0.005859 0.008081
0 0.945312 0.948828 0.007031 0.007299
0 0.821875 0.119386 0.007812 0.009645
0 0.625781 0.583894 0.008203 0.017204
0 0.915625 0.503609 0.010156 0.016161
0 0.309375 0.918591 0.010938 0.014597
0 0.742578 0.381095 0.010937 0.010427
0 0.650781 0.018507 0.007422 0.011339
0 0.461328 0.148580 0.005469 0.007820
0 0.301563 0.572425 0.012305 0.010948
0 0.959375 0.055131 0.011719 0.011209
0 0.282422 0.893567 0.005664 0.014076
0 0.793750 0.620388 0.008594 0.018768
0 0.528125 0.472850 0.008594 0.008341
0 0.436719 0.499438 0.011328 0.013555
0 0.687500 0.083935 0.003125 0.004692
0 0.471094 0.915463 0.010547 0.013555
0 0.583594 0.563041 0.010156 0.015640
0 0.137891 0.811717 0.006641 0.010427
0 0.896875 0.195500 0.009375 0.016943
0 0.128906 0.992620 0.011230 0.013555
0 0.310937 0.746550 0.005273 0.007299
0 0.715625 0.629250 0.010547 0.014597
0 0.279297 0.558870 0.009180 0.013555
0 0.875000 0.607876 0.007031 0.008863
0 0.846875 0.844561 0.010156 0.013033
0 0.317578 0.997353 0.005664 0.005294
0 0.352539 0.951956 0.010156 0.014597
0 0.478125 0.148841 0.011328 0.010948
0 0.824219 0.027631 0.006250 0.010557
0 0.501563 0.144931 0.009766 0.017725
0 0.163867 0.455646 0.008008 0.013033
0 0.881250 0.170216 0.010938 0.016683
0 0.239453 0.959255 0.007812 0.009384
0 0.255078 0.893567 0.006641 0.007820
0 0.845312 0.243984 0.007031 0.008341
0 0.712500 0.601098 0.006641 0.009384
0 0.656250 0.715270 0.007031 0.008863
0 0.368359 0.788257 0.006250 0.008341
0 0.434375 0.982194 0.009766 0.014597
0 0.796484 0.817452 0.011719 0.011991
0 0.464063 0.311497 0.010156 0.013033
0 0.956250 0.954041 0.011719 0.012512
0 0.751563 0.679820 0.005859 0.007299
0 0.510156 0.154315 0.008203 0.013294
0 0.906250 0.746550 0.009375 0.016161
0 0.577344 0.564084 0.009766 0.011991
0 0.882812 0.432707 0.010938 0.011991
0 0.934375 0.719441 0.010156 0.012512
0 0.909375 0.255975 0.005469 0.007559
0 0.794531 0.213747 0.007031 0.007820
0 0.081152 0.258582 0.008350 0.016161
0 0.651953 0.614132 0.007031 0.006777
0 0.417188 0.167609 0.008984 0.016161
0 0.281836 0.908164 0.007031 0.015119
0 0.855469 0.068816 0.012500 0.017595
0 0.987500 0.792428 0.011719 0.011469
0 0.438281 0.637070 0.009375 0.013033
0 0.801563 0.886268 0.010156 0.010948
0 0.081934 0.719441 0.009814 0.015640
0 0.154883 0.239292 0.010840 0.016422
0 0.965625 0.558870 0.011719 0.011991
0 0.011090 0.534889 0.006775 0.008863
0 0.692969 0.544273 0.005859 0.008341
0 0.343359 0.571382 0.007227 0.010948
0 0.214844 0.272658 0.010547 0.012251
0 0.533594 0.182728 0.010547 0.011991
0 0.070215 0.853945 0.010547 0.016683
0 0.783203 0.097229 0.008594 0.005735
0 0.968750 0.761148 0.009375 0.015119
0 0.268750 0.389958 0.007617 0.010427
0 0.440625 0.937359 0.008984 0.008341
0 0.282031 0.888353 0.006250 0.015119
0 0.976562 0.532803 0.010156 0.018768
0 0.864063 0.120950 0.005469 0.006517
0 0.854688 0.253368 0.006250 0.007559
0 0.094336 0.197064 0.008057 0.009123
0 0.241016 0.721526 0.008398 0.011991
0 0.789453 0.528633 0.007812 0.013033
0 0.299219 0.575553 0.008008 0.009384
0 0.505469 0.151708 0.011328 0.012251
0 0.476562 0.990535 0.006641 0.007299
0 0.124414 0.065818 0.006738 0.008602
0 0.787109 0.986364 0.009375 0.013555
0 0.325781 0.272136 0.006641 0.007559
0 0.813281 0.363891 0.007812 0.015640
0 0.090332 0.004366 0.008105 0.008732
0 0.149414 0.932145 0.006055 0.009384
0 0.239844 0.048484 0.008008 0.008211
0 0.731641 0.994485 0.007031 0.011029
0 0.437891 0.665744 0.008594 0.008341
0 0.153125 0.061257 0.006348 0.007429
0 0.498828 0.280217 0.005469 0.007299
0 0.081348 0.466073 0.007275 0.009905
0 0.510938 0.327919 0.011328 0.013815
0 0.826563 0.341474 0.010156 0.014597
0 0.137793 0.076897 0.006836 0.010036
0 0.376563 0.959255 0.008398 0.009384
0 0.191602 0.940487 0.009473 0.014597
0 0.485156 0.604748 0.007422 0.008863
0 0.194629 0.025415 0.004883 0.007820
0 0.786719 0.397257 0.005859 0.007820
0 0.549219 0.652710 0.008984 0.017204
0 0.854688 0.835177 0.007812 0.015119
0 0.149609 0.941530 0.006738 0.008341
0 0.717188 0.697545 0.006641 0.008863
0 0.872656 0.127727 0.010938 0.011730
0 0.688281 0.111566 0.009766 0.015640
0 0.767188 0.820059 0.005859 0.008341
0 0.563672 0.995528 0.007812 0.008944
0 0.727734 0.663137 0.010156 0.013033
0 0.170313 0.580766 0.007129 0.007820
0 0.198828 0.970724 0.005762 0.008341
0 0.121484 0.356853 0.011328 0.013033
0 0.559766 0.963426 0.005469 0.006256
0 0.019287 0.948828 0.007275 0.009384
0 0.814062 0.113912 0.005469 0.007820
0 0.756250 0.061387 0.007422 0.009645
0 0.700781 0.986364 0.007031 0.008341
0 0.645312 0.096056 0.008984 0.009645
0 0.708203 0.492139 0.009375 0.010948
0 0.446484 0.234600 0.008594 0.010687
0 0.064844 0.846647 0.010059 0.013555
0 0.391016 0.990535 0.005664 0.007299
0 0.736719 0.628729 0.007422 0.006777
0 0.935156 0.302113 0.009375 0.014597
0 0.899219 0.631857 0.006250 0.008341
0 0.016431 0.912335 0.006677 0.008341
0 0.489062 0.473371 0.007422 0.007299
0 0.827344 0.117822 0.010937 0.011209
0 0.731250 0.637070 0.009766 0.009384
0 0.588281 0.560956 0.009766 0.014597
0 0.996875 0.371711 0.006250 0.007299
0 0.829687 0.104788 0.007031 0.013033
0 0.523438 0.890439 0.005859 0.006777
0 0.241602 0.694417 0.008984 0.014597
0 0.675781 0.071423 0.007031 0.009514
0 0.878906 0.878969 0.009375 0.018247
0 0.960938 0.318014 0.007031 0.010427
0 0.219141 0.272918 0.011523 0.011991
0 0.186426 0.825272 0.011328 0.013555
0 0.771094 0.090712 0.008984 0.008732
0 0.864844 0.751764 0.010938 0.012512
0 0.782422 0.481713 0.007812 0.007299
0 0.932813 0.612046 0.008594 0.008863
0 0.696875 0.544273 0.007422 0.011469
0 0.578125 0.587022 0.008984 0.016161
0 0.273438 0.896695 0.010742 0.005735
0 0.127148 0.851860 0.010352 0.011991
0 0.274805 0.888353 0.008594 0.014076
0 0.995313 0.316971 0.009375 0.011209
0 0.982031 0.063603 0.010938 0.010557
0 0.398828 0.997874 0.010742 0.004252
0 0.202734 0.940487 0.006836 0.008341
0 0.811719 0.934231 0.009375 0.017725
0 0.769531 0.680862 0.006641 0.007820
0 0.867188 0.746550 0.010156 0.016683
0 0.901563 0.273440 0.011719 0.013555
0 0.477344 0.931103 0.007422 0.008341
0 0.741406 0.535410 0.005469 0.009384
0 0.214063 0.819537 0.006445 0.008863
0 0.524219 0.475457 0.012109 0.011469
0 0.741797 0.694417 0.007812 0.011991
0 0.843750 0.761148 0.009375 0.017204
0 0.257422 0.694417 0.006836 0.007820
0 0.457812 0.707972 0.008203 0.009384
0 0.021875 0.005865 0.009412 0.011730
0 0.740625 0.984279 0.011328 0.013555
0 0.555859 0.612568 0.012500 0.013555
0 0.826563 0.808068 0.012500 0.011469
0 0.920313 0.957170 0.012500 0.009384
0 0.895312 0.571382 0.007812 0.010427
0 0.831250 0.728825 0.007031 0.008863
0 0.817188 0.030498 0.010156 0.010296
0 0.689063 0.105831 0.008984 0.011860
0 0.658203 0.146234 0.010938 0.010948
0 0.433984 0.635506 0.011719 0.012512
0 0.645312 0.089409 0.007422 0.008732
0 0.845312 0.314104 0.007031 0.007299
0 0.976562 0.759063 0.009375 0.012512
0 0.637500 0.756977 0.008203 0.009384
0 0.209766 0.856031 0.010547 0.012512
0 0.323828 0.927975 0.010742 0.011469
0 0.132910 0.555221 0.007031 0.007299
0 0.863281 0.746550 0.010938 0.017725
0 0.692969 0.690246 0.006641 0.007820
0 0.468359 0.690246 0.007812 0.007820
0 0.123438 0.852381 0.010254 0.011469
0 0.807813 0.267444 0.009375 0.010948
0 0.423828 0.881055 0.010156 0.014076
0 0.479688 0.834656 0.006641 0.009384
0 0.181055 0.102703 0.006738 0.009123
0 0.223828 0.596406 0.005664 0.007820
0 0.778125 0.463987 0.009375 0.009905
0 0.785156 0.713706 0.007812 0.010427
0 0.783203 0.773139 0.010156 0.010427
0 0.718359 0.200192 0.007031 0.009645
0 0.801563 0.700673 0.010938 0.017204
0 0.007825 0.924847 0.007764 0.008341
0 0.375781 0.772096 0.007227 0.009384
0 0.432031 0.178557 0.007422 0.007820
0 0.904688 0.271615 0.010156 0.013815
0 0.793750 0.556785 0.006641 0.009384
0 0.994922 0.329744 0.010156 0.013555
0 0.949219 0.238510 0.006250 0.008341
0 0.823438 0.113912 0.008594 0.007820
0 0.292773 0.629772 0.009375 0.013033
0 0.993750 0.755934 0.011719 0.011469
0 0.062988 0.769489 0.008447 0.010948
0 0.240625 0.883140 0.015625 0.016683
0 0.187891 0.090191 0.007129 0.009384
0 0.367578 0.851860 0.006055 0.008863
0 0.826563 0.096968 0.007031 0.008472
0 0.654297 0.101139 0.010156 0.011339
0 0.871094 0.751764 0.010938 0.011991
0 0.744922 0.808068 0.008594 0.008863
0 0.266406 0.194979 0.005664 0.007038
0 0.003436 0.434271 0.006871 0.011469
0 0.173633 0.912335 0.009766 0.010427
0 0.443750 0.614132 0.007812 0.014076
0 0.363281 0.777830 0.006836 0.009384
0 0.344336 0.738209 0.006641 0.008341
0 0.828906 0.337564 0.009375 0.014076
0 0.654297 0.163699 0.006250 0.006517
0 0.760938 0.829443 0.005469 0.006256
0 0.903906 0.636028 0.006250 0.007820
0 0.720313 0.489011 0.006641 0.009384
0 0.172852 0.556785 0.006445 0.007299
0 0.508984 0.148059 0.009375 0.010166
0 0.832813 0.768447 0.007031 0.009905
0 0.081250 0.676692 0.010645 0.011991
0 0.688281 0.116518 0.003516 0.004692
0 0.738281 0.372754 0.007031 0.008341
0 0.038159 0.929017 0.006836 0.010427
0 0.118945 0.967596 0.007520 0.009384
0 0.860937 0.381617 0.004687 0.007820
0 0.498047 0.163699 0.008594 0.012773
0 0.864844 0.740294 0.010938 0.017725
0 0.681250 0.930060 0.007031 0.009384
0 0.708594 0.713706 0.008594 0.012512
0 0.467187 0.097229 0.009766 0.010557
0 0.178223 0.913377 0.009375 0.010427
0 0.113086 0.176732 0.007422 0.009645
0 0.510156 0.644369 0.008984 0.009905
0 0.135937 0.097620 0.007129 0.008602
0 0.510938 0.177254 0.005859 0.007299
0 0.223438 0.063603 0.006250 0.008341
0 0.150391 0.003943 0.007324 0.007885
0 0.874219 0.159528 0.009375 0.015379
0 0.717188 0.841955 0.006641 0.008341
0 0.969531 0.385787 0.007812 0.009905
0 0.769531 0.764797 0.007422 0.006256
0 0.507031 0.682948 0.007031 0.008863
0 0.267773 0.784087 0.007422 0.009384
0 0.910938 0.987407 0.005469 0.008341
0 0.407031 0.023721 0.007031 0.008732
0 0.848438 0.471807 0.005469 0.007299
0 0.845312 0.259103 0.007031 0.009123
0 0.507031 0.158486 0.011328 0.013815
0 0.135645 0.038579 0.005078 0.007299
0 0.013184 0.938401 0.007544 0.009384
0 0.893750 0.244506 0.007031 0.010687
0 0.407031 0.446262 0.007031 0.007820
0 0.686719 0.869585 0.005859 0.010427
0 0.095703 0.536974 0.008643 0.014597
0 0.215625 0.846647 0.007617 0.008863
0 0.807813 0.114694 0.008594 0.009645
0 0.771875 0.073247 0.005859 0.007559
0 0.948438 0.597449 0.005469 0.007299
0 0.062109 0.283084 0.005322 0.006256
0 0.530078 0.465030 0.008594 0.009905
0 0.544531 0.479627 0.006641 0.007820
0 0.312109 0.917548 0.005078 0.006256
0 0.178125 0.802855 0.005371 0.008341
0 0.231641 0.897216 0.010352 0.006256
0 0.428906 0.175429 0.010547 0.009905
0 0.659375 0.106091 0.006250 0.008863
0 0.748438 0.994746 0.007812 0.010508
0 0.693359 0.675649 0.007031 0.009905
0 0.334766 0.935273 0.006836 0.010427
0 0.505469 0.483798 0.007812 0.009384
0 0.718750 0.556785 0.004297 0.005735
0 0.257422 0.896173 0.009180 0.007299
0 0.728906 0.718398 0.007422 0.010948
0 0.797266 0.408205 0.008594 0.011469
0 0.096094 0.542188 0.009570 0.011991
0 0.204688 0.739773 0.005664 0.007299
0 0.425000 0.027631 0.007031 0.009775
0 0.291797 0.839348 0.005469 0.007299
0 0.272070 0.884183 0.009766 0.009905
0 0.080811 0.714228 0.010156 0.014597
0 0.703125 0.543230 0.010156 0.010948
0 0.675781 0.996049 0.007422 0.007901
0 0.768750 0.706929 0.006641 0.006256
0 0.800000 0.763233 0.008203 0.011469
0 0.895313 0.430622 0.007031 0.008341
0 0.950000 0.651668 0.011719 0.013033
0 0.957813 0.294293 0.007031 0.011469
0 0.978125 0.793471 0.007812 0.009905
0 0.881250 0.121992 0.007812 0.016422
0 0.654688 0.418631 0.005469 0.008341
0 0.350391 0.535932 0.007227 0.009905