0 0.369336 0.729868 0.006250 0.010948
0 0.089893 0.721526 0.007910 0.013555
0 0.293359 0.311497 0.007227 0.010427
0 0.578125 0.699630 0.008203 0.008863
0 0.337891 0.405598 0.006836 0.008863
0 0.499219 0.725176 0.008203 0.012512
0 0.692187 0.728825 0.009375 0.011469
0 0.482813 0.679820 0.006641 0.010948
0 0.361719 0.738209 0.009180 0.010948
0 0.400000 0.867500 0.008398 0.013033
0 0.382422 0.782001 0.006445 0.008341
0 0.114941 0.726740 0.006836 0.011469
0 0.314844 0.202799 0.009180 0.010687
0 0.860937 0.835177 0.008594 0.011991
0 0.299609 0.236686 0.007617 0.010687
0 0.424219 0.285170 0.008984 0.010948
0 0.857813 0.285691 0.007031 0.008341
0 0.265234 0.589629 0.009570 0.008341
0 0.285938 0.727782 0.007227 0.009905
0 0.101270 0.730910 0.007275 0.005213
0 0.312500 0.454082 0.008789 0.015640
0 0.333008 0.214268 0.005859 0.007299
0 0.582812 0.201235 0.008203 0.011730
0 0.365625 0.380574 0.008398 0.008863
0 0.313281 0.345123 0.007227 0.012773
0 0.600000 0.430622 0.006641 0.007299
0 0.189453 0.531761 0.009082 0.008863
0 0.307031 0.444177 0.008594 0.015119
0 0.433594 0.681384 0.008594 0.008341
0 0.260156 0.322445 0.004688 0.007299
0 0.358008 0.563562 0.008203 0.008341
0 0.583594 0.672521 0.008984 0.009384
0 0.521094 0.664180 0.009375 0.009905
0 0.204688 0.330526 0.009375 0.007299
0 0.301172 0.570340 0.007422 0.009905
0 0.446875 0.549486 0.007422 0.008863
0 0.408594 0.237207 0.008984 0.008602
0 0.122266 0.096968 0.004980 0.007820
0 0.450000 0.534889 0.007422 0.013033
0 0.279297 0.447826 0.007812 0.008341
0 0.275781 0.242420 0.007227 0.011209
0 0.314844 0.694417 0.006055 0.008863
0 0.486719 0.693374 0.008203 0.011469
0 0.237891 0.397257 0.007227 0.009905
0 0.372266 0.709536 0.007617 0.012512
0 0.325977 0.686076 0.007812 0.011991
0 0.488281 0.664701 0.006641 0.009384
0 0.423047 0.790343 0.009375 0.006777
0 0.516797 0.196022 0.004687 0.008602
0 0.707031 0.860723 0.007422 0.012512
0 0.346484 0.186638 0.007227 0.008863
0 0.656250 0.453039 0.007422 0.011469
0 0.453125 0.677213 0.010156 0.011469
0 0.232031 0.688682 0.006836 0.008341
0 0.528125 0.656360 0.007422 0.007299
0 0.392969 0.370147 0.008008 0.011730
0 0.582812 0.601620 0.008984 0.015119
0 0.339844 0.289080 0.009375 0.009905
0 0.585938 0.685033 0.011328 0.011991
0 0.406641 0.056043 0.007031 0.010818
0 0.284766 0.364152 0.009180 0.008863
0 0.746094 0.322706 0.006641 0.010166
0 0.108203 0.724133 0.006543 0.010427
0 0.251953 0.986364 0.007617 0.011469
0 0.873438 0.660530 0.007031 0.010427
0 0.704688 0.913377 0.005469 0.007299
0 0.163477 0.767404 0.008691 0.014076
0 0.458594 0.913377 0.009766 0.009384
0 0.296875 0.587544 0.003516 0.010427
0 0.271875 0.198628 0.009961 0.014076
0 0.280078 0.524462 0.007422 0.010948
0 0.089258 0.725697 0.008545 0.010948
0 0.470313 0.724654 0.007031 0.008341
0 0.864063 0.654796 0.007031 0.009905
0 0.153418 0.575553 0.010352 0.011469
0 0.697656 0.859159 0.009766 0.011469
0 0.344922 0.352943 0.009570 0.011209
0 0.771875 0.788779 0.005469 0.007299
0 0.670703 0.703801 0.009375 0.013033
0 0.723437 0.229908 0.006641 0.007820
0 0.269531 0.120950 0.007812 0.008602
0 0.269531 0.389958 0.007227 0.009384
0 0.311328 0.312800 0.008789 0.011991
0 0.777344 0.897737 0.008594 0.007820
0 0.315039 0.236164 0.009766 0.014337
0 0.764063 0.725697 0.007422 0.009905
0 0.145313 0.221046 0.005176 0.006256
0 0.594531 0.568776 0.008984 0.014597
0 0.731250 0.853424 0.007812 0.017725
0 0.622656 0.772096 0.007422 0.009384
0 0.276953 0.151969 0.008789 0.009905
0 0.173633 0.330005 0.006543 0.008081
0 0.711719 0.631336 0.006250 0.008341
0 0.850000 0.611004 0.008594 0.011991
0 0.619922 0.178296 0.007812 0.011991
0 0.068066 0.881576 0.006396 0.008341
0 0.078662 0.668872 0.006934 0.009384
0 0.165430 0.077027 0.008887 0.010166
0 0.358594 0.898780 0.008008 0.008863
0 0.119727 0.728825 0.007617 0.009905
0 0.720313 0.764276 0.007812 0.007820
0 0.216992 0.183510 0.010156 0.011469
0 0.246484 0.368062 0.010352 0.011469
0 0.339844 0.104788 0.010156 0.009775
0 0.532813 0.278914 0.010547 0.012512
0 0.788281 0.823708 0.006641 0.010948
0 0.277344 0.395693 0.007227 0.008341
0 0.752344 0.527590 0.007031 0.008863
0 0.353125 0.457210 0.008398 0.008341
0 0.159961 0.802855 0.008301 0.009905
0 0.865625 0.279435 0.007812 0.008341
0 0.630078 0.780959 0.007031 0.009905
0 0.554688 0.276307 0.005859 0.009645
0 0.645703 0.427494 0.008594 0.012512
0 0.282813 0.493182 0.011523 0.014597
0 0.612500 0.622473 0.008203 0.009905
0 0.772266 0.380574 0.008594 0.008863
0 0.494922 0.775224 0.010156 0.014597
0 0.175586 0.831007 0.007910 0.008863
0 0.160352 0.790343 0.007129 0.007820
0 0.391016 0.188723 0.006055 0.007299
0 0.389844 0.530718 0.007227 0.007820
0 0.763281 0.810153 0.008984 0.010948
0 0.673047 0.738209 0.005469 0.007820
0 0.147266 0.414982 0.008594 0.008341
0 0.082666 0.347730 0.007129 0.007820
0 0.624609 0.931103 0.009375 0.012512
0 0.468750 0.800769 0.007812 0.014076
0 0.037451 0.795556 0.007910 0.017725
0 0.457422 0.480670 0.006250 0.008863
0 0.225781 0.444698 0.008008 0.010427
0 0.202734 0.996310 0.007910 0.007380
0 0.653125 0.446262 0.005859 0.010948
0 0.408594 0.730910 0.005078 0.010948
0 0.157910 0.257018 0.009570 0.009384
0 0.423438 0.260667 0.008984 0.010427
0 0.551563 0.679298 0.005859 0.006256
0 0.080859 0.720484 0.008105 0.014597
0 0.655078 0.013164 0.007812 0.008081
0 0.709375 0.897737 0.005078 0.006777
0 0.201562 0.818495 0.011523 0.010948
0 0.434766 0.764276 0.008594 0.007299
0 0.695312 0.880533 0.005859 0.012512
0 0.325391 0.969682 0.009766 0.012512
0 0.443359 0.104267 0.006250 0.007559
0 0.483594 0.712142 0.007422 0.008863
0 0.687891 0.854467 0.007812 0.015640
0 0.510156 0.196282 0.005469 0.007820
0 0.696484 0.577638 0.007031 0.010948
0 0.505469 0.764797 0.007422 0.009384
0 0.022632 0.252326 0.008875 0.010166
0 0.937500 0.760626 0.009375 0.013555
0 0.332813 0.252326 0.011133 0.017204
0 0.455469 0.228084 0.006641 0.011991
0 0.528125 0.861765 0.006250 0.011469
0 0.730469 0.382659 0.006641 0.008863
0 0.374219 0.705886 0.006641 0.010427
0 0.352344 0.365195 0.007812 0.007820
0 0.279102 0.164220 0.008203 0.009645
0 0.270508 0.285952 0.008594 0.013555
0 0.122656 0.160310 0.010547 0.010427
0 0.120312 0.811196 0.007617 0.012512
0 0.526953 0.238771 0.007812 0.007299
0 0.288672 0.529676 0.007227 0.008863
0 0.352734 0.060084 0.007812 0.009905
0 0.434375 0.768968 0.010547 0.009384
0 0.362500 0.294554 0.008008 0.016161
0 0.959375 0.420195 0.007031 0.006777
0 0.247656 0.354247 0.008008 0.011469
0 0.189648 0.925889 0.010840 0.014597
0 0.843750 0.046659 0.007031 0.006126
0 0.414453 0.276828 0.007812 0.012251
0 0.279492 0.388915 0.008203 0.008341
0 0.914062 0.839348 0.008594 0.008341
0 0.907812 0.323748 0.007031 0.007559
0 0.357422 0.986364 0.008398 0.011469
0 0.003040 0.706408 0.005792 0.008341
0 0.688281 0.742380 0.008594 0.009905
0 0.464063 0.902951 0.008984 0.009384
0 0.954687 0.612046 0.008594 0.010948
0 0.262891 0.455646 0.007227 0.011469
0 0.876562 0.537495 0.009375 0.010427
0 0.425781 0.248676 0.008984 0.012251
0 0.505469 0.971767 0.007422 0.009384
0 0.492969 0.703280 0.006250 0.008341
0 0.551562 0.258321 0.009375 0.013033
0 0.078809 0.118864 0.009863 0.011209
0 0.693750 0.578681 0.007812 0.010948
0 0.671875 0.260146 0.009766 0.014337
0 0.615625 0.661573 0.009766 0.012512
0 0.845312 0.034929 0.008594 0.011469
0 0.221094 0.483798 0.008594 0.011469
0 0.414844 0.307066 0.007812 0.007820
0 0.622656 0.776788 0.007031 0.010948
0 0.271484 0.517164 0.011133 0.013033
0 0.759375 0.736124 0.004297 0.011469
0 0.314453 0.905036 0.006055 0.007299
0 0.305664 0.381617 0.008203 0.009384
0 0.073047 0.740294 0.005957 0.010948
0 0.442187 0.523419 0.010547 0.009384
0 0.464063 0.085499 0.008984 0.011730
0 0.300586 0.462423 0.010938 0.011469
0 0.130859 0.279174 0.006934 0.008341
0 0.342773 0.465030 0.008984 0.009905
0 0.250000 0.142585 0.008203 0.011991
0 0.555078 0.270572 0.006250 0.013294
0 0.547656 0.284909 0.009375 0.009905
0 0.719141 0.576074 0.007031 0.013555
0 0.378125 0.331569 0.008398 0.006517
0 0.482031 0.197064 0.009375 0.014858
0 0.368750 0.248155 0.007227 0.008081
0 0.662500 0.374318 0.010156 0.014597
0 0.692578 0.714228 0.007812 0.011991
0 0.725391 0.751764 0.009375 0.011991
0 0.530078 0.014076 0.007031 0.010036
0 0.457031 0.578681 0.007031 0.010427
0 0.126367 0.704844 0.006738 0.007820
0 0.299219 0.961340 0.011133 0.011469
0 0.646094 0.318535 0.008984 0.013555
0 0.840625 0.473371 0.008594 0.006777
0 0.973438 0.834135 0.007031 0.011469
0 0.486719 0.613610 0.006641 0.009384
0 0.008679 0.330005 0.006219 0.007038
0 0.488281 0.540102 0.007422 0.010427
0 0.620703 0.869585 0.005469 0.009384
0 0.982813 0.399863 0.009375 0.010427
0 0.983594 0.736645 0.009375 0.011469
0 0.325391 0.202278 0.009570 0.015119
0 0.127246 0.093579 0.011133 0.011469
0 0.307031 0.193415 0.008203 0.010948
0 0.298828 0.697545 0.009180 0.010948
0 0.336523 0.143367 0.007031 0.010166
0 0.571875 0.221046 0.006641 0.007820
0 0.052588 0.269269 0.007300 0.008863
0 0.748438 0.146495 0.007422 0.008602
0 0.505469 0.768447 0.008203 0.010948
0 0.432422 0.179860 0.006250 0.007820
0 0.164160 0.485362 0.007812 0.011469
0 0.354492 0.484841 0.007031 0.011469
0 0.070557 0.746029 0.005469 0.011469
0 0.295117 0.927975 0.010547 0.013555
0 0.140430 0.247112 0.006836 0.004431
0 0.250781 0.431665 0.007031 0.007820
0 0.242188 0.447826 0.008008 0.008341
0 0.274609 0.237207 0.007227 0.008081
0 0.828125 0.556785 0.007812 0.009384
0 0.141992 0.118343 0.009766 0.009645
0 0.345703 0.396214 0.008789 0.005735
0 0.984375 0.938401 0.008594 0.008341
0 0.233984 0.437399 0.007812 0.009384
0 0.362891 0.144931 0.008789 0.011209
0 0.758594 0.720484 0.008984 0.014076
0 0.414844 0.778873 0.008984 0.008863
0 0.382422 0.902951 0.008789 0.013033
0 0.423438 0.143367 0.007812 0.011209
0 0.581641 0.837784 0.010938 0.013555
0 0.835156 0.272658 0.010937 0.010687
0 0.457031 0.387873 0.007812 0.009905
0 0.242188 0.070380 0.005469 0.008993
0 0.389453 0.267444 0.010352 0.011209
0 0.046313 0.221567 0.003955 0.007299
0 0.417969 0.790343 0.010547 0.007820
0 0.645312 0.162656 0.006641 0.007038
0 0.472656 0.614132 0.006250 0.005213
0 0.358203 0.797641 0.004883 0.006777
0 0.271484 0.229387 0.009375 0.012773
0 0.414844 0.828921 0.009766 0.011991
0 0.914062 0.677734 0.007812 0.010427
0 0.608594 0.813281 0.009375 0.007820
0 0.278516 0.376403 0.010937 0.013555
0 0.693750 0.753328 0.007422 0.012512
0 0.631641 0.455646 0.008594 0.007820
0 0.767969 0.798684 0.005859 0.008863
0 0.422266 0.300810 0.008594 0.012251
0 0.351562 0.075593 0.010742 0.011991
0 0.532031 0.679820 0.008594 0.014076
0 0.706250 0.681905 0.008203 0.008863
0 0.269727 0.182467 0.007031 0.010166
0 0.304688 0.477021 0.009961 0.014597
0 0.750000 0.868543 0.009766 0.010427
0 0.524219 0.291165 0.012109 0.015119
0 0.473437 0.556264 0.006250 0.007299
0 0.707812 0.618824 0.007422 0.012512
0 0.162500 0.162135 0.008301 0.011209
0 0.369531 0.343820 0.008203 0.016161
0 0.706641 0.112087 0.007031 0.011469
0 0.114258 0.483798 0.010254 0.011991
0 0.633594 0.642284 0.010937 0.010948
0 0.669531 0.720484 0.008984 0.014076
0 0.579297 0.841955 0.010156 0.011469
0 0.024353 0.460859 0.007104 0.011991
0 0.264453 0.164742 0.009961 0.008863
0 0.626953 0.296639 0.009375 0.009645
0 0.754297 0.901908 0.010938 0.010948
0 0.388672 0.382659 0.007227 0.007820
0 0.678125 0.880012 0.009766 0.010427
0 0.136328 0.704844 0.007715 0.008863
0 0.168359 0.787215 0.008887 0.010948
0 0.420313 0.688161 0.008203 0.009905
0 0.907812 0.604226 0.005469 0.008341
0 0.247266 0.036754 0.008203 0.009254
0 0.101855 0.724133 0.005713 0.010427
0 0.272266 0.902951 0.009961 0.009905
0 0.501953 0.456689 0.009375 0.007820
0 0.346875 0.995267 0.008398 0.009465
0 0.638281 0.753849 0.008984 0.008863
0 0.241797 0.355811 0.006836 0.011469
0 0.315625 0.423323 0.009180 0.011469
0 0.453906 0.396214 0.005859 0.007820
0 0.840625 0.851860 0.010938 0.010948
0 0.164844 0.481713 0.005566 0.008863
0 0.235938 0.495267 0.006836 0.007299
0 0.992188 0.461902 0.008594 0.011991
0 0.669922 0.661052 0.008594 0.010948
0 0.257422 0.390479 0.009375 0.010427
0 0.501172 0.195761 0.006250 0.007299
0 0.674219 0.096707 0.007422 0.007168
0 0.214844 0.068555 0.008789 0.009645
0 0.319922 0.593800 0.009180 0.009384
0 0.319531 0.161614 0.007617 0.012251
0 0.607031 0.450433 0.008594 0.016161
0 0.904688 0.335218 0.009375 0.009905
0 0.241406 0.324270 0.005664 0.008602
0 0.017065 0.479106 0.008191 0.013555
0 0.394922 0.346948 0.007812 0.008863
0 0.350195 0.279435 0.007812 0.013815
0 0.193848 0.353465 0.007617 0.011209
0 0.217969 0.302895 0.008594 0.011730
0 0.288281 0.322706 0.009570 0.013294
0 0.766406 0.470243 0.004297 0.008341
0 0.192578 0.272136 0.005762 0.007299
0 0.857813 0.692853 0.009375 0.010427
0 0.333984 0.529675 0.009766 0.007820
0 0.009338 0.915463 0.009247 0.009384
0 0.427344 0.530718 0.008203 0.006777
0 0.477344 0.075984 0.008984 0.010427
0 0.365820 0.395171 0.008594 0.008341
0 0.538281 0.513514 0.010547 0.012512
0 0.167871 0.827879 0.008008 0.008863
0 0.728516 0.765840 0.007031 0.010427
0 0.664844 0.461902 0.009766 0.013555
0 0.334180 0.957170 0.007031 0.009384
0 0.763672 0.863329 0.009375 0.011991
0 0.782031 0.871149 0.008203 0.007299
0 0.701563 0.355029 0.005078 0.006517
0 0.942187 0.770532 0.007812 0.008863
0 0.772656 0.469201 0.009375 0.009384
0 0.829688 0.710578 0.007812 0.010427
0 0.772656 0.199150 0.008984 0.008081
0 0.551953 0.716313 0.010938 0.008341
0 0.753906 0.718920 0.010156 0.011469
0 0.526563 0.629772 0.008984 0.010948
0 0.932813 0.357375 0.007031 0.009905
0 0.739062 0.327919 0.010156 0.009123
0 0.989063 0.816409 0.009375 0.010948
0 0.415234 0.435314 0.007812 0.008341
0 0.401563 0.277610 0.008203 0.009905
0 0.493750 0.526547 0.009375 0.010948
0 0.350195 0.510386 0.010937 0.012512
0 0.973438 0.630814 0.004687 0.007299
0 0.646484 0.446262 0.010156 0.013033
0 0.059180 0.279956 0.007568 0.007559
0 0.202539 0.670957 0.009277 0.009384
0 0.471094 0.180903 0.008594 0.008081
0 0.277344 0.112087 0.009570 0.008863
0 0.814062 0.460338 0.008594 0.011469
0 0.639844 0.946743 0.007422 0.008341
0 0.167969 0.782001 0.008496 0.007820
0 0.908594 0.384223 0.009375 0.011469
0 0.611719 0.782001 0.006641 0.008863
0 0.963281 0.833092 0.009375 0.011469
0 0.671094 0.802333 0.009375 0.010427
0 0.179883 0.555742 0.007227 0.010948
0 0.421875 0.335479 0.008594 0.009905
0 0.287891 0.619345 0.008008 0.011991
0 0.374609 0.109741 0.009961 0.011991
0 0.309375 0.052785 0.004492 0.012773
0 0.247266 0.459817 0.006641 0.009384
0 0.708594 0.658966 0.009766 0.015119
0 0.546094 0.670436 0.007812 0.008341
0 0.635156 0.751764 0.012891 0.011991
0 0.065918 0.135026 0.005225 0.008863
0 0.831250 0.250762 0.007812 0.015379
0 0.403906 0.438963 0.005859 0.006777
0 0.212500 0.463987 0.007617 0.012512
0 0.758594 0.651668 0.009766 0.008863
0 0.481250 0.654796 0.007031 0.011469
0 0.725781 0.322706 0.006641 0.007820
0 0.369531 0.735081 0.007031 0.014076
0 0.214844 0.287776 0.009375 0.010166
0 0.170313 0.739252 0.008496 0.011469
0 0.004861 0.497353 0.006903 0.007820
0 0.316797 0.687118 0.006250 0.007820
0 0.441406 0.188202 0.004687 0.005474
0 0.357422 0.456167 0.007617 0.008341
0 0.361914 0.552614 0.008203 0.009905
0 0.859375 0.859159 0.008594 0.010948
0 0.356641 0.180382 0.007227 0.009384
0 0.376758 0.406641 0.008984 0.008863
0 0.031909 0.880533 0.008301 0.009384
0 0.165332 0.090191 0.008398 0.009775
0 0.881250 0.771574 0.010156 0.009905
0 0.166797 0.950913 0.009082 0.010427
0 0.951563 0.409769 0.008594 0.012512
0 0.452734 0.222610 0.006250 0.010166
0 0.458203 0.690246 0.007812 0.008863
0 0.784375 0.824229 0.010547 0.010427
0 0.458594 0.492661 0.010938 0.011469
0 0.120996 0.343559 0.008398 0.010427
0 0.637109 0.849253 0.007031 0.009384
0 0.102539 0.462945 0.007178 0.006256
0 0.619531 0.820580 0.009375 0.010948
0 0.044043 0.557306 0.008569 0.010427
0 0.019751 0.323227 0.007617 0.009123
0 0.300000 0.387873 0.008203 0.013033
0 0.169727 0.412897 0.007129 0.008341
0 0.332227 0.301592 0.008203 0.009384
0 0.623437 0.854988 0.005859 0.005735
0 0.704688 0.139196 0.007031 0.008602
0 0.947656 0.664701 0.007812 0.007299
0 0.704688 0.843519 0.009766 0.009384
0 0.215430 0.655317 0.006250 0.007299
0 0.323828 0.605269 0.006836 0.006256
0 0.302344 0.586501 0.009961 0.010427
0 0.274609 0.586501 0.008984 0.012512
0 0.759766 0.789821 0.007812 0.007299
0 0.326953 0.228084 0.005664 0.007299
0 0.215625 0.258582 0.011523 0.013033
0 0.080273 0.727261 0.008252 0.009384
0 0.678125 0.836220 0.010156 0.008863
0 0.289453 0.286212 0.008594 0.009123
0 0.800000 0.994225 0.007422 0.011550
0 0.757031 0.345384 0.006250 0.007820
0 0.213281 0.373275 0.007617 0.008863
0 0.328125 0.495267 0.011133 0.013033
0 0.296094 0.736124 0.008789 0.010427
0 0.392969 0.362327 0.008398 0.012512
0 0.292188 0.587022 0.008203 0.009905
0 0.797656 0.789300 0.008203 0.008341
0 0.565625 0.301852 0.009766 0.016943
0 0.714844 0.600577 0.009766 0.013033
0 0.326758 0.126424 0.009375 0.009905
0 0.844531 0.632900 0.007812 0.009905
0 0.475781 0.712142 0.007031 0.013555
0 0.109180 0.251283 0.008887 0.009384
0 0.288477 0.606833 0.008594 0.009384
0 0.126758 0.826836 0.011328 0.013033
0 0.372266 0.421238 0.008398 0.011991
0 0.642188 0.744465 0.010156 0.010948
0 0.482422 0.527069 0.007812 0.012512
0 0.786328 0.814324 0.006250 0.009384
0 0.381055 0.688682 0.007812 0.012512
0 0.759766 0.880012 0.009375 0.009905
0 0.463281 0.731953 0.007422 0.008341
0 0.524219 0.509343 0.011328 0.012512
0 0.033838 0.842476 0.010059 0.011469
0 0.613281 0.316450 0.009766 0.016943
0 0.652344 0.847689 0.005078 0.007820
0 0.266797 0.287516 0.008203 0.015640
0 0.395703 0.530718 0.006641 0.007299
0 0.124707 0.386309 0.008203 0.011469
0 0.485938 0.836220 0.009766 0.011469
0 0.590234 0.813281 0.007812 0.006777
0 0.311914 0.571904 0.008203 0.010427
0 0.245313 0.602141 0.008398 0.012512
0 0.038501 0.266923 0.009326 0.014076
0 0.355469 0.531240 0.005859 0.007299
0 0.196680 0.144670 0.008203 0.009384
0 0.630078 0.027631 0.005469 0.006517
0 0.181445 0.311758 0.008496 0.014337
0 0.870313 0.893567 0.008594 0.013033
0 0.800781 0.706929 0.007422 0.010948
0 0.303125 0.521856 0.007422 0.004171
0 0.237891 0.611004 0.006836 0.010427
0 0.750781 0.453561 0.008984 0.017204
0 0.676563 0.638634 0.007812 0.006256
0 0.394922 0.845604 0.007617 0.010427
0 0.346875 0.487447 0.006641 0.008341
0 0.347461 0.145974 0.008203 0.009123
0 0.765625 0.399863 0.009766 0.011469
0 0.399219 0.296378 0.006055 0.007299
0 0.878125 0.951956 0.009375 0.012512
0 0.407813 0.122253 0.009766 0.010427
0 0.288672 0.962383 0.010352 0.014597
0 0.895313 0.872713 0.008594 0.008863
0 0.889063 0.389958 0.007812 0.007820
0 0.746875 0.491097 0.008984 0.009905
0 0.561719 0.277089 0.009375 0.010427
0 0.219922 0.735602 0.008398 0.008341
0 0.233008 0.996571 0.007031 0.006858
0 0.262500 0.245548 0.008594 0.012512
0 0.592188 0.265620 0.007422 0.009384
0 0.151367 0.089409 0.006348 0.007168
0 0.103320 0.454082 0.006738 0.008341
0 0.851562 0.593800 0.008594 0.015640
0 0.700000 0.364934 0.007812 0.010166
0 0.696094 0.932145 0.007812 0.006256
0 0.320312 0.703801 0.006836 0.012512
0 0.633984 0.312279 0.007031 0.011469
0 0.244336 0.520292 0.007422 0.009905
0 0.127051 0.724654 0.005078 0.010948
0 0.721875 0.845604 0.009766 0.016161
0 0.582422 0.289340 0.007031 0.009645
0 0.738281 0.735081 0.007812 0.014597
0 0.369336 0.721526 0.007031 0.014076
0 0.097754 0.501523 0.008154 0.010948
0 0.459375 0.068686 0.009375 0.014076
0 0.965625 0.820580 0.008594 0.010948
0 0.689063 0.831007 0.007031 0.008863
0 0.593750 0.238250 0.007422 0.009123
0 0.867188 0.755934 0.007031 0.006777
0 0.163281 0.543752 0.011328 0.009384
0 0.289648 0.946743 0.007812 0.009384
0 0.696094 0.957170 0.007812 0.008341
0 0.031104 0.323748 0.007812 0.011469
0 0.070312 0.727782 0.005908 0.013555
0 0.267578 0.321663 0.005664 0.009905
0 0.577344 0.858637 0.009766 0.009384
0 0.245898 0.889396 0.007422 0.007299
0 0.746484 0.865415 0.007031 0.009384
0 0.232031 0.421759 0.008398 0.012512
0 0.127734 0.295075 0.005566 0.007038
0 0.226758 0.309672 0.009375 0.010427
0 0.079883 0.595364 0.012305 0.012512
0 0.197363 0.569297 0.009180 0.008341
0 0.746094 0.684512 0.008984 0.010427
0 0.596484 0.201756 0.010156 0.011730
0 0.208203 0.381095 0.010352 0.009384
0 0.482031 0.178036 0.010547 0.017204
0 0.176172 0.425409 0.009082 0.011991
0 0.316016 0.052785 0.004883 0.010687
0 0.653906 0.055913 0.005078 0.008081
0 0.845312 0.053828 0.007031 0.006517
0 0.212695 0.770532 0.007812 0.011469
0 0.369531 0.317753 0.007422 0.013555
0 0.212109 0.825272 0.007227 0.011469
0 0.213281 0.456689 0.007617 0.009384
0 0.911719 0.581809 0.009375 0.007299
0 0.655469 0.794513 0.006641 0.008863
0 0.701953 0.898259 0.006250 0.009384
0 0.159180 0.490054 0.006836 0.009905
0 0.652344 0.292990 0.009766 0.011209
0 0.971875 0.888353 0.008594 0.013033
0 0.322266 0.453039 0.008398 0.010427
0 0.909375 0.341995 0.010156 0.009645
0 0.329688 0.892524 0.007617 0.009905
0 0.640625 0.305502 0.008594 0.009123
0 0.697266 0.606833 0.008594 0.009384
0 0.300781 0.894609 0.006836 0.010948
0 0.625000 0.487969 0.008203 0.014076
0 0.377930 0.422281 0.008594 0.013033
0 0.845312 0.196804 0.005469 0.006256
0 0.002390 0.077418 0.004779 0.007950
0 0.359766 0.081328 0.007617 0.008993
0 0.397461 0.022287 0.006641 0.007038
0 0.563672 0.520292 0.007812 0.015640
0 0.664062 0.621430 0.008203 0.009905
0 0.004105 0.546358 0.007208 0.009905
0 0.566406 0.594321 0.012109 0.010948
0 0.344531 0.584937 0.008008 0.013033
0 0.971875 0.844561 0.007812 0.008863
0 0.794141 0.615174 0.007031 0.009905
0 0.733594 0.114172 0.007812 0.006517
0 0.326367 0.197325 0.008594 0.010948
0 0.374609 0.154836 0.007031 0.015119
0 0.780469 0.780437 0.006641 0.007299
0 0.573828 0.021635 0.005469 0.007690
0 0.846875 0.338346 0.008594 0.008341
0 0.334375 0.473893 0.008594 0.008341
0 0.218750 0.781480 0.008398 0.010427
0 0.344531 0.595364 0.006445 0.008863
0 0.627344 0.276307 0.010547 0.015640
0 0.257422 0.121992 0.007227 0.010166
0 0.617188 0.201756 0.010156 0.009645
0 0.377734 0.692332 0.008008 0.011469
0 0.238086 0.479627 0.007422 0.011991
0 0.294922 0.363109 0.007422 0.005735
0 0.987500 0.736124 0.010156 0.011991
0 0.439844 0.996571 0.008203 0.006858
0 0.809375 0.709536 0.006250 0.011469
0 0.469141 0.079373 0.008594 0.014597
0 0.601953 0.034147 0.010937 0.012382
0 0.166309 0.348251 0.006641 0.007038
0 0.414844 0.352943 0.009766 0.011209
0 0.661719 0.871671 0.006641 0.009384
0 0.828125 0.511950 0.008594 0.008863
0 0.143359 0.930060 0.006348 0.007299
0 0.664844 0.284648 0.010547 0.012773
0 0.207422 0.177254 0.006836 0.011730
0 0.499609 0.933188 0.007031 0.008341
0 0.643750 0.284648 0.008203 0.012251
0 0.150000 0.941529 0.009180 0.010427
0 0.904688 0.372233 0.007031 0.009905
0 0.394141 0.286734 0.006836 0.010948
0 0.353906 0.914420 0.006055 0.008341
0 0.769922 0.885225 0.008594 0.010948
0 0.253320 0.456167 0.005469 0.011469
0 0.480469 0.571382 0.007422 0.010427
0 0.764844 0.835699 0.007422 0.008341
0 0.244531 0.729346 0.007031 0.007299
0 0.084863 0.580766 0.006299 0.005735
0 0.413281 0.431665 0.008984 0.009384
0 0.500781 0.139196 0.009375 0.013033
0 0.664844 0.093058 0.005859 0.010557
0 0.120703 0.105831 0.007324 0.007299
0 0.709766 0.187680 0.008594 0.011469
0 0.232031 0.292990 0.010937 0.010687
0 0.816406 0.860723 0.010938 0.010427
0 0.142285 0.034147 0.009570 0.010557
0 0.361719 0.485883 0.006445 0.009905
0 0.677344 0.317232 0.010547 0.015640
0 0.322656 0.010166 0.009180 0.010818
0 0.539844 0.426451 0.010547 0.013555
0 0.272656 0.456689 0.007617 0.007820
0 0.714063 0.740294 0.010547 0.016161
0 0.845312 0.259624 0.007031 0.009645
0 0.475781 0.721526 0.007422 0.010948
0 0.317578 0.297682 0.006055 0.008081
0 0.294141 0.455646 0.010742 0.008341
0 0.403125 0.313843 0.005469 0.005735
0 0.487500 0.728304 0.008203 0.015640
0 0.823438 0.701716 0.007031 0.011469
0 0.726562 0.601098 0.009766 0.012512
0 0.546094 0.495789 0.008984 0.014597
0 0.625000 0.627686 0.007812 0.011469
0 0.799219 0.625601 0.008984 0.011991
0 0.188574 0.940487 0.008594 0.009384
0 0.488281 0.765319 0.007422 0.006777
0 0.946875 0.789300 0.007812 0.006777
0 0.176758 0.485883 0.008887 0.014076
0 0.076660 0.029977 0.007666 0.008993
0 0.478125 0.747593 0.007031 0.007299
0 0.684375 0.203060 0.008203 0.016683
0 0.959375 0.976980 0.010156 0.010427
0 0.506641 0.651668 0.010937 0.010948
0 0.482422 0.631857 0.007031 0.008341
0 0.160742 0.671478 0.005566 0.007820
0 0.539844 0.805983 0.007031 0.006777
0 0.318750 0.011730 0.008594 0.011339
0 0.618750 0.422281 0.010938 0.009384
0 0.971875 0.921719 0.008594 0.009384
0 0.844531 0.303416 0.007812 0.018507
0 0.152148 0.587022 0.007715 0.009905
0 0.970312 0.474414 0.008594 0.013555
0 0.028516 0.362327 0.006836 0.008081
0 0.496875 0.024242 0.007031 0.008472
0 0.264648 0.503609 0.010937 0.010948
0 0.383203 0.520292 0.006445 0.008863
0 0.557813 0.270051 0.008984 0.011991
0 0.121094 0.229387 0.005273 0.007038
0 0.483594 0.847168 0.008984 0.008341
0 0.310547 0.596406 0.007227 0.007299
0 0.482813 0.602141 0.008984 0.011469
0 0.296875 0.249458 0.009961 0.011991
0 0.701563 0.923804 0.008984 0.009384
0 0.005341 0.660009 0.008606 0.008863
0 0.479688 0.502566 0.007812 0.010948
0 0.159570 0.558349 0.009473 0.011469
0 0.227734 0.936316 0.008398 0.011469
0 0.512109 0.823187 0.007812 0.009384
0 0.300977 0.676692 0.009375 0.011469
0 0.234180 0.936316 0.008594 0.009384
0 0.639844 0.837263 0.006641 0.008863
0 0.756250 0.736645 0.007422 0.011469
0 0.413281 0.745508 0.010156 0.015119
0 0.494141 0.522377 0.008594 0.008863
0 0.269727 0.889396 0.007422 0.007820
0 0.097852 0.498395 0.007178 0.007299
0 0.344531 0.570340 0.008789 0.009905
0 0.138672 0.251544 0.007910 0.009384
0 0.707812 0.220003 0.008203 0.010948
0 0.382422 0.186638 0.010156 0.014076
0 0.785156 0.571382 0.005078 0.007299
0 0.231641 0.909207 0.009180 0.011469
0 0.744531 0.896173 0.010547 0.013555
0 0.616406 0.609961 0.010547 0.013033
0 0.256836 0.693374 0.008984 0.011991
0 0.521094 0.020853 0.006641 0.006517
0 0.288281 0.282042 0.007227 0.008863
0 0.062402 0.535932 0.008398 0.009905
0 0.486719 0.580766 0.008203 0.008863
0 0.446875 0.251544 0.012109 0.014076
0 0.378125 0.490054 0.005078 0.006777
0 0.292969 0.310454 0.005078 0.005213
0 0.854688 0.622994 0.009375 0.012512
0 0.632812 0.656881 0.008594 0.007299
0 0.426562 0.795556 0.008984 0.010948
0 0.979688 0.246852 0.006250 0.007820
0 0.744531 0.620388 0.006641 0.009905
0 0.116211 0.763754 0.007227 0.008341
0 0.273242 0.220524 0.007422 0.009645
0 0.095947 0.463987 0.008301 0.007820
0 0.939062 0.612046 0.008594 0.008863
0 0.095703 0.306023 0.006543 0.006256
0 0.464063 0.685033 0.005859 0.011469
0 0.400781 0.321142 0.007617 0.009905
0 0.887500 0.308630 0.008594 0.011991
0 0.633594 0.664180 0.007812 0.010427
0 0.501563 0.540102 0.007422 0.011469
0 0.146582 0.103745 0.006250 0.007820
0 0.509375 0.255454 0.005859 0.007299
0 0.892187 0.295596 0.006250 0.009123
0 0.519922 0.703801 0.007812 0.010948
0 0.002281 0.772096 0.004562 0.013555
0 0.717969 0.277871 0.007422 0.010166
0 0.270703 0.279435 0.008789 0.010687
0 0.535547 0.271094 0.010156 0.007820
0 0.099316 0.731953 0.006592 0.008863
0 0.420313 0.680862 0.007422 0.005735
0 0.526563 0.269008 0.008594 0.011209
0 0.620313 0.918591 0.011328 0.012512
0 0.723437 0.590150 0.007422 0.007820
0 0.983594 0.409769 0.010937 0.009905
0 0.845312 0.702758 0.008594 0.010427
0 0.293359 0.565126 0.006641 0.008863
0 0.265430 0.655838 0.008984 0.005213
0 0.319531 0.186116 0.007812 0.012251
0 0.339062 0.394129 0.008789 0.012512
0 0.605469 0.802855 0.009766 0.010948
0 0.289844 0.364413 0.010352 0.011730
0 0.300977 0.713185 0.008203 0.010427
0 0.529687 0.617260 0.009766 0.011469
0 0.676562 0.644369 0.008203 0.010948
0 0.946875 0.995267 0.007031 0.009465
0 0.720313 0.262752 0.010938 0.010687
0 0.853125 0.687118 0.009375 0.014076
0 0.272656 0.307066 0.006445 0.009123
0 0.159766 0.967596 0.010449 0.011469
0 0.159570 0.691810 0.009668 0.013555
0 0.163965 0.836741 0.007422 0.008341
0 0.983594 0.796599 0.009375 0.008863
0 0.472266 0.746029 0.007812 0.010427
0 0.657813 0.646976 0.006641 0.009384
0 0.323438 0.612046 0.006250 0.009905
0 0.529687 0.434793 0.005859 0.009384
0 0.129492 0.423323 0.006445 0.006777
0 0.632031 0.866457 0.011328 0.009905
0 0.568359 0.597449 0.011719 0.011469
0 0.111914 0.164220 0.008984 0.010687
0 0.865625 0.931103 0.005469 0.006256
0 0.164258 0.644369 0.005664 0.008341
0 0.778125 0.823708 0.006250 0.010427
0 0.796094 0.947785 0.010547 0.010427
0 0.070605 0.054219 0.009717 0.012251
0 0.014832 0.871149 0.007251 0.009384
0 0.333789 0.524462 0.010547 0.008341
0 0.277734 0.139196 0.006055 0.008602
0 0.537500 0.499959 0.008984 0.015640
0 0.602344 0.228866 0.009375 0.010687
0 0.850781 0.860201 0.007812 0.011991
0 0.826563 0.313322 0.010156 0.012773
0 0.300781 0.654796 0.008789 0.008863
0 0.648438 0.784608 0.010938 0.010427
0 0.644531 0.450433 0.010547 0.014076
0 0.270703 0.683990 0.009180 0.011469
0 0.638281 0.294032 0.008984 0.010687
0 0.428516 0.068816 0.006250 0.011209
0 0.551562 0.426451 0.011328 0.015119
0 0.132422 0.693374 0.010254 0.012512
0 0.445312 0.226259 0.007422 0.010427
0 0.226562 0.487447 0.008008 0.008341
0 0.637109 0.790343 0.007031 0.009384
0 0.966406 0.515078 0.009375 0.007820
0 0.349219 0.722569 0.005859 0.009384
0 0.242969 0.422281 0.006445 0.008863
0 0.821875 0.871671 0.006250 0.006777
0 0.582812 0.348251 0.009375 0.010166
0 0.487109 0.712142 0.008594 0.011991
0 0.820312 0.279956 0.008594 0.008602
0 0.199805 0.488490 0.008105 0.013555
0 0.354297 0.898259 0.007227 0.009384
0 0.354688 0.310715 0.006445 0.012512
0 0.574609 0.822665 0.008594 0.013033
0 0.703125 0.830485 0.007031 0.008341
0 0.756250 0.824751 0.011719 0.013033
0 0.606641 0.422802 0.008594 0.010427
0 0.675781 0.697545 0.006641 0.008863
0 0.463281 0.478063 0.007031 0.010427
0 0.696875 0.884183 0.008203 0.011991
0 0.853906 0.362327 0.007812 0.009384
0 0.176270 0.623516 0.007227 0.008863
0 0.339063 0.657402 0.007031 0.009384
0 0.389063 0.027240 0.008398 0.011209
0 0.433594 0.034929 0.010547 0.013685
0 0.056641 0.594321 0.007275 0.009384
0 0.614844 0.483798 0.009766 0.010948
0 0.018054 0.110523 0.007544 0.011209
0 0.232422 0.669914 0.008594 0.009384
0 0.853906 0.046399 0.004687 0.006386
0 0.400781 0.295075 0.006836 0.007038
0 0.570312 0.905036 0.005859 0.008863
0 0.263281 0.881055 0.007422 0.007820
0 0.506250 0.826836 0.008203 0.010427
0 0.533594 0.186638 0.010547 0.012773
0 0.232812 0.326355 0.007422 0.010427
0 0.843750 0.657402 0.007812 0.009384
0 0.845312 0.560956 0.008594 0.011991
0 0.398828 0.222088 0.005469 0.006517
0 0.070166 0.796077 0.010352 0.010427
0 0.722266 0.523419 0.006250 0.006777
0 0.004321 0.287776 0.006909 0.007038
0 0.360938 0.344863 0.006055 0.011991
0 0.949219 0.670436 0.007812 0.007820
0 0.564453 0.766883 0.010938 0.013555
0 0.130664 0.814845 0.006836 0.009384
0 0.100391 0.129812 0.007617 0.010948
0 0.275000 0.755934 0.007617 0.007820
0 0.677344 0.815367 0.009766 0.007820
0 0.767578 0.664180 0.007812 0.007820
0 0.753906 0.651668 0.008984 0.011991
0 0.733984 0.946743 0.013281 0.012512
0 0.260352 0.401949 0.009766 0.010427
0 0.425781 0.193415 0.007422 0.009905
0 0.087793 0.031280 0.006689 0.009384
0 0.029614 0.454603 0.007471 0.005735
0 0.638281 0.898780 0.007422 0.007820
0 0.800781 0.949871 0.010547 0.012512
0 0.361328 0.310715 0.005664 0.011991
0 0.665625 0.484841 0.009375 0.009905
0 0.791406 0.563041 0.006641 0.006777
0 0.633594 0.973852 0.007422 0.009384
0 0.738281 0.581809 0.008203 0.010948
0 0.317188 0.663137 0.005859 0.007299
0 0.520312 0.028282 0.008203 0.011730
0 0.739453 0.935273 0.011719 0.010427
0 0.152246 0.288037 0.007812 0.008863
0 0.418750 0.185595 0.008594 0.010687
0 0.646094 0.898780 0.007812 0.006777
0 0.312500 0.308630 0.009570 0.014858
0 0.589844 0.267966 0.010938 0.012512
0 0.250000 0.759063 0.008594 0.013555
0 0.633594 0.600577 0.010937 0.009905
0 0.366797 0.153533 0.006836 0.012512
0 0.405469 0.102703 0.008594 0.017204
0 0.705078 0.874799 0.007031 0.011469
0 0.281836 0.372233 0.012500 0.007299
0 0.883594 0.869585 0.010938 0.013555
0 0.090820 0.171780 0.005713 0.006256
0 0.975000 0.721526 0.008594 0.016161
0 0.198340 0.640720 0.008398 0.010427
0 0.248437 0.539060 0.007031 0.007299
0 0.361719 0.319838 0.006055 0.009905
0 0.834375 0.138675 0.007031 0.005995
0 0.639063 0.935273 0.008984 0.010427
0 0.313672 0.645933 0.006836 0.009384
0 0.422656 0.431665 0.009766 0.007299
0 0.497266 0.752806 0.007812 0.009905
0 0.269531 0.738730 0.008398 0.008341
0 0.240234 0.960297 0.008398 0.012512
0 0.478906 0.729868 0.006250 0.007820
0 0.588281 0.709014 0.011328 0.011991
0 0.724609 0.735081 0.011719 0.015640
0 0.496094 0.913377 0.007422 0.007299
0 0.391406 0.237207 0.007812 0.007038
0 0.378125 0.444177 0.005469 0.009384
0 0.801563 0.226259 0.008984 0.011730
0 0.854688 0.144410 0.007031 0.009123
0 0.363672 0.010557 0.008398 0.012251
0 0.349414 0.157443 0.009766 0.009905
0 0.946875 0.453561 0.008594 0.008341
0 0.835156 0.571382 0.006250 0.005735
0 0.326172 0.522377 0.010352 0.009384
0 0.330859 0.136590 0.010352 0.011730
0 0.739063 0.447305 0.008984 0.009905
0 0.350391 0.367019 0.009570 0.011991
0 0.002460 0.406641 0.004919 0.008341
0 0.803125 0.601620 0.011719 0.009905
0 0.557813 0.206448 0.007031 0.008081
0 0.296484 0.946743 0.010937 0.012512
0 0.876562 0.638113 0.007031 0.009384
0 0.292188 0.580766 0.007617 0.006777
0 0.367969 0.435835 0.007813 0.010948
0 0.848438 0.620388 0.008594 0.010427
0 0.785156 0.564084 0.004687 0.006777
0 0.260352 0.569297 0.008594 0.015119
0 0.365430 0.022678 0.008984 0.010557
0 0.407422 0.305762 0.007031 0.012512
0 0.455859 0.548965 0.007812 0.013555
0 0.322656 0.521334 0.008984 0.006777
0 0.802344 0.713185 0.008984 0.006256
0 0.814844 0.221046 0.007812 0.009123
0 0.563672 0.579724 0.009375 0.015640
0 0.589453 0.748114 0.008594 0.008341
0 0.653125 0.018507 0.007812 0.008472
0 0.492969 0.206448 0.007422 0.009384
0 0.407031 0.790343 0.009375 0.008341
0 0.051318 0.162917 0.008496 0.006777
0 0.558594 0.844040 0.008984 0.008341
0 0.307617 0.503609 0.008984 0.010427
0 0.364844 0.923804 0.008398 0.008341
0 0.647656 0.952999 0.005078 0.007299
0 0.546094 0.894609 0.008594 0.007820
0 0.151758 0.534889 0.009668 0.014076
0 0.203125 0.465030 0.009082 0.010948
0 0.950781 0.698588 0.007812 0.011469
0 0.265625 0.622473 0.006836 0.007820
0 0.502344 0.238771 0.008984 0.008863
0 0.641406 0.984279 0.011328 0.011469
0 0.817188 0.553657 0.005469 0.007299
0 0.771094 0.754892 0.006641 0.006777
0 0.096777 0.147016 0.008350 0.007299
0 0.671094 0.528633 0.008203 0.006777
0 0.301172 0.761148 0.006445 0.009905
0 0.729688 0.948828 0.007812 0.008341
0 0.337891 0.389958 0.007422 0.008863
0 0.883594 0.004431 0.006250 0.008863
0 0.583594 0.705886 0.008984 0.011991
0 0.440625 0.444177 0.010156 0.011469
0 0.858594 0.143888 0.009375 0.009905
0 0.633594 0.247634 0.009375 0.008081
0 0.339844 0.266923 0.010742 0.013555
0 0.707812 0.973852 0.007031 0.007299
0 0.054883 0.055522 0.007275 0.006647
0 0.339844 0.197064 0.009961 0.011730
0 0.411328 0.735081 0.011719 0.015119
0 0.614062 0.711100 0.008984 0.010948
0 0.839063 0.619345 0.008594 0.014076
0 0.331250 0.531761 0.009180 0.008863
0 0.507031 0.068295 0.012891 0.014988
0 0.590625 0.803897 0.007422 0.007299
0 0.375391 0.352422 0.007812 0.009123
0 0.238477 0.644369 0.007422 0.009905
0 0.471094 0.755934 0.006641 0.009905
0 0.007074 0.800769 0.008960 0.010948
0 0.078857 0.238250 0.005957 0.005995
0 0.682813 0.840391 0.008984 0.010948
0 0.186719 0.495267 0.007910 0.010948
0 0.019641 0.760105 0.010815 0.017204
0 0.742188 0.681905 0.006641 0.008863
0 0.327344 0.439485 0.011133 0.010427
0 0.630859 0.664180 0.007812 0.008863
0 0.771094 0.959255 0.010938 0.013555
0 0.328125 0.911292 0.006055 0.006256
0 0.255078 0.510907 0.010156 0.011991
0 0.727344 0.936316 0.009766 0.011469
0 0.803125 0.832049 0.009375 0.010948
0 0.771094 0.010818 0.008203 0.008081
0 0.369141 0.519249 0.008789 0.013555
0 0.622656 0.502566 0.009766 0.012512
0 0.660156 0.520813 0.007422 0.007299
0 0.581250 0.253108 0.008984 0.013555
0 0.357422 0.429579 0.009570 0.015119
0 0.262891 0.296118 0.007812 0.009645
0 0.373828 0.160050 0.007617 0.010166
0 0.716797 0.485883 0.007812 0.009384
0 0.264453 0.217396 0.009180 0.012251
0 0.293164 0.646976 0.007422 0.006256
0 0.691016 0.939444 0.006250 0.006256
0 0.660547 0.436878 0.005469 0.009384
0 0.557813 0.180382 0.008984 0.012773
0 0.578906 0.100096 0.010156 0.011209
0 0.682031 0.664180 0.006641 0.006777
0 0.100000 0.410811 0.010645 0.014076
0 0.290234 0.429579 0.009375 0.009384
0 0.261328 0.338346 0.006445 0.010948
0 0.859375 0.612046 0.005469 0.008863
0 0.119238 0.755413 0.008203 0.010427
0 0.571875 0.254932 0.007422 0.013815
0 0.128125 0.192894 0.010254 0.011730
0 0.522266 0.160050 0.008594 0.009905
0 0.405469 0.490054 0.005859 0.007820
0 0.095410 0.237468 0.006299 0.006256
0 0.821875 0.287776 0.007031 0.013033
0 0.571094 0.699630 0.009766 0.011469
0 0.900000 0.396214 0.010156 0.013033
0 0.145117 0.672000 0.005957 0.011469
0 0.118457 0.894088 0.010742 0.013555
0 0.533984 0.544273 0.008594 0.009905
0 0.444531 0.921719 0.006641 0.007299
0 0.246094 0.422802 0.006055 0.008341
0 0.839844 0.561998 0.007812 0.011991
0 0.776563 0.664701 0.008203 0.007299
0 0.345703 0.401427 0.010547 0.013033
0 0.257031 0.109480 0.009180 0.014337
0 0.521875 0.755934 0.005859 0.008863
0 0.311719 0.518206 0.008789 0.012512
0 0.248047 0.755934 0.008398 0.009905
0 0.775000 0.788779 0.008984 0.008341
0 0.166992 0.856031 0.008105 0.008863
0 0.466406 0.915463 0.007031 0.012512
0 0.282813 0.553657 0.008008 0.010948
0 0.555469 0.670957 0.008984 0.011469
0 0.876563 0.505694 0.007812 0.007820
0 0.648438 0.029064 0.006641 0.007820
0 0.721094 0.253890 0.010156 0.008602
0 0.645703 0.306544 0.007812 0.009645
0 0.555859 0.073117 0.006250 0.009384
0 0.383984 0.955084 0.009570 0.010427
0 0.407813 0.938401 0.007422 0.007299
0 0.707031 0.138414 0.007422 0.007820
0 0.025977 0.120428 0.006104 0.006517
0 0.372070 0.205145 0.007812 0.005735
0 0.617188 0.862287 0.005859 0.008341
0 0.188672 0.293511 0.008887 0.011991
0 0.402734 0.043531 0.009570 0.009775
0 0.215234 0.955084 0.010742 0.012512
0 0.183301 0.833092 0.007031 0.007820
0 0.502344 0.980108 0.008594 0.007299
0 0.726562 0.229908 0.008984 0.011730
0 0.314063 0.450433 0.009180 0.013033
0 0.913281 0.891481 0.007812 0.010948
0 0.889063 0.468679 0.007031 0.011469
0 0.441406 0.456689 0.007422 0.008863
0 0.169141 0.498395 0.007324 0.007820
0 0.878125 0.696502 0.005469 0.008341
0 0.567578 0.831007 0.008594 0.006777
0 0.989063 0.911292 0.008594 0.011469
0 0.617188 0.870628 0.005469 0.009384
0 0.446094 0.454603 0.006250 0.008863
0 0.656250 0.427494 0.007422 0.011469
0 0.850000 0.169955 0.007031 0.010687
0 0.127441 0.755413 0.007031 0.008341
0 0.299609 0.914420 0.006836 0.010427
0 0.883594 0.018768 0.009375 0.010818
0 0.556250 0.981151 0.008203 0.008341
0 0.685938 0.361806 0.008594 0.009905
0 0.250781 0.366498 0.015430 0.012251
0 0.722266 0.560956 0.003906 0.008863
0 0.636719 0.852903 0.007422 0.007820
0 0.213867 0.321142 0.008203 0.009645
0 0.195703 0.493182 0.008105 0.011469
0 0.624219 0.799727 0.008203 0.009905
0 0.283203 0.822665 0.005859 0.008341
0 0.527344 0.418110 0.010156 0.013033
0 0.629687 0.176472 0.008984 0.011469
0 0.085840 0.538017 0.010547 0.013033
0 0.842188 0.897737 0.010156 0.012512
0 0.926562 0.870107 0.011719 0.012512
0 0.568750 0.221046 0.008594 0.009123
0 0.392578 0.820580 0.010156 0.010948
0 0.264453 0.402470 0.008398 0.008863
0 0.123926 0.314364 0.007422 0.007559
0 0.846094 0.921719 0.009375 0.009384
0 0.818750 0.820580 0.010938 0.011991
0 0.828906 0.285170 0.010938 0.013815
0 0.014478 0.734038 0.009869 0.013033
0 0.460156 0.693374 0.007422 0.011991
0 0.036182 0.137111 0.008740 0.008602
0 0.037988 0.495267 0.007886 0.011469
0 0.351172 0.345123 0.006250 0.011209
0 0.429688 0.410811 0.009375 0.010948
0 0.445312 0.084977 0.010547 0.015510
0 0.725781 0.169694 0.007422 0.009905
0 0.027222 0.263274 0.008008 0.007299
0 0.211328 0.156922 0.006055 0.008341
0 0.696875 0.129812 0.005859 0.007559
0 0.584766 0.239814 0.007812 0.009905
0 0.009399 0.376403 0.010376 0.011469
0 0.701563 0.466073 0.008594 0.009905
0 0.907812 0.996310 0.007031 0.007380
0 0.183594 0.622473 0.005176 0.009384
0 0.535156 0.552614 0.008203 0.010427
0 0.342773 0.986364 0.005469 0.007299
0 0.502344 0.379531 0.006250 0.008863
0 0.288672 0.613089 0.009180 0.008341
0 0.070801 0.670436 0.010791 0.012512
0 0.557031 0.228866 0.007031 0.009905
0 0.471094 0.286994 0.009766 0.013033
0 0.633594 0.236686 0.006641 0.009123
0 0.079199 0.054740 0.008643 0.012512
0 0.250781 0.443134 0.007227 0.010948
0 0.741406 0.584937 0.009375 0.014076
0 0.455078 0.447305 0.007031 0.006777
0 0.046826 0.045877 0.007520 0.005865
0 0.294531 0.270051 0.007227 0.009384
0 0.147461 0.481713 0.007227 0.009384
0 0.421875 0.113912 0.005859 0.008341
0 0.451563 0.355550 0.008984 0.011730
0 0.345313 0.648540 0.009180 0.009384
0 0.154492 0.597449 0.009277 0.011991
0 0.179688 0.077939 0.007520 0.010296
0 0.328320 0.371190 0.007422 0.005735
0 0.739062 0.068425 0.005859 0.008341
0 0.041333 0.939444 0.007373 0.010427
0 0.053906 0.942572 0.007568 0.011469
0 0.324219 0.429579 0.007617 0.014597
0 0.056689 0.043010 0.009180 0.013424
0 0.075098 0.801812 0.008154 0.011991
0 0.299414 0.721526 0.009375 0.010427
0 0.138086 0.691289 0.008203 0.009905
0 0.827344 0.663137 0.007812 0.008863
0 0.708594 0.447826 0.009375 0.009384
0 0.821875 0.037275 0.007812 0.006908
0 0.601562 0.780437 0.007422 0.009384
0 0.191016 0.762190 0.008887 0.010948
0 0.715625 0.220003 0.005469 0.009645
0 0.426172 0.686076 0.009375 0.009384
0 0.345508 0.626644 0.007422 0.011991
0 0.867969 0.695460 0.007812 0.010948
0 0.515625 0.480670 0.008203 0.005735
0 0.771875 0.630814 0.005078 0.006777
0 0.175195 0.079373 0.010156 0.013294
0 0.850000 0.685554 0.008594 0.013555
0 0.607813 0.211662 0.008203 0.009645
0 0.467188 0.577638 0.006250 0.009384
0 0.767969 0.644890 0.005859 0.008341
0 0.544531 0.755934 0.005859 0.007299
0 0.282813 0.645412 0.007227 0.009384
0 0.200977 0.223131 0.007324 0.006777
0 0.360547 0.509344 0.009180 0.010427
0 0.733594 0.539060 0.008984 0.012512
0 0.194043 0.336521 0.008203 0.011991
0 0.625000 0.505694 0.008984 0.012512
0 0.104492 0.188202 0.005469 0.005995
0 0.490234 0.195240 0.007812 0.009384
0 0.667188 0.857073 0.005859 0.006777
0 0.219727 0.544273 0.010547 0.011991
0 0.975000 0.715270 0.008594 0.010948
0 0.361914 0.097229 0.007422 0.014076
0 0.353906 0.724133 0.005664 0.008341
0 0.514063 0.818495 0.008594 0.010948