0 0.136914 0.813281 0.007520 0.011991
0 0.735156 0.744465 0.005469 0.008863
0 0.149023 0.812239 0.005762 0.011991
0 0.160938 0.812760 0.004688 0.010427
0 0.668750 0.603705 0.007422 0.016161
0 0.165820 0.813281 0.005762 0.008863
0 0.643750 0.186377 0.007812 0.011991
0 0.420312 0.211662 0.005859 0.009384
0 0.233984 0.611004 0.006055 0.010948
0 0.244922 0.585458 0.007227 0.012512
0 0.826563 0.127206 0.007031 0.010166
0 0.503125 0.710578 0.007422 0.011469
0 0.926562 0.352683 0.007812 0.010948
0 0.796484 0.567212 0.007031 0.010948
0 0.254297 0.591193 0.005859 0.007820
0 0.757812 0.571382 0.006641 0.013555
0 0.266406 0.639156 0.005078 0.007820
0 0.334766 0.486926 0.006836 0.011991
0 0.382422 0.369105 0.008594 0.015119
0 0.486328 0.420195 0.007812 0.008863
0 0.563281 0.856031 0.007031 0.009905
0 0.757031 0.576074 0.007422 0.015640
0 0.279102 0.630814 0.007812 0.008341
0 0.551953 0.263274 0.005469 0.007299
0 0.712500 0.317492 0.007422 0.011991
0 0.601562 0.866457 0.009766 0.015119
0 0.153516 0.812239 0.005371 0.010948
0 0.350781 0.461902 0.008789 0.017204
0 0.312891 0.381095 0.008984 0.011469
0 0.630078 0.664180 0.005469 0.008863
0 0.226562 0.672000 0.007031 0.009384
0 0.596094 0.851860 0.008203 0.009905
0 0.587891 0.832571 0.007031 0.010427
0 0.236328 0.685033 0.009180 0.012512
0 0.810938 0.704322 0.006250 0.011469
0 0.320703 0.180903 0.007227 0.008341
0 0.314063 0.351379 0.007227 0.014076
0 0.339844 0.460859 0.009961 0.015640
0 0.244531 0.563562 0.007227 0.009384
0 0.120117 0.286212 0.008398 0.008602
0 0.609375 0.793471 0.008203 0.010948
0 0.436719 0.787215 0.005859 0.009384
0 0.381836 0.430101 0.007422 0.010427
0 0.184375 0.054740 0.003418 0.010036
0 0.500781 0.901908 0.007812 0.017204
0 0.544141 0.370147 0.007812 0.012512
0 0.033252 0.754892 0.009741 0.009905
0 0.904688 0.563041 0.005469 0.008863
0 0.614844 0.308630 0.009766 0.013555
0 0.634375 0.259624 0.008984 0.011209
0 0.925000 0.206709 0.007031 0.008341
0 0.743750 0.521334 0.007812 0.010948
0 0.769531 0.567212 0.008984 0.013555
0 0.939062 0.310715 0.009375 0.014858
0 0.044092 0.208273 0.007813 0.015640
0 0.128125 0.805983 0.007520 0.006256
0 0.507031 0.853945 0.007031 0.014597
0 0.831250 0.921719 0.010156 0.011469
0 0.788672 0.138154 0.006250 0.007038
0 0.851562 0.030237 0.009375 0.008341
0 0.953125 0.108438 0.007031 0.010687
0 0.500781 0.110523 0.006641 0.010427
0 0.251563 0.556785 0.008203 0.007820
0 0.499219 0.172822 0.006641 0.008863
0 0.875781 0.410811 0.009375 0.013033
0 0.050098 0.570340 0.009521 0.013033
0 0.307031 0.062951 0.011523 0.009384
0 0.751562 0.120950 0.007422 0.009123
0 0.062549 0.671478 0.007617 0.013033
0 0.359375 0.468679 0.006055 0.008341
0 0.848438 0.549486 0.008594 0.014076
0 0.178516 0.330005 0.007129 0.008081
0 0.784375 0.824751 0.006250 0.008863
0 0.392969 0.410290 0.009570 0.011469
0 0.505469 0.793992 0.007031 0.011469
0 0.177930 0.314886 0.006934 0.009384
0 0.338281 0.051351 0.009180 0.012251
0 0.982813 0.246591 0.007812 0.008081
0 0.756250 0.591193 0.008203 0.009905
0 0.104102 0.113912 0.006152 0.006256
0 0.479688 0.422281 0.006641 0.007299
0 0.395117 0.428537 0.005859 0.008341
0 0.807813 0.930060 0.007031 0.010427
0 0.476562 0.396214 0.005469 0.008341
0 0.121680 0.388915 0.009277 0.009905
0 0.938281 0.678777 0.006250 0.008863
0 0.745703 0.104267 0.009375 0.014337
0 0.506250 0.925889 0.008203 0.014597
0 0.351562 0.723612 0.007812 0.007820
0 0.055078 0.310715 0.006689 0.009905
0 0.148633 0.820580 0.005664 0.007299
0 0.483203 0.911292 0.010156 0.011469
0 0.828125 0.507779 0.010156 0.008863
0 0.569141 0.153272 0.008594 0.015379
0 0.081689 0.461902 0.006641 0.010427
0 0.349609 0.545837 0.008398 0.011469
0 0.313281 0.289080 0.008008 0.011469
0 0.258594 0.446783 0.010352 0.007299
0 0.564844 0.419153 0.008984 0.013033
0 0.603125 0.844561 0.008984 0.011991
0 0.094775 0.241899 0.010156 0.013294
0 0.849219 0.577638 0.007812 0.014076
0 0.510156 0.249719 0.009766 0.011730
0 0.383398 0.481713 0.009766 0.010427
0 0.834375 0.710578 0.011719 0.010427
0 0.344531 0.776267 0.008594 0.014597
0 0.190039 0.020723 0.009277 0.011991
0 0.751562 0.553657 0.008594 0.016683
0 0.896094 0.547401 0.006250 0.008341
0 0.282031 0.571382 0.007422 0.011469
0 0.722656 0.790864 0.005078 0.007299
0 0.526172 0.538017 0.007031 0.008863
0 0.524219 0.412897 0.007031 0.008863
0 0.112695 0.194718 0.008594 0.009384
0 0.327930 0.760105 0.009766 0.010948
0 0.585156 0.514035 0.005859 0.007820
0 0.650000 0.178557 0.006641 0.013033
0 0.746094 0.140239 0.009766 0.009905
0 0.847656 0.202799 0.009375 0.008863
0 0.558594 0.963426 0.008594 0.008341
0 0.146484 0.743423 0.006543 0.009905
0 0.109277 0.304980 0.008984 0.008602
0 0.467578 0.496310 0.007812 0.008863
0 0.794922 0.595364 0.008594 0.013033
0 0.727344 0.884183 0.010547 0.016161
0 0.489844 0.556264 0.004687 0.008341
0 0.614063 0.766361 0.009766 0.013555
0 0.625391 0.859159 0.007031 0.011991
0 0.137891 0.809111 0.007520 0.014076
0 0.600781 0.239292 0.008203 0.009123
0 0.432031 0.269008 0.007422 0.010687
0 0.127539 0.812760 0.009082 0.009384
0 0.442969 0.237728 0.006250 0.009123
0 0.304297 0.039361 0.007227 0.009514
0 0.197656 0.584937 0.008887 0.011991
0 0.315820 0.852903 0.009766 0.014076
0 0.422656 0.578681 0.007031 0.010948
0 0.416016 0.171258 0.008594 0.007299
0 0.315430 0.367541 0.008594 0.013555
0 0.053467 0.213747 0.007983 0.008341
0 0.511719 0.871671 0.005859 0.008863
0 0.427344 0.155358 0.008984 0.009384
0 0.240234 0.323227 0.006445 0.008341
0 0.687500 0.060084 0.008203 0.012773
0 0.414453 0.084977 0.009375 0.010427
0 0.784766 0.286212 0.009375 0.014858
0 0.387500 0.738209 0.008008 0.013033
0 0.419531 0.328441 0.007422 0.011209
0 0.982813 0.119907 0.010156 0.011730
0 0.804688 0.716313 0.007031 0.010948
0 0.580078 0.878969 0.005469 0.008341
0 0.245898 0.469722 0.007812 0.010427
0 0.340625 0.546358 0.006055 0.009905
0 0.607422 0.959255 0.009375 0.011469
0 0.820312 0.920676 0.007031 0.010427
0 0.126367 0.722569 0.007910 0.009905
0 0.835156 0.787215 0.009375 0.010948
0 0.406250 0.209316 0.011328 0.014076
0 0.017090 0.597449 0.005225 0.006777
0 0.734375 0.062560 0.005078 0.005735
0 0.447266 0.488490 0.007812 0.007299
0 0.250781 0.311236 0.007812 0.014337
0 0.508594 0.172822 0.009375 0.009384
0 0.338672 0.821101 0.008203 0.007299
0 0.301172 0.588065 0.008008 0.010948
0 0.200977 0.528633 0.008496 0.010948
0 0.968750 0.370147 0.009375 0.010687
0 0.125586 0.145452 0.006152 0.008081
0 0.522656 0.836220 0.008203 0.009905
0 0.562109 0.186898 0.007812 0.015119
0 0.721094 0.847689 0.008203 0.009905
0 0.612891 0.944657 0.011719 0.011469
0 0.936719 0.545316 0.007812 0.012512
0 0.795313 0.619345 0.009375 0.010948
0 0.902344 0.505694 0.007812 0.006777
0 0.710156 0.792428 0.009375 0.011991
0 0.176758 0.436878 0.008887 0.013033
0 0.521094 0.222610 0.008984 0.006256
0 0.340234 0.363370 0.007617 0.010687
0 0.389453 0.181424 0.008203 0.008863
0 0.169238 0.423323 0.006836 0.008863
0 0.339648 0.832049 0.008984 0.008863
0 0.300977 0.276307 0.008984 0.010687
0 0.333008 0.888353 0.010547 0.009905
0 0.432031 0.794513 0.009766 0.012512
0 0.712500 0.822665 0.007422 0.014597
0 0.064453 0.621952 0.009082 0.012512
0 0.274023 0.713706 0.008594 0.010427
0 0.377734 0.350858 0.011914 0.014597
0 0.573438 0.555742 0.007422 0.005735
0 0.911719 0.320881 0.006250 0.009384
0 0.057373 0.204363 0.006934 0.007559
0 0.363086 0.227302 0.008594 0.011469
0 0.212891 0.446262 0.007227 0.009905
0 0.606250 0.186638 0.008203 0.016422
0 0.728125 0.295075 0.004297 0.008602
0 0.529297 0.811196 0.007812 0.016161
0 0.407031 0.572425 0.007422 0.009905
0 0.803906 0.135286 0.009766 0.014597
0 0.826563 0.536974 0.007031 0.013033
0 0.489844 0.163699 0.007422 0.009384
0 0.218750 0.495267 0.008594 0.010427
0 0.227148 0.381617 0.010156 0.008863
0 0.161719 0.614132 0.006152 0.009905
0 0.737500 0.121471 0.007422 0.016161
0 0.175000 0.737166 0.007910 0.016161
0 0.621094 0.222610 0.007812 0.011730
0 0.115039 0.498395 0.007812 0.008863
0 0.828125 0.523419 0.008594 0.008863
0 0.228906 0.561998 0.009180 0.016161
0 0.618750 0.192894 0.010938 0.013815
0 0.402344 0.823187 0.009375 0.008341
0 0.394531 0.484841 0.010742 0.013555
0 0.742188 0.692332 0.007031 0.013033
0 0.467187 0.272136 0.007812 0.010687
0 0.190039 0.088627 0.009180 0.008993
0 0.467969 0.304980 0.007031 0.009123
0 0.494141 0.272658 0.007812 0.011730
0 0.732031 0.630814 0.011328 0.010427
0 0.209180 0.639156 0.008594 0.008863
0 0.518750 0.110002 0.009375 0.008863
0 0.344141 0.685033 0.008984 0.013555
0 0.846094 0.214268 0.009375 0.007820
0 0.507812 0.596406 0.007422 0.009384
0 0.238672 0.823187 0.009961 0.015640
0 0.513281 0.842997 0.007422 0.012512
0 0.352734 0.905036 0.009570 0.009905
0 0.853125 0.784087 0.012500 0.011991
0 0.395898 0.502566 0.012109 0.013033
0 0.233203 0.805983 0.009375 0.009905
0 0.316602 0.406641 0.008984 0.010427
0 0.672656 0.784087 0.009766 0.009905
0 0.204688 0.515078 0.005859 0.008863
0 0.359375 0.668872 0.008984 0.012512
0 0.201758 0.728825 0.008105 0.008863
0 0.356641 0.871671 0.009375 0.011991
0 0.040723 0.179339 0.009692 0.007559
0 0.739844 0.150144 0.010547 0.012512
0 0.107715 0.387873 0.010352 0.009905
0 0.356250 0.781480 0.008789 0.010427
0 0.525000 0.496310 0.008203 0.010948
0 0.753125 0.130334 0.009375 0.008341
0 0.702344 0.820580 0.008984 0.016161
0 0.667188 0.615174 0.009375 0.009384
0 0.032080 0.572425 0.007104 0.009384
0 0.694531 0.554178 0.009766 0.017725
0 0.309766 0.088366 0.007812 0.008732
0 0.857813 0.561477 0.009375 0.015640
0 0.453125 0.413939 0.005469 0.007820
0 0.107617 0.554700 0.008984 0.009905
0 0.775781 0.595364 0.010156 0.012512
0 0.058496 0.154315 0.005420 0.006517
0 0.495313 0.918591 0.010547 0.014597
0 0.132617 0.685554 0.010937 0.013555
0 0.814062 0.931103 0.008594 0.008341
0 0.582031 0.636028 0.006641 0.006777
0 0.591406 0.735602 0.008203 0.014597
0 0.701953 0.799727 0.007812 0.007820
0 0.510156 0.929017 0.007812 0.012512
0 0.833594 0.501523 0.010938 0.013033
0 0.757812 0.279696 0.008594 0.008863
0 0.322656 0.418110 0.008789 0.010948
0 0.358203 0.163178 0.006250 0.007038
0 0.330859 0.521334 0.007422 0.010948
0 0.130078 0.194197 0.008203 0.013033
0 0.970312 0.380574 0.008594 0.008341
0 0.677734 0.285170 0.010938 0.012251
0 0.647656 0.059953 0.010156 0.009514
0 0.047754 0.909207 0.008594 0.012512
0 0.650781 0.694417 0.007422 0.010948
0 0.582031 0.845083 0.007422 0.014597
0 0.480469 0.845604 0.006250 0.011469
0 0.596875 0.824229 0.006641 0.007299
0 0.492188 0.512471 0.011328 0.012512
0 0.859375 0.431665 0.010156 0.010427
0 0.332422 0.039882 0.007617 0.011078
0 0.216016 0.719441 0.008594 0.009905
0 0.408594 0.046920 0.008984 0.008993
0 0.067676 0.660009 0.011377 0.011469
0 0.053662 0.705886 0.010278 0.010948
0 0.400781 0.090191 0.010156 0.010427
0 0.671094 0.019811 0.010156 0.013033
0 0.920313 0.669914 0.008594 0.011469
0 0.681641 0.804419 0.007812 0.014597
0 0.719531 0.178818 0.007422 0.013815
0 0.064502 0.677734 0.008105 0.013555
0 0.440625 0.281520 0.007812 0.010427
0 0.434375 0.571904 0.008984 0.009384
0 0.281641 0.380053 0.007617 0.010427
0 0.932813 0.551572 0.007031 0.014597
0 0.607031 0.319578 0.007031 0.011991
0 0.356641 0.221567 0.007617 0.011209
0 0.336328 0.477542 0.008398 0.013555
0 0.435156 0.388915 0.006641 0.007820
0 0.689453 0.947785 0.009375 0.010427
0 0.711719 0.238250 0.007812 0.010427
0 0.571094 0.046399 0.005859 0.006126
0 0.083398 0.345905 0.009570 0.009384
0 0.227539 0.050309 0.010937 0.012642
0 0.789844 0.993663 0.011328 0.012512
0 0.308984 0.565126 0.008984 0.009384
0 0.789844 0.110002 0.008203 0.013555
0 0.400781 0.404034 0.008203 0.013555
0 0.525000 0.776788 0.007812 0.015119
0 0.064063 0.163699 0.005859 0.006777
0 0.732031 0.900865 0.011328 0.014076
0 0.704297 0.329744 0.006250 0.007299
0 0.628125 0.214268 0.010156 0.008341
0 0.766797 0.136068 0.009375 0.011209
0 0.240625 0.613089 0.005273 0.008863
0 0.245703 0.402470 0.010547 0.011469
0 0.657813 0.651668 0.009766 0.011469
0 0.299219 0.096447 0.009180 0.010818
0 0.284570 0.675649 0.007422 0.010948
0 0.825781 0.271615 0.006250 0.009384
0 0.245508 0.744465 0.007422 0.011991
0 0.169141 0.822665 0.009375 0.007820
0 0.585156 0.215572 0.007812 0.009384
0 0.625781 0.285170 0.009766 0.013555
0 0.517188 0.296118 0.005078 0.007299
0 0.225195 0.485883 0.008203 0.010948
0 0.325391 0.026067 0.009961 0.011339
0 0.737500 0.533325 0.008203 0.011469
0 0.473437 0.255193 0.005078 0.009905
0 0.424219 0.296639 0.007031 0.007559
0 0.257031 0.544273 0.008398 0.011991
0 0.640625 0.496831 0.008984 0.008341
0 0.500781 0.244506 0.008203 0.009905
0 0.711719 0.406641 0.008984 0.008863
0 0.181641 0.010166 0.008691 0.009514
0 0.775000 0.246070 0.010547 0.015901
0 0.818750 0.547401 0.008594 0.014076
0 0.450000 0.502566 0.007031 0.010948
0 0.450781 0.402470 0.008203 0.010948
0 0.515625 0.405598 0.008594 0.008863
0 0.010254 0.452518 0.008472 0.007820
0 0.475000 0.938401 0.011328 0.015640
0 0.211133 0.250501 0.009766 0.012512
0 0.025952 0.697024 0.010583 0.009384
0 0.090918 0.658966 0.008252 0.015119
0 0.348242 0.168912 0.009375 0.010166
0 0.520312 0.551572 0.007422 0.011991
0 0.453125 0.357114 0.009375 0.010166
0 0.024146 0.491097 0.009143 0.010427
0 0.141309 0.448347 0.006836 0.008341
0 0.820312 0.879491 0.009375 0.013555
0 0.182617 0.463987 0.007715 0.009384
0 0.384766 0.741337 0.009961 0.013555
0 0.538672 0.294032 0.010938 0.009645
0 0.521484 0.572425 0.007812 0.014076
0 0.664062 0.518727 0.010547 0.013555
0 0.339453 0.912335 0.009961 0.010427
0 0.843750 0.825272 0.010938 0.013555
0 0.594531 0.437921 0.010937 0.011469
0 0.511719 0.832571 0.006641 0.008341
0 0.382812 0.715270 0.008398 0.009384
0 0.576563 0.889396 0.009375 0.009905
0 0.546484 0.534889 0.010156 0.011991
0 0.420313 0.080285 0.008984 0.008993
0 0.707812 0.437921 0.006641 0.009384
0 0.921875 0.652189 0.005469 0.009384
0 0.715234 0.359721 0.008594 0.011991
0 0.931250 0.831528 0.007812 0.008341
0 0.382227 0.463987 0.007812 0.010948
0 0.747656 0.887832 0.009375 0.013555
0 0.427344 0.137111 0.007422 0.007038
0 0.224805 0.409247 0.009375 0.013555
0 0.349609 0.753849 0.007617 0.009905
0 0.885938 0.413939 0.008594 0.010948
0 0.032446 0.855509 0.009717 0.011469
0 0.394922 0.111044 0.008203 0.012512
0 0.603125 0.794513 0.006641 0.015119
0 0.282617 0.297160 0.006250 0.009123
0 0.552344 0.340431 0.008984 0.009905
0 0.690625 0.590672 0.008594 0.009384
0 0.469531 0.206970 0.009766 0.010687
0 0.538281 0.848732 0.008984 0.016683
0 0.399609 0.581809 0.007617 0.009905
0 0.595703 0.493182 0.010156 0.013555
0 0.921094 0.483798 0.010937 0.013555
0 0.382422 0.298203 0.008594 0.009384
0 0.712500 0.387351 0.007812 0.012512
0 0.183398 0.453561 0.008008 0.007820
0 0.544141 0.878969 0.007031 0.011991
0 0.575781 0.828400 0.008594 0.016683
0 0.336328 0.528633 0.008008 0.006777
0 0.739844 0.861244 0.008984 0.013033
0 0.306641 0.302895 0.008984 0.014858
0 0.153711 0.590672 0.008301 0.010427
0 0.719531 0.601098 0.009766 0.013555
0 0.432031 0.454603 0.008594 0.014597
0 0.381836 0.102181 0.007422 0.011339
0 0.424219 0.491097 0.008984 0.010948
0 0.452344 0.295075 0.005469 0.009645
0 0.255469 0.950913 0.010742 0.013555
0 0.328906 0.213747 0.006250 0.007299
0 0.758594 0.138154 0.005469 0.013815
0 0.910156 0.706929 0.007812 0.008863
0 0.415625 0.321403 0.005078 0.006256
0 0.547656 0.459295 0.010547 0.011469
0 0.720313 0.245027 0.007031 0.009384
0 0.492188 0.825793 0.009766 0.011991
0 0.788672 0.522377 0.007812 0.007820
0 0.797656 0.267966 0.011328 0.011991
0 0.316797 0.004953 0.007227 0.009514
0 0.285156 0.927975 0.007617 0.009384
0 0.640234 0.291947 0.008594 0.015119
0 0.803125 0.416025 0.009375 0.011991
0 0.780859 0.693374 0.008594 0.014076
0 0.207813 0.461902 0.009961 0.011991
0 0.230078 0.480670 0.005078 0.007299
0 0.761719 0.853945 0.009766 0.017204
0 0.132520 0.890439 0.008789 0.009905
0 0.103906 0.235382 0.009082 0.009905
0 0.896094 0.607876 0.010938 0.013033
0 0.308594 0.523941 0.007812 0.010427
0 0.321484 0.039621 0.009570 0.010036
0 0.564844 0.453561 0.008203 0.008863
0 0.308203 0.996310 0.009766 0.007380
0 0.594531 0.404555 0.008203 0.015119
0 0.039160 0.507779 0.010205 0.015119
0 0.409375 0.605269 0.008594 0.009384
0 0.802344 0.166566 0.009766 0.011991
0 0.340625 0.236425 0.008203 0.009905
0 0.583594 0.486926 0.008984 0.011469
0 0.181055 0.595364 0.008496 0.008863
0 0.735547 0.774703 0.009375 0.011991
0 0.753906 0.903993 0.008203 0.010948
0 0.332031 0.930060 0.009570 0.010427
0 0.019788 0.975938 0.008472 0.015640
0 0.550391 0.501523 0.010938 0.011991
0 0.486719 0.343559 0.009766 0.013555
0 0.514063 0.160310 0.010156 0.010427
0 0.809375 0.792949 0.008594 0.014597
0 0.733594 0.405598 0.008203 0.009384
0 0.267578 0.237728 0.005469 0.005995
0 0.503125 0.306805 0.008984 0.009905
0 0.275000 0.576596 0.008398 0.011991
0 0.795703 0.122514 0.008594 0.008081
0 0.804688 0.069598 0.008594 0.012382
0 0.895313 0.126684 0.008594 0.016943
0 0.256641 0.580766 0.008789 0.013555
0 0.102344 0.522377 0.007324 0.013033
0 0.939062 0.084586 0.009375 0.011991
0 0.402344 0.074290 0.011328 0.012642
0 0.513281 0.427494 0.007422 0.010948
0 0.037793 0.047311 0.009253 0.010166
0 0.764453 0.594842 0.010156 0.011469
0 0.823438 0.170476 0.010156 0.008863
0 0.407031 0.961340 0.008984 0.017725
0 0.417578 0.338346 0.007812 0.012251
0 0.359375 0.477021 0.006836 0.010427
0 0.066992 0.143367 0.006836 0.012773
0 0.475781 0.168652 0.008203 0.010948
0 0.589844 0.361285 0.008594 0.009905
0 0.554688 0.144410 0.008984 0.011469
0 0.029980 0.436878 0.007056 0.011991
0 0.181055 0.343559 0.008691 0.013033
0 0.105859 0.489011 0.007422 0.010948
0 0.451563 0.511950 0.007422 0.008863
0 0.053320 0.846125 0.009180 0.009384
0 0.033521 0.189244 0.007129 0.007820
0 0.746094 0.930060 0.008594 0.007299
0 0.848438 0.454082 0.009375 0.007299
0 0.201953 0.739252 0.007031 0.008863
0 0.689063 0.295857 0.010938 0.009905
0 0.252930 0.936316 0.009375 0.009384
0 0.380273 0.417067 0.010547 0.012512
0 0.208789 0.272658 0.009375 0.008863
0 0.170898 0.698588 0.008887 0.007820
0 0.517578 0.569818 0.007812 0.016683
0 0.610938 0.789300 0.008203 0.015119
0 0.026172 0.096447 0.007751 0.010036
0 0.315430 0.260146 0.010156 0.009645
0 0.263086 0.652189 0.009375 0.012512
0 0.295703 0.038579 0.008203 0.009123
0 0.338867 0.344863 0.006641 0.007299
0 0.335547 0.912335 0.008008 0.010427
0 0.685156 0.965511 0.003906 0.007299
0 0.340430 0.866979 0.009375 0.009384
0 0.137109 0.678256 0.007812 0.012512
0 0.445703 0.898780 0.007812 0.008863
0 0.597656 0.679820 0.007031 0.008341
0 0.294141 0.545316 0.008203 0.013033
0 0.789844 0.169173 0.009766 0.011469
0 0.045947 0.041707 0.009253 0.013033
0 0.425781 0.027370 0.007031 0.009514
0 0.616797 0.272397 0.007031 0.009905
0 0.074658 0.738209 0.008301 0.008341
0 0.140625 0.026327 0.006445 0.010036
0 0.508594 0.459817 0.008984 0.009384
0 0.026221 0.186638 0.007898 0.010687
0 0.563672 0.570340 0.007031 0.008341
0 0.546094 0.838305 0.008203 0.015119
0 0.206836 0.433750 0.008203 0.010948
0 0.967188 0.243984 0.010156 0.010948
0 0.444922 0.520292 0.006250 0.007299
0 0.610938 0.306544 0.008203 0.013815
0 0.742188 0.355029 0.005859 0.007820
0 0.262891 0.621952 0.007227 0.008341
0 0.673828 0.447305 0.007812 0.007820
0 0.020203 0.680341 0.010913 0.010427
0 0.015430 0.679820 0.009583 0.010948
0 0.462891 0.335739 0.008594 0.012251
0 0.358008 0.152230 0.008984 0.009905
0 0.654688 0.937359 0.005469 0.006256
0 0.575000 0.434793 0.007422 0.011991
0 0.554297 0.969682 0.010156 0.010427
0 0.308984 0.940487 0.006836 0.008341
0 0.267578 0.062560 0.006250 0.007690
0 0.626563 0.515078 0.007422 0.007820
0 0.254492 0.769489 0.009766 0.011469
0 0.584375 0.496831 0.008984 0.005213
0 0.782031 0.110523 0.008984 0.011730
0 0.236523 0.744465 0.010547 0.013033
0 0.339648 0.760105 0.011328 0.011469
0 0.988281 0.713185 0.007812 0.010948
0 0.004413 0.995748 0.005981 0.008341
0 0.207422 0.716834 0.009375 0.012512
0 0.228516 0.629772 0.006445 0.005735
0 0.848438 0.463987 0.007031 0.013033
0 0.294141 0.405077 0.008008 0.013555
0 0.789844 0.433750 0.007812 0.015119
0 0.576563 0.458253 0.008203 0.012512
0 0.471875 0.179860 0.008203 0.010427
0 0.021582 0.433750 0.008582 0.010948
0 0.498438 0.144931 0.005078 0.007038
0 0.223828 0.604748 0.009570 0.014597
0 0.324219 0.538538 0.006445 0.008341
0 0.796094 0.451475 0.010547 0.012512
0 0.777344 0.127206 0.007422 0.010687
0 0.950781 0.726740 0.012500 0.014597
0 0.415234 0.383702 0.010938 0.010948
0 0.289844 0.598492 0.009570 0.009384
0 0.187891 0.411854 0.012402 0.012512
0 0.303906 0.534889 0.008789 0.008863
0 0.214063 0.740294 0.009570 0.009905
0 0.474219 0.217918 0.010156 0.011209
0 0.514063 0.981151 0.008984 0.012512
0 0.083301 0.131376 0.009863 0.010166
0 0.298438 0.052133 0.008594 0.008472
0 0.257422 0.328441 0.008203 0.016422
0 0.912500 0.681905 0.009375 0.010427
0 0.257812 0.229908 0.007812 0.008081
0 0.063281 0.803897 0.010303 0.008341
0 0.064941 0.807547 0.009473 0.009384
0 0.918750 0.694417 0.007812 0.009384
0 0.505469 0.288298 0.006641 0.008602
0 0.960156 0.859159 0.010937 0.010427
0 0.456250 0.369105 0.008984 0.014597
0 0.145996 0.654796 0.010156 0.016161
0 0.275781 0.394129 0.008789 0.015119
0 0.288672 0.579724 0.009180 0.010427
0 0.053516 0.429579 0.006592 0.010948
0 0.558594 0.615174 0.007422 0.008863
0 0.185547 0.739252 0.008984 0.013555
0 0.469531 0.845604 0.009375 0.013555
0 0.796094 0.211140 0.010547 0.011209
0 0.520312 0.236686 0.008594 0.008341
0 0.777344 0.751764 0.009766 0.008341
0 0.305469 0.554178 0.007812 0.010427
0 0.592969 0.521334 0.007422 0.007299
0 0.338672 0.407683 0.007227 0.007820
0 0.437500 0.413418 0.007422 0.011469
0 0.753125 0.151448 0.010156 0.010427
0 0.459375 0.202278 0.008984 0.009123
0 0.546094 0.184292 0.010938 0.014076
0 0.576172 0.203842 0.009375 0.010166
0 0.471875 0.989492 0.009766 0.010427
0 0.367188 0.604748 0.004883 0.007299
0 0.151953 0.508822 0.010742 0.012512
0 0.867188 0.528112 0.008594 0.011469
0 0.644531 0.742901 0.010156 0.010427
0 0.480078 0.271094 0.006250 0.010687
0 0.146484 0.256496 0.008691 0.009645
0 0.050635 0.836741 0.007739 0.011469
0 0.612891 0.327919 0.007812 0.012773
0 0.407813 0.537496 0.007422 0.009384
0 0.827344 0.530718 0.009375 0.009905
0 0.667969 0.620388 0.009375 0.013555
0 0.839063 0.077418 0.010156 0.011078
0 0.937500 0.870107 0.009375 0.015640
0 0.189453 0.501523 0.010059 0.008863
0 0.369922 0.548443 0.008008 0.007299
0 0.686328 0.369105 0.005469 0.008081
0 0.557813 0.649061 0.009375 0.009384
0 0.370313 0.145452 0.011133 0.011991
0 0.773828 0.165524 0.010938 0.011991
0 0.472656 0.326877 0.007812 0.010166
0 0.093506 0.279956 0.007715 0.009123
0 0.940625 0.471807 0.010156 0.010427
0 0.971875 0.655838 0.007031 0.007820
0 0.575000 0.822144 0.007422 0.015640
0 0.632031 0.545316 0.006641 0.007820
0 0.641797 0.598492 0.007812 0.011469
0 0.272852 0.771574 0.009766 0.010948
0 0.723047 0.318535 0.007812 0.010166
0 0.831250 0.724654 0.010937 0.013033
0 0.743750 0.170737 0.007422 0.013033
0 0.582812 0.721005 0.008984 0.014597
0 0.953906 0.302895 0.007812 0.013815
0 0.644922 0.614132 0.008594 0.009905
0 0.065723 0.573468 0.009375 0.008863
0 0.644531 0.628208 0.008594 0.010427
0 0.838281 0.465030 0.010938 0.013555
0 0.044678 0.179339 0.010669 0.008863
0 0.028027 0.180121 0.006934 0.005213
0 0.383594 0.703801 0.008008 0.007820
0 0.447656 0.442613 0.010156 0.010427
0 0.600391 0.789821 0.007031 0.013555
0 0.800781 0.636028 0.009766 0.014597
0 0.710156 0.409769 0.010547 0.011469
0 0.920313 0.892003 0.010156 0.015640
0 0.509375 0.850817 0.010547 0.015119
0 0.300000 0.014728 0.007812 0.010687
0 0.638281 0.510907 0.008594 0.012512
0 0.265234 0.990535 0.009766 0.007299
0 0.455078 0.712142 0.007031 0.009905
0 0.985156 0.673564 0.007812 0.009384
0 0.207422 0.487969 0.007617 0.009905
0 0.771094 0.479106 0.008984 0.016683
0 0.317969 0.887311 0.010352 0.014597
0 0.987500 0.852903 0.007031 0.010948
0 0.480078 0.277610 0.006250 0.011469
0 0.274609 0.936316 0.007812 0.008341
0 0.625391 0.206448 0.009375 0.013555
0 0.563672 0.322445 0.007812 0.008863
0 0.279297 0.324270 0.009180 0.009123
0 0.065771 0.317492 0.010840 0.013815
0 0.448438 0.565126 0.009766 0.011469
0 0.759375 0.127727 0.007422 0.007559
0 0.445312 0.804419 0.007812 0.009384
0 0.755469 0.136850 0.007422 0.013033
0 0.465234 0.045747 0.010156 0.007559
0 0.049512 0.533325 0.011914 0.012512
0 0.626563 0.895652 0.008984 0.011991
0 0.069922 0.520292 0.009180 0.011991
0 0.606250 0.284909 0.008203 0.010427
0 0.071436 0.677734 0.010449 0.011991
0 0.238867 0.362327 0.012500 0.014597
0 0.538281 0.171519 0.009375 0.010687
0 0.079883 0.487969 0.005811 0.006777
0 0.640234 0.218178 0.010156 0.015640
0 0.287109 0.664701 0.007617 0.014597
0 0.078613 0.614132 0.009521 0.011991
0 0.350000 0.402470 0.008398 0.014076
0 0.944531 0.940487 0.007812 0.009384
0 0.264844 0.417589 0.009180 0.010427
0 0.287891 0.272397 0.007617 0.014597
0 0.224609 0.284127 0.008789 0.011209
0 0.848438 0.301852 0.006250 0.010687
0 0.795313 0.717356 0.008984 0.011991
0 0.910938 0.331308 0.007031 0.010427
0 0.169434 0.309412 0.009570 0.010427
0 0.034229 0.451475 0.011060 0.010948
0 0.408984 0.162135 0.007031 0.007299
0 0.014709 0.241899 0.011115 0.011209
0 0.166016 0.614132 0.004980 0.011469
0 0.283398 0.718398 0.010156 0.010948
0 0.496094 0.739252 0.009766 0.011469
0 0.574219 0.355550 0.005859 0.009905
0 0.810938 0.716313 0.008594 0.009905
0 0.225781 0.780959 0.008789 0.012512
0 0.071777 0.670957 0.010254 0.010427
0 0.457812 0.895652 0.008594 0.010427
0 0.713281 0.213747 0.008203 0.012773
0 0.613672 0.452518 0.007031 0.010427
0 0.371094 0.534889 0.009961 0.011469
0 0.338477 0.066079 0.009375 0.012251
0 0.446094 0.197586 0.007422 0.007559
0 0.473828 0.194458 0.008594 0.009645
0 0.076855 0.176732 0.009131 0.010948
0 0.047217 0.903993 0.009473 0.016161
0 0.323828 0.835177 0.007617 0.014076
0 0.327148 0.540102 0.007031 0.008863
0 0.918750 0.785650 0.007812 0.013555
0 0.801563 0.687640 0.009375 0.015640
0 0.300781 0.805983 0.007422 0.006777
0 0.700781 0.917548 0.009766 0.012512
0 0.207813 0.314886 0.008984 0.011209
0 0.785938 0.295075 0.008203 0.009905
0 0.372266 0.521334 0.006055 0.006777
0 0.218555 0.095925 0.007812 0.016161
0 0.170898 0.598492 0.008105 0.006777
0 0.126758 0.163960 0.007227 0.007820
0 0.461719 0.272397 0.007031 0.009384
0 0.964063 0.303938 0.010937 0.014337
0 0.458594 0.296639 0.008984 0.005995
0 0.253125 0.471286 0.005859 0.006777
0 0.933594 0.594321 0.007812 0.013033
0 0.128125 0.489011 0.008887 0.007299
0 0.485938 0.843519 0.009766 0.010427
0 0.264844 0.270051 0.009570 0.007038
0 0.345313 0.235643 0.009961 0.010948
0 0.404297 0.893567 0.009180 0.013033
0 0.646094 0.077157 0.011328 0.011991
0 0.661719 0.540102 0.008984 0.009905
0 0.269922 0.638113 0.008789 0.009905
0 0.120508 0.182988 0.010449 0.012773
0 0.765625 0.587022 0.010156 0.011991
0 0.358594 0.079503 0.007227 0.007950
0 0.370313 0.294293 0.010156 0.012512
0 0.700000 0.282042 0.007812 0.014597
0 0.246484 0.880533 0.007617 0.009384
0 0.062305 0.572425 0.011182 0.014597
0 0.430469 0.237468 0.008984 0.008863
0 0.782812 0.460859 0.008203 0.013033
0 0.256055 0.254411 0.008984 0.008863
0 0.074902 0.814845 0.007373 0.010427
0 0.083105 0.596928 0.009961 0.013555
0 0.092920 0.423845 0.007422 0.009384
0 0.424609 0.502566 0.007812 0.009384
0 0.266211 0.936316 0.007422 0.009384
0 0.522266 0.174908 0.008594 0.014076
0 0.658594 0.554700 0.010156 0.010427
0 0.664844 0.640720 0.008984 0.012512
0 0.137891 0.712142 0.007910 0.013033
0 0.414844 0.358678 0.011328 0.011730
0 0.220508 0.615696 0.010156 0.008341
0 0.789062 0.102963 0.007812 0.008863
0 0.428125 0.018768 0.007422 0.010296
0 0.350000 0.059432 0.009375 0.011339
0 0.333203 0.841433 0.008008 0.010948
0 0.581250 0.195240 0.007812 0.015119
0 0.565625 0.310976 0.007422 0.008863
0 0.408594 0.252847 0.008203 0.010166
0 0.871875 0.894609 0.009375 0.011991
0 0.607031 0.520813 0.008984 0.008341
0 0.427344 0.037275 0.005469 0.007690
0 0.589063 0.372754 0.008203 0.007299
0 0.483594 0.561998 0.006641 0.010948
0 0.736719 0.761669 0.008594 0.012512
0 0.122754 0.474414 0.008789 0.013033
0 0.539062 0.529676 0.008203 0.009384
0 0.056104 0.528112 0.009180 0.016683
0 0.675781 0.813281 0.008203 0.007820
0 0.375391 0.717356 0.008008 0.012512
0 0.057324 0.815367 0.007227 0.008863
0 0.428906 0.629772 0.008984 0.007820
0 0.381445 0.286212 0.008594 0.012251
0 0.942188 0.264316 0.006250 0.007299
0 0.839063 0.197586 0.007812 0.007038
0 0.531641 0.971767 0.010937 0.010427
0 0.696875 0.063342 0.008594 0.006126
0 0.033179 0.291947 0.010889 0.012251
0 0.747656 0.882097 0.008594 0.011469
0 0.751562 0.599534 0.010938 0.013033
0 0.321484 0.996049 0.009570 0.007901
0 0.295312 0.260146 0.010547 0.011209
0 0.287500 0.611004 0.010547 0.010948
0 0.727344 0.436878 0.008984 0.008341
0 0.237109 0.188723 0.007617 0.010687
0 0.906250 0.331569 0.008594 0.009905
0 0.906250 0.345645 0.011719 0.015379
0 0.957031 0.927975 0.009375 0.011469
0 0.982813 0.639156 0.006250 0.006777
0 0.038086 0.245288 0.008667 0.015640
0 0.780469 0.830485 0.007031 0.006256
0 0.236719 0.705886 0.006836 0.008863
0 0.459375 0.310715 0.008984 0.006517
0 0.957812 0.336782 0.011719 0.012251
0 0.264453 0.179339 0.009570 0.008081
0 0.285938 0.976980 0.009961 0.012512
0 0.414062 0.501523 0.009375 0.012512
0 0.455469 0.815888 0.006250 0.013555
0 0.738281 0.936316 0.009766 0.015640
0 0.649219 0.599534 0.007422 0.010427
0 0.096924 0.304459 0.009863 0.011209
0 0.899219 0.245809 0.007812 0.008863
0 0.944531 0.236946 0.010937 0.013033
0 0.387891 0.027370 0.008594 0.016422
0 0.463281 0.862287 0.009766 0.012512
0 0.256641 0.864372 0.008398 0.010948
0 0.144238 0.156922 0.006641 0.008602
0 0.770313 0.636028 0.008984 0.011991
0 0.441406 0.531761 0.007812 0.012512
0 0.431641 0.930060 0.009375 0.011469
0 0.047290 0.134765 0.010498 0.011991
0 0.245508 0.844561 0.009766 0.010948
0 0.290234 0.709014 0.011133 0.010427
0 0.523438 0.960298 0.011719 0.010427
0 0.010016 0.617260 0.010291 0.011469
0 0.226562 0.662094 0.007617 0.008341
0 0.469531 0.422802 0.007031 0.010427
0 0.786719 0.420717 0.005469 0.006256
0 0.116602 0.185856 0.013184 0.011991
0 0.051025 0.822665 0.006616 0.012512
0 0.540625 0.111044 0.007422 0.008081
0 0.290039 0.498395 0.007812 0.006777
0 0.688281 0.047441 0.007812 0.010166
0 0.953125 0.286994 0.005469 0.008863
0 0.654688 0.761148 0.007422 0.008863
0 0.753516 0.068555 0.005469 0.011600
0 0.707031 0.859680 0.008984 0.012512
0 0.657813 0.929017 0.009375 0.012512
0 0.095508 0.257018 0.009766 0.009645
0 0.521094 0.510907 0.009766 0.011469
0 0.899219 0.573468 0.007812 0.012512
0 0.945312 0.080807 0.007812 0.007559
0 0.425000 0.689725 0.008203 0.009384
0 0.873438 0.038057 0.004687 0.006908
0 0.726953 0.237728 0.007031 0.009123
0 0.653125 0.202799 0.011328 0.014337
0 0.149121 0.752806 0.009180 0.011991
0 0.929688 0.654796 0.006250 0.010948
0 0.329297 0.561998 0.009180 0.013555
0 0.564844 0.992620 0.008594 0.009384
0 0.786719 0.126684 0.008594 0.011991
0 0.257422 0.322185 0.007617 0.008081
0 0.125195 0.561477 0.010059 0.012512
0 0.507422 0.445219 0.007812 0.009905
0 0.749609 0.867500 0.007031 0.012512
0 0.045435 0.570340 0.010791 0.014076
0 0.671094 0.620388 0.008984 0.011991
0 0.357422 0.637070 0.009961 0.017204
0 0.735938 0.453561 0.005078 0.006256
0 0.942969 0.070380 0.007812 0.012773
0 0.776172 0.813281 0.007812 0.006777
0 0.207422 0.872713 0.007031 0.010948
0 0.767969 0.551572 0.010156 0.015119
0 0.416797 0.082631 0.008594 0.011339
0 0.183691 0.526547 0.007617 0.010427
0 0.064062 0.125642 0.010547 0.011991
0 0.901563 0.731953 0.011719 0.011991
0 0.632812 0.727782 0.009766 0.015119
0 0.809375 0.257018 0.010156 0.009384
0 0.609375 0.909207 0.010547 0.011469
0 0.925781 0.568776 0.006250 0.010427
0 0.341016 0.630814 0.009375 0.010948
0 0.281055 0.630814 0.009766 0.013033
0 0.654297 0.605269 0.006250 0.006256
0 0.095703 0.410811 0.009717 0.014076
0 0.139453 0.903993 0.007129 0.008341
0 0.773047 0.298203 0.007031 0.007559
0 0.469141 0.274222 0.008594 0.011209
0 0.193945 0.519770 0.007520 0.010427
0 0.660547 0.158746 0.010156 0.013033
0 0.528516 0.398821 0.010938 0.009384
0 0.551562 0.478585 0.008203 0.010948
0 0.752344 0.725697 0.009766 0.010948
0 0.454688 0.444177 0.005078 0.010948
0 0.549219 0.748636 0.006641 0.010427
0 0.247266 0.780959 0.007812 0.014076
0 0.825000 0.450433 0.010156 0.011991
0 0.144922 0.593278 0.009277 0.010948
0 0.575781 0.504651 0.006641 0.007299
0 0.925000 0.242942 0.009375 0.012773
0 0.601562 0.884183 0.008984 0.011469
0 0.115332 0.599534 0.008203 0.010948
0 0.600781 0.422281 0.007422 0.011991
0 0.790625 0.027761 0.008203 0.007299
0 0.646094 0.930060 0.008984 0.007299
0 0.390820 0.672521 0.008203 0.007299
0 0.635156 0.276307 0.008984 0.014076
0 0.337891 0.028152 0.007617 0.012382
0 0.650781 0.788779 0.009766 0.007299
0 0.212500 0.110523 0.007227 0.011730
0 0.082617 0.418631 0.008252 0.011469
0 0.536719 0.298203 0.010547 0.011730
0 0.288281 0.096707 0.007227 0.011860
0 0.074707 0.545316 0.007373 0.013033
0 0.015710 0.485883 0.006982 0.010948
0 0.588672 0.631857 0.007812 0.009384
0 0.032007 0.690768 0.009277 0.011469
0 0.464844 0.850817 0.010938 0.012512
0 0.691406 0.335479 0.010547 0.011469
0 0.582031 0.850817 0.007812 0.016683
0 0.904688 0.319578 0.010156 0.010166
0 0.774219 0.738730 0.012500 0.012512
0 0.341797 0.585458 0.009570 0.010427
0 0.809375 0.664180 0.010156 0.008863
0 0.714063 0.554178 0.007422 0.011469
0 0.533984 0.300810 0.010937 0.011730
0 0.510938 0.718398 0.008984 0.009905
0 0.121777 0.702758 0.008398 0.009905
0 0.396484 0.516642 0.011719 0.011469
0 0.918750 0.406641 0.011719 0.011991
0 0.521875 0.258842 0.011719 0.010427
0 0.419922 0.181946 0.007031 0.009905
0 0.811719 0.404555 0.006250 0.010427
0 0.460156 0.842997 0.009375 0.013555
0 0.781641 0.835177 0.008594 0.011469
0 0.334766 0.955084 0.008984 0.009384
0 0.513281 0.228084 0.007031 0.009905
0 0.188281 0.971767 0.009473 0.009384
0 0.544531 0.457210 0.008984 0.010427
0 0.174609 0.353986 0.007715 0.011991
0 0.298828 0.504651 0.008008 0.007299
0 0.425000 0.287776 0.008203 0.013294
0 0.449219 0.328701 0.008594 0.011469
0 0.349414 0.700673 0.010547 0.011991
0 0.115332 0.718920 0.010742 0.013555
0 0.554297 0.614132 0.007812 0.009905
0 0.788281 0.646976 0.006641 0.007299
0 0.900781 0.655838 0.006250 0.008341
0 0.350391 0.336261 0.007617 0.016422
0 0.421875 0.278653 0.003906 0.010948
0 0.027271 0.245548 0.010339 0.013294
0 0.120898 0.697545 0.006836 0.010948
0 0.121973 0.913377 0.011133 0.011469
0 0.412500 0.081328 0.010156 0.012642
0 0.521875 0.385787 0.011328 0.013033
0 0.692969 0.807025 0.009766 0.009905
0 0.206641 0.119125 0.007422 0.009905
0 0.470313 0.022939 0.010547 0.014597
0 0.671484 0.233036 0.010938 0.011730
0 0.071680 0.459817 0.011328 0.010948
0 0.729297 0.071162 0.005469 0.006386
0 0.585156 0.645412 0.008594 0.010948
0 0.439063 0.151708 0.008984 0.011209
0 0.144336 0.614132 0.007715 0.013033
0 0.195898 0.102181 0.007129 0.007950
0 0.189063 0.471286 0.008301 0.007820
0 0.294531 0.556264 0.008008 0.009384
0 0.720313 0.911292 0.010547 0.009384
0 0.893750 0.108959 0.008594 0.014076
0 0.502344 0.427494 0.010156 0.009905
0 0.155273 0.267705 0.006543 0.011991
0 0.460938 0.239292 0.005859 0.008602
0 0.191016 0.058650 0.010547 0.010557
0 0.620313 0.463466 0.007031 0.010427
0 0.902344 0.486926 0.007812 0.008863
0 0.695312 0.487969 0.010547 0.009905
0 0.563281 0.810675 0.008203 0.014597
0 0.821875 0.530718 0.007031 0.007820
0 0.237500 0.288298 0.008203 0.011469
0 0.864844 0.268487 0.009375 0.009123
0 0.571094 0.547922 0.008984 0.010427
0 0.903906 0.552614 0.007812 0.008341
0 0.695703 0.688161 0.010156 0.013033
0 0.152930 0.325313 0.010645 0.013294
0 0.856250 0.786172 0.010938 0.011991
0 0.801563 0.703801 0.006250 0.013555
0 0.033374 0.741337 0.010107 0.009905
0 0.765234 0.420195 0.010938 0.013555
0 0.142188 0.396214 0.008008 0.005735
0 0.653906 0.301331 0.008203 0.010427
0 0.763672 0.267966 0.009375 0.011991
0 0.116699 0.734560 0.009375 0.011469
0 0.832812 0.269269 0.007812 0.010427
0 0.038916 0.796599 0.007202 0.010427
0 0.201562 0.795556 0.011035 0.012512
0 0.552344 0.466594 0.010547 0.011469
0 0.742578 0.548443 0.009375 0.009384
0 0.377148 0.546880 0.007812 0.006256
0 0.595313 0.465030 0.009375 0.010427
0 0.114258 0.003063 0.008398 0.006126
0 0.306641 0.406641 0.008789 0.010948
0 0.467188 0.249198 0.005078 0.008863
0 0.195312 0.493182 0.008887 0.011469
0 0.939844 0.056565 0.009375 0.008602
0 0.610156 0.442091 0.008984 0.010948
0 0.654297 0.138675 0.009375 0.008602
0 0.721875 0.510907 0.009766 0.011991
0 0.012170 0.986364 0.009479 0.013555
0 0.272656 0.673042 0.008398 0.012512
0 0.645313 0.125642 0.009766 0.013555
0 0.786719 0.121992 0.008203 0.011209
0 0.444531 0.280217 0.006250 0.008863
0 0.975781 0.212444 0.009375 0.011469
0 0.483594 0.826836 0.009766 0.016161
0 0.568750 0.847689 0.007422 0.013033
0 0.040894 0.280999 0.008984 0.009384
0 0.511719 0.810153 0.006641 0.011991
0 0.900000 0.670436 0.007031 0.009905
0 0.730469 0.115736 0.005859 0.009905
0 0.311328 0.312018 0.008398 0.012512
0 0.764844 0.123296 0.010937 0.009905
0 0.891406 0.575032 0.009375 0.011469
0 0.053223 0.798684 0.009521 0.009905
0 0.467969 0.411333 0.008984 0.010427
0 0.487500 0.416025 0.008594 0.010427
0 0.672656 0.192633 0.008203 0.009905
0 0.580469 0.441049 0.009766 0.011469
0 0.044580 0.346166 0.007837 0.016943
0 0.237109 0.627686 0.008398 0.009905
0 0.270313 0.944657 0.007812 0.009384
0 0.548438 0.146495 0.007812 0.007559
0 0.436719 0.871671 0.007812 0.009384
0 0.678125 0.783565 0.010937 0.010427
0 0.920313 0.621430 0.006250 0.008341
0 0.821875 0.873235 0.010938 0.016683
0 0.285742 0.028022 0.008203 0.011209
0 0.887500 0.900865 0.011719 0.013033
0 0.408594 0.548965 0.008984 0.010427
0 0.089648 0.838305 0.009717 0.009384
0 0.780469 0.155879 0.007422 0.009123
0 0.323828 0.548443 0.007617 0.008863
0 0.605469 0.306023 0.007812 0.012512
0 0.857813 0.527590 0.010156 0.009905
0 0.098633 0.458774 0.008154 0.014597
0 0.315234 0.016813 0.011133 0.011209
0 0.404297 0.535410 0.010156 0.012512
0 0.309180 0.577638 0.009375 0.011991
0 0.862500 0.794513 0.009375 0.014076
0 0.057227 0.612046 0.008936 0.011991
0 0.859375 0.129812 0.008594 0.008081
0 0.248047 0.090321 0.007812 0.007038
0 0.464844 0.262752 0.010547 0.013815
0 0.309766 0.702758 0.008789 0.008863
0 0.275781 0.852903 0.007617 0.015119
0 0.376563 0.121210 0.006445 0.009905
0 0.409375 0.559913 0.008203 0.011991
0 0.642188 0.539581 0.008984 0.009384
0 0.912500 0.297160 0.007031 0.012773
0 0.019421 0.704844 0.007056 0.007299
0 0.059473 0.185074 0.009473 0.010166
0 0.183984 0.674085 0.007617 0.008341
0 0.482031 0.294554 0.008594 0.009645
0 0.147852 0.454603 0.005371 0.009905
0 0.594531 0.481191 0.007422 0.008341
0 0.846875 0.447305 0.007812 0.009384
0 0.601562 0.250762 0.009375 0.012773
0 0.099316 0.563041 0.007178 0.013033
0 0.557813 0.141542 0.007812 0.013033
0 0.670703 0.805983 0.007031 0.011469
0 0.003882 0.646976 0.007764 0.010427
0 0.214844 0.129291 0.005273 0.008341
0 0.009698 0.441049 0.010339 0.010427
0 0.553516 0.835177 0.007812 0.012512
0 0.409375 0.357635 0.010547 0.010948
0 0.313672 0.276828 0.009375 0.010687
0 0.557031 0.826836 0.008594 0.013033
0 0.661328 0.712664 0.006250 0.010427
0 0.314453 0.167348 0.008984 0.011730
0 0.422656 0.526547 0.008594 0.010427
0 0.457031 0.037927 0.005859 0.006256
0 0.215234 0.037015 0.009375 0.011209
0 0.241016 0.636028 0.005273 0.008863
0 0.359375 0.538017 0.009961 0.005735
0 0.150293 0.519249 0.010742 0.010427
0 0.311328 0.397257 0.006055 0.007820
0 0.523438 0.576596 0.010156 0.010948
0 0.258594 0.483277 0.009375 0.011469
0 0.046191 0.589108 0.009082 0.007820
0 0.273438 0.419153 0.006055 0.009905
0 0.260547 0.410811 0.005273 0.010948
0 0.488672 0.406641 0.007812 0.009384
0 0.186719 0.546358 0.007715 0.008341
0 0.437500 0.782523 0.007031 0.012512
0 0.664062 0.739252 0.009766 0.008863
0 0.315234 0.938401 0.010547 0.009384
0 0.350977 0.804940 0.006250 0.008863
0 0.269141 0.438963 0.007812 0.010948
0 0.046851 0.416025 0.009033 0.008341
0 0.495313 0.698066 0.007422 0.007299
0 0.406250 0.308108 0.008203 0.011209
0 0.399023 0.504651 0.011328 0.013033
0 0.388281 0.122514 0.009375 0.008602
0 0.270313 0.473371 0.008203 0.009384
0 0.755469 0.897737 0.007812 0.014076
0 0.630859 0.679298 0.007812 0.010427
0 0.914844 0.148320 0.010938 0.008341
0 0.644531 0.235643 0.008594 0.015901
0 0.505469 0.297160 0.008203 0.011209
0 0.486719 0.045356 0.006641 0.009645
0 0.451172 0.705886 0.007031 0.013555
0 0.722656 0.854988 0.008203 0.010948
0 0.329102 0.405598 0.005078 0.006256
0 0.180859 0.051482 0.007520 0.012512
0 0.919531 0.627165 0.007812 0.011469
0 0.092236 0.521334 0.006055 0.011991
0 0.696875 0.463987 0.008594 0.008341
0 0.478906 0.037797 0.007422 0.011209
0 0.940625 0.930060 0.008594 0.010427
0 0.327734 0.777309 0.010742 0.011469
0 0.097168 0.424366 0.011963 0.010427
0 0.494922 0.710057 0.009375 0.013555
0 0.044653 0.602662 0.011377 0.015119
0 0.787891 0.476499 0.007031 0.014597
0 0.514844 0.222610 0.008203 0.007038
0 0.690625 0.573468 0.006641 0.007820
0 0.037305 0.921719 0.007446 0.015640
0 0.087207 0.270572 0.008838 0.010687
0 0.161914 0.444177 0.006738 0.008341
0 0.256836 0.936316 0.010937 0.011469
0 0.828125 0.955084 0.009375 0.015640
0 0.226758 0.244506 0.009766 0.009123
0 0.807031 0.688682 0.007812 0.013555
0 0.759375 0.460859 0.010156 0.009905
0 0.057813 0.105310 0.008545 0.009384
0 0.179883 0.621952 0.008105 0.009384
0 0.639062 0.657924 0.009766 0.009905
0 0.058105 0.544273 0.008496 0.014597
0 0.098193 0.510907 0.007129 0.009384
0 0.113672 0.229908 0.007129 0.008602
0 0.445312 0.344863 0.008984 0.009905
0 0.182031 0.029195 0.007715 0.015510
0 0.953125 0.090060 0.007031 0.009123
0 0.514063 0.140239 0.010547 0.008081
0 0.821094 0.864893 0.009375 0.009384
0 0.659375 0.682948 0.010547 0.009905
0 0.457031 0.785650 0.007422 0.013555
0 0.562109 0.445741 0.008594 0.012512
0 0.244922 0.770011 0.007422 0.010427
0 0.538281 0.859159 0.010938 0.013033
0 0.119141 0.498395 0.009863 0.009384
0 0.594531 0.846647 0.007422 0.016683
0 0.560938 0.191851 0.008203 0.011469
0 0.292773 0.011209 0.008594 0.008472
0 0.561719 0.496310 0.007812 0.010427
0 0.694531 0.319578 0.007422 0.015379
0 0.152930 0.340431 0.009473 0.009384
0 0.065234 0.014597 0.009814 0.007168
0 0.293750 0.005344 0.007617 0.010687
0 0.244922 0.870107 0.008008 0.010427
0 0.324609 0.773660 0.009766 0.009384
0 0.670313 0.431665 0.007031 0.006256
0 0.534375 0.859159 0.011719 0.011469
0 0.818750 0.519249 0.008594 0.011991
0 0.254688 0.322706 0.011719 0.017986
0 0.897656 0.842997 0.009375 0.013555
0 0.400391 0.529675 0.007812 0.010427
0 0.275781 0.403513 0.008398 0.013033
0 0.354688 0.616217 0.011133 0.013555
0 0.013220 0.560956 0.007855 0.017204
0 0.185156 0.732996 0.010059 0.013033
0 0.064258 0.615174 0.007764 0.007820
0 0.280273 0.929017 0.006641 0.012512
0 0.468750 0.825793 0.008594 0.011991
0 0.946094 0.981151 0.009375 0.008341
0 0.151660 0.139196 0.008594 0.011209
0 0.873438 0.680862 0.005469 0.006777
0 0.518750 0.957170 0.006641 0.011469
0 0.241602 0.217657 0.007422 0.009905
0 0.414062 0.148059 0.009766 0.009645
0 0.435156 0.900865 0.011719 0.010427
0 0.569531 0.453561 0.008984 0.011469
0 0.436719 0.458774 0.007031 0.013555
0 0.910938 0.301331 0.008594 0.010687
0 0.658594 0.599534 0.009375 0.009384
0 0.149609 0.394129 0.007617 0.010948
0 0.158984 0.344081 0.006934 0.009905
0 0.749609 0.066991 0.008594 0.012121
0 0.216211 0.655838 0.005859 0.006777
0 0.557422 0.431665 0.010156 0.011991
0 0.646094 0.303677 0.008203 0.010948
0 0.473438 0.286994 0.005859 0.007299
0 0.471094 0.262231 0.008203 0.009123
0 0.326758 0.907121 0.009375 0.007299
0 0.302539 0.961340 0.010547 0.014597
0 0.429297 0.126424 0.009375 0.009905
0 0.272656 0.354768 0.007617 0.007299
0 0.755469 0.721526 0.009766 0.013555
0 0.029834 0.744465 0.013989 0.011469
0 0.537109 0.744465 0.007812 0.009905
0 0.583203 0.762190 0.007812 0.016161
0 0.279883 0.823708 0.006641 0.009905
0 0.440625 0.210880 0.010938 0.011469
0 0.006696 0.034017 0.008105 0.015640
0 0.693359 0.256496 0.006250 0.008341
0 0.967188 0.273700 0.010156 0.010166
0 0.088965 0.295596 0.008984 0.008602
0 0.423438 0.301331 0.007812 0.013815
0 0.437500 0.329483 0.007031 0.008863
0 0.520313 0.359460 0.007812 0.011991
0 0.621875 0.531240 0.007422 0.008341
0 0.384766 0.533846 0.010742 0.012512
0 0.284180 0.545316 0.007812 0.009905
0 0.253516 0.179860 0.007227 0.009645
0 0.616797 0.543230 0.007812 0.010427
0 0.177734 0.691289 0.006934 0.010948
0 0.408594 0.025415 0.008594 0.011469
0 0.407031 0.242942 0.008203 0.011730
0 0.494922 0.302895 0.009375 0.011469
0 0.697656 0.997353 0.006641 0.005294
0 0.771875 0.624558 0.010156 0.009384
0 0.591406 0.502566 0.011719 0.009384
0 0.762891 0.936316 0.007812 0.013555
0 0.339453 0.356593 0.008398 0.010687
0 0.282813 0.558870 0.009375 0.012512
0 0.053467 0.574510 0.010645 0.015119
0 0.147266 0.411854 0.008301 0.006777
0 0.392969 0.296639 0.008984 0.010166
0 0.317578 0.603705 0.010742 0.017204
0 0.550000 0.614653 0.010547 0.008341
0 0.442187 0.374318 0.006641 0.007820
0 0.628906 0.461902 0.007812 0.009905
0 0.533594 0.468158 0.010547 0.011991
0 0.917969 0.367019 0.012500 0.013033
0 0.910938 0.368062 0.007031 0.009905
0 0.426562 0.884183 0.010937 0.010948
0 0.734375 0.188723 0.005859 0.009645
0 0.679297 0.345905 0.008594 0.009384
0 0.576172 0.419153 0.007031 0.011991
0 0.086133 0.563041 0.006885 0.007299
0 0.370898 0.660009 0.011328 0.014076
0 0.432813 0.521334 0.006641 0.008863
0 0.261719 0.456689 0.008008 0.007820
0 0.750391 0.257539 0.008594 0.013294
0 0.469531 0.552614 0.010547 0.010427
0 0.370508 0.552614 0.008594 0.014076
0 0.839063 0.535932 0.010156 0.008863
0 0.514063 0.587544 0.006641 0.010427
0 0.959375 0.089409 0.004687 0.008211
0 0.184277 0.538017 0.006836 0.006777
0 0.432813 0.758020 0.007812 0.009905
0 0.218359 0.431665 0.008789 0.009384
0 0.867188 0.524462 0.010156 0.009905
0 0.052344 0.486405 0.008936 0.009384
0 0.358594 0.804419 0.008008 0.007299
0 0.843750 0.290122 0.010938 0.012512
0 0.651563 0.829964 0.007031 0.008863
0 0.504688 0.182467 0.009766 0.009384
0 0.708594 0.373275 0.006250 0.009905
0 0.527344 0.612046 0.005469 0.009905
0 0.245703 0.247373 0.009180 0.008341
0 0.773047 0.484319 0.010938 0.012512
0 0.588281 0.672000 0.007422 0.010427
0 0.909375 0.785129 0.007031 0.011991
0 0.076367 0.118343 0.008887 0.009123
0 0.094922 0.381617 0.007471 0.009384
0 0.672656 0.497874 0.010547 0.010427
0 0.358984 0.530718 0.007812 0.009905
0 0.171777 0.603705 0.008789 0.008863
0 0.048779 0.430622 0.009790 0.010427
0 0.394531 0.077157 0.011133 0.014467
0 0.182422 0.756456 0.011230 0.011469
0 0.964063 0.286212 0.009375 0.007559
0 0.524219 0.405077 0.007422 0.010427
0 0.995313 0.898259 0.008594 0.009384
0 0.507031 0.236164 0.007422 0.009123
0 0.553125 0.432186 0.008594 0.011469
0 0.238672 0.599013 0.006641 0.008341
0 0.478906 0.042228 0.008594 0.011600
0 0.360938 0.791385 0.009570 0.009905
0 0.611719 0.784087 0.008203 0.013555
0 0.286719 0.672000 0.008008 0.015640
0 0.067188 0.430622 0.006152 0.007820
0 0.549219 0.729346 0.006250 0.010427
0 0.161914 0.721005 0.010059 0.015640
0 0.200977 0.304720 0.009766 0.008863
0 0.473437 0.482755 0.007422 0.008863
0 0.570312 0.528633 0.007812 0.007820
0 0.276172 0.528633 0.007422 0.009384
0 0.241016 0.662616 0.008008 0.013555
0 0.651563 0.562520 0.007812 0.006256
0 0.433203 0.280478 0.007812 0.010687
0 0.820312 0.966554 0.010938 0.010427
0 0.370703 0.479627 0.008594 0.010948
0 0.211328 0.511429 0.006836 0.008341
0 0.960156 0.769489 0.012500 0.013555
0 0.314258 0.317492 0.009766 0.012251
0 0.495313 0.479627 0.008203 0.009905
0 0.625391 0.377446 0.008594 0.013033
0 0.900781 0.548443 0.007812 0.009905
0 0.573047 0.293772 0.007812 0.009905
0 0.163086 0.601620 0.007715 0.011469
0 0.222266 0.654796 0.004102 0.007820
0 0.981250 0.867500 0.010156 0.011991
0 0.792969 0.155879 0.007812 0.011209
0 0.488281 0.258321 0.008203 0.013555
0 0.075977 0.993964 0.009326 0.012072
0 0.905469 0.456167 0.006250 0.008341
0 0.538281 0.460859 0.011719 0.013555
0 0.909375 0.430622 0.007812 0.005213
0 0.439844 0.225738 0.010547 0.011209
0 0.695312 0.448347 0.006250 0.009905
0 0.315039 0.231212 0.008203 0.007299
0 0.012708 0.442613 0.009357 0.012512
0 0.576563 0.164220 0.008203 0.014337
0 0.446094 0.208534 0.010937 0.011209
0 0.928906 0.005735 0.007812 0.009123
0 0.644531 0.024763 0.008594 0.010948
0 0.766406 0.038318 0.005469 0.006908
0 0.736328 0.071683 0.008594 0.008732
0 0.450781 0.386830 0.007812 0.013033
0 0.706641 0.980108 0.009375 0.015640
0 0.099854 0.522377 0.008496 0.016161
0 0.971094 0.276307 0.010938 0.010687
0 0.031519 0.153794 0.009766 0.013555
0 0.513281 0.734038 0.009766 0.013555
0 0.970312 0.694417 0.010156 0.010427
0 0.368359 0.236164 0.006445 0.012251
0 0.848438 0.240856 0.008594 0.009384
0 0.389648 0.815367 0.008594 0.008863
0 0.064355 0.452518 0.011328 0.017725
0 0.564844 0.291426 0.010547 0.011469
0 0.773047 0.746029 0.013281 0.011469
0 0.808594 0.873235 0.007812 0.006256
0 0.159375 0.919633 0.008691 0.009384
0 0.358398 0.723612 0.008594 0.009905
0 0.266016 0.356593 0.010352 0.008341
0 0.096045 0.108959 0.010449 0.011209
0 0.921875 0.053437 0.010156 0.013424
0 0.327539 0.787736 0.007812 0.007299
0 0.104492 0.246070 0.010254 0.011730
0 0.876562 0.921719 0.008594 0.009384
0 0.418750 0.268487 0.008203 0.010948
0 0.741406 0.745508 0.007031 0.014076
0 0.303516 0.973852 0.010156 0.009384
0 0.698828 0.057347 0.007812 0.008341
0 0.539062 0.238250 0.011328 0.014858
0 0.462109 0.522377 0.007812 0.009384
0 0.715625 0.780959 0.006641 0.007820
0 0.850000 0.490054 0.009375 0.010948
0 0.574219 0.288819 0.007422 0.009123
0 0.520703 0.438963 0.008594 0.009384
0 0.142773 0.493182 0.011133 0.013033
0 0.226172 0.950913 0.012695 0.009384
0 0.385938 0.661052 0.008398 0.009905
0 0.297656 0.933188 0.007617 0.010427
0 0.730469 0.287255 0.006641 0.008602
0 0.169336 0.251804 0.008691 0.009645
0 0.298047 0.864372 0.004688 0.009905
0 0.010846 0.207491 0.009998 0.008863
0 0.826563 0.144931 0.007812 0.014337
0 0.300781 0.580766 0.007812 0.013033
0 0.512891 0.252065 0.010938 0.014597
0 0.542188 0.838305 0.008594 0.015640
0 0.485938 0.577117 0.008203 0.011469
0 0.394141 0.653232 0.007812 0.010427
0 0.807813 0.813281 0.007031 0.014076
0 0.951563 0.428537 0.009375 0.013033
0 0.664062 0.395171 0.007422 0.006777
0 0.565234 0.822665 0.007812 0.013033
0 0.265625 0.812239 0.007617 0.009384
0 0.424219 0.374318 0.008203 0.010948
0 0.456641 0.102442 0.007031 0.011339
0 0.286719 0.368062 0.006836 0.010948
0 0.611719 0.636549 0.010547 0.014597
0 0.427344 0.994706 0.007031 0.007299
0 0.120508 0.461381 0.007910 0.010427
0 0.113281 0.918591 0.009668 0.010427
0 0.313086 0.886268 0.010156 0.014076
0 0.378125 0.691289 0.012305 0.008863
0 0.322852 0.747072 0.007031 0.007299
0 0.271875 0.337303 0.004883 0.006517
0 0.203320 0.471286 0.006250 0.005735
0 0.517969 0.520292 0.007422 0.008863
0 0.236328 0.440006 0.008789 0.009384
0 0.843750 0.734560 0.011719 0.011469
0 0.180371 0.913377 0.009180 0.011469
0 0.016406 0.139718 0.007605 0.007820
0 0.985937 0.759063 0.010938 0.010948
0 0.532031 0.117822 0.008984 0.013555
0 0.433594 0.672521 0.007812 0.010427
0 0.019971 0.028152 0.008215 0.015249
0 0.685156 0.114694 0.010156 0.008863
0 0.707812 0.267184 0.008203 0.013033
0 0.249609 0.730389 0.008789 0.011469
0 0.626563 0.640720 0.007422 0.008341
0 0.351562 0.542709 0.011914 0.011469
0 0.777344 0.574510 0.006641 0.007820
0 0.692969 0.771574 0.011328 0.014076
0 0.408594 0.839869 0.007031 0.006256
0 0.148633 0.544794 0.007812 0.009384
0 0.347656 0.397257 0.010352 0.013033
0 0.296680 0.518206 0.011328 0.010948
0 0.510156 0.160571 0.009766 0.011209
0 0.600781 0.679820 0.007031 0.008341
0 0.024219 0.034929 0.008167 0.010948
0 0.359766 0.943615 0.009375 0.012512
0 0.513281 0.421238 0.007422 0.011991
0 0.761719 0.495267 0.010547 0.014597
0 0.339453 0.756456 0.009766 0.008341
0 0.002637 0.283866 0.005273 0.013033
0 0.395312 0.169955 0.008008 0.006517
0 0.268750 0.444177 0.008594 0.016161
0 0.842188 0.321403 0.005469 0.008863
0 0.395312 0.849253 0.009570 0.009384
0 0.164941 0.938401 0.009375 0.007299
0 0.176270 0.534889 0.007227 0.009905
0 0.625781 0.359460 0.009766 0.014597
0 0.774609 0.494225 0.008594 0.009905
0 0.390820 0.733517 0.012109 0.011469
0 0.287109 0.235122 0.009766 0.012251
0 0.264648 0.148059 0.007812 0.006777
0 0.951563 0.217918 0.009375 0.017465
0 0.062109 0.584937 0.007861 0.010427
0 0.015137 0.206970 0.010364 0.009645
0 0.130273 0.947785 0.007227 0.006256
0 0.425000 0.930060 0.008203 0.011469
0 0.336719 0.877927 0.007031 0.008863
0 0.058301 0.501523 0.007178 0.010427
0 0.589063 0.196022 0.006641 0.007038
0 0.382422 0.690246 0.009766 0.009905
0 0.292188 0.312800 0.005664 0.009123
0 0.416406 0.413418 0.009375 0.009384
0 0.557031 0.466073 0.009766 0.010948
0 0.524219 0.523419 0.007422 0.010427
0 0.201367 0.414982 0.010254 0.009905
0 0.127148 0.255454 0.008496 0.006777
0 0.302344 0.231212 0.007422 0.007820
0 0.573828 0.925889 0.007812 0.011469
0 0.014392 0.501002 0.009595 0.012512
0 0.623437 0.616217 0.007812 0.008863
0 0.007800 0.176211 0.011200 0.011469
0 0.901563 0.997874 0.007812 0.004252
0 0.339453 0.996571 0.009961 0.006858
0 0.105566 0.252847 0.010352 0.013815
0 0.101367 0.790343 0.008203 0.006777
0 0.116797 0.144410 0.007520 0.007820
0 0.910938 0.586501 0.006250 0.008341
0 0.016089 0.627165 0.011005 0.009384
0 0.210156 0.520813 0.007617 0.010427
0 0.169824 0.443134 0.008398 0.009384
0 0.074365 0.006517 0.007324 0.009123
0 0.519141 0.979066 0.010156 0.012512
0 0.488281 0.729346 0.008203 0.011469
0 0.621094 0.344081 0.008984 0.008863
0 0.818750 0.907121 0.008594 0.015640
0 0.627344 0.767404 0.010937 0.014076
0 0.912500 0.603184 0.007031 0.012512
0 0.842969 0.496310 0.006250 0.008863
0 0.848438 0.846647 0.008594 0.013555
0 0.281641 0.251283 0.009180 0.015379
0 0.143945 0.053046 0.010059 0.010687
0 0.165234 0.650625 0.008887 0.009905
0 0.052148 0.093319 0.009253 0.008732
0 0.593750 0.389958 0.008203 0.011991
0 0.749609 0.128770 0.007812 0.011991
0 0.826563 0.338085 0.006250 0.007299
0 0.858594 0.702758 0.010937 0.008863
0 0.900000 0.577638 0.008594 0.011991
0 0.383984 0.552614 0.004492 0.007820
0 0.461719 0.923804 0.010156 0.011469
0 0.747656 0.919633 0.008984 0.011469
0 0.757422 0.955084 0.009375 0.009384
0 0.254883 0.207491 0.006250 0.008602
0 0.625781 0.257018 0.009766 0.010427
0 0.851562 0.846647 0.008594 0.010427
0 0.417188 0.540624 0.006250 0.010427
0 0.287500 0.134244 0.008984 0.011469
0 0.789062 0.605790 0.010547 0.014076
0 0.716406 0.373797 0.006641 0.010427
0 0.469531 0.353465 0.007422 0.010166
0 0.792969 0.432186 0.007031 0.014597
0 0.526563 0.560956 0.008984 0.014597
0 0.756250 0.245548 0.008203 0.014337
0 0.953125 0.326095 0.009375 0.011991
0 0.645312 0.473371 0.008594 0.009905
0 0.058301 0.786693 0.009912 0.009384
0 0.384766 0.319057 0.005469 0.009905
0 0.396094 0.686076 0.007031 0.008341
0 0.644531 0.024763 0.004687 0.006126
0 0.197559 0.796599 0.009180 0.012512
0 0.463281 0.735081 0.009766 0.010948
0 0.432813 0.247112 0.007812 0.008081
0 0.423828 0.870107 0.010156 0.011469
0 0.810938 0.343559 0.006250 0.011730
0 0.122070 0.133462 0.011230 0.011730
0 0.666406 0.543230 0.008203 0.009384
0 0.638281 0.568254 0.008594 0.013033
0 0.853125 0.019289 0.011719 0.011730
0 0.945312 0.402470 0.010156 0.009384
0 0.553906 0.619345 0.008203 0.007299
0 0.539844 0.546358 0.009375 0.008341
0 0.186035 0.071162 0.006055 0.012382
0 0.783594 0.618302 0.010938 0.009905
0 0.475000 0.179860 0.009375 0.012251
0 0.602344 0.850817 0.010547 0.015119
0 0.590625 0.068034 0.009766 0.009645
0 0.147070 0.852903 0.008594 0.009384
0 0.247461 0.630293 0.005078 0.007299
0 0.903125 0.305502 0.008594 0.008341
0 0.133203 0.527590 0.007715 0.008863
0 0.291211 0.920676 0.009766 0.010427
0 0.301563 0.532803 0.010742 0.008863
0 0.242188 0.719441 0.008594 0.010948
0 0.153516 0.986364 0.009961 0.011469
0 0.590625 0.758020 0.007422 0.011991
0 0.334961 0.720484 0.007031 0.007820
0 0.427344 0.832049 0.010156 0.010427
0 0.332031 0.228084 0.007422 0.009384
0 0.270703 0.222088 0.007227 0.009123
0 0.239844 0.657924 0.008789 0.010427
0 0.716016 0.653753 0.009375 0.011991
0 0.259766 0.611004 0.006836 0.011991
0 0.837500 0.178818 0.011719 0.013815
0 0.312500 0.383702 0.002930 0.004171
0 0.135156 0.819537 0.008691 0.007299
0 0.764844 0.218178 0.010547 0.013033
0 0.243750 0.022026 0.006836 0.011991
0 0.732812 0.351901 0.010547 0.012251
0 0.835938 0.121992 0.008594 0.008863
0 0.931250 0.028022 0.009375 0.011730
0 0.469531 0.852381 0.011328 0.013555
0 0.868750 0.720484 0.008594 0.015119
0 0.758594 0.327919 0.010547 0.013555
0 0.629687 0.668350 0.007422 0.011991
0 0.192480 0.534889 0.007812 0.009905
0 0.092334 0.468158 0.007129 0.008863
0 0.767187 0.911292 0.010938 0.009384
0 0.604688 0.110523 0.008203 0.010948
0 0.757812 0.921719 0.008203 0.008341
0 0.553125 0.036754 0.005859 0.006908
0 0.645313 0.049005 0.009766 0.009123
0 0.341016 0.526547 0.008008 0.009905
0 0.549219 0.555742 0.008984 0.007820
0 0.070166 0.295596 0.009473 0.010166
0 0.300195 0.515078 0.009375 0.009384
0 0.344336 0.813803 0.007422 0.009384
0 0.460938 0.413939 0.008203 0.008341
0 0.050049 0.151187 0.007788 0.011469
0 0.166211 0.680862 0.006445 0.005735
0 0.596875 0.394650 0.012109 0.016683
0 0.018750 0.086802 0.009338 0.016552
0 0.281641 0.211140 0.007812 0.010948
0 0.086572 0.217396 0.013184 0.012773
0 0.809375 0.880533 0.008594 0.011469
0 0.510156 0.141803 0.012109 0.010166
0 0.097168 0.345645 0.010889 0.010687
0 0.083496 0.292990 0.008447 0.012512
0 0.378906 0.021375 0.005078 0.006386
0 0.523438 0.565648 0.011328 0.018768
0 0.295703 0.971767 0.009961 0.013555
0 0.790625 0.397257 0.008984 0.010427
0 0.525781 0.384223 0.010547 0.013555
0 0.620313 0.617260 0.009766 0.009905
0 0.342187 0.895652 0.006055 0.006777
0 0.369531 0.434793 0.007422 0.009905
0 0.396094 0.732474 0.010938 0.008341
0 0.527344 0.506216 0.010547 0.008341
0 0.596094 0.801812 0.007812 0.008863
0 0.775781 0.623516 0.010547 0.010948
0 0.262109 0.853945 0.007812 0.009384
0 0.585938 0.466073 0.008984 0.010948
0 0.029004 0.104267 0.009204 0.010036
0 0.662500 0.683990 0.002734 0.004171
0 0.143164 0.618302 0.010645 0.014076
0 0.368750 0.555742 0.008398 0.013555
0 0.429297 0.180121 0.005469 0.006777
0 0.535547 0.160832 0.008594 0.009384
0 0.623437 0.238771 0.005859 0.008341
0 0.545313 0.160832 0.008594 0.009905
0 0.301563 0.519770 0.011523 0.014597
0 0.814844 0.607876 0.009375 0.009384
0 0.608594 0.468158 0.007422 0.011991
0 0.089648 0.345645 0.010889 0.011991
0 0.163770 0.590672 0.006836 0.009384
0 0.494531 0.286473 0.008594 0.013033
0 0.221094 0.301331 0.009570 0.011469
0 0.446484 0.397257 0.008594 0.009905
0 0.186426 0.320099 0.007227 0.007038
0 0.070508 0.837263 0.011279 0.014076
0 0.890625 0.851860 0.008594 0.009384
0 0.695312 0.191851 0.009375 0.011209
0 0.032129 0.140500 0.010083 0.009905
0 0.314453 0.238250 0.009180 0.007559
0 0.508203 0.111826 0.008594 0.009384
0 0.280469 0.391522 0.007227 0.014597
0 0.482031 0.525505 0.008203 0.011991
0 0.003030 0.859159 0.006059 0.013033
0 0.117383 0.913377 0.010254 0.010427
0 0.426562 0.315668 0.007422 0.008341
0 0.654297 0.703801 0.009375 0.009384
0 0.391992 0.105310 0.007422 0.008602
0 0.503906 0.447305 0.010547 0.009384
0 0.232422 0.409769 0.008594 0.014597
0 0.846875 0.331569 0.005469 0.008081
0 0.257422 0.747593 0.007617 0.007820
0 0.809375 0.638113 0.008594 0.011991
0 0.680469 0.031280 0.008984 0.014597
0 0.529688 0.451997 0.008594 0.009384
0 0.369922 0.508822 0.008398 0.013555
0 0.234375 0.079373 0.010742 0.012773
0 0.307422 0.971767 0.011133 0.009384
0 0.925000 0.194979 0.007812 0.010166
0 0.460938 0.305502 0.008594 0.008602
0 0.364453 0.455125 0.008984 0.011469
0 0.492188 0.679820 0.009766 0.009384
0 0.244922 0.321663 0.010938 0.011469
0 0.528906 0.015119 0.007422 0.009645
0 0.279883 0.556264 0.008594 0.012512
0 0.950781 0.670957 0.007812 0.009384
0 0.903125 0.581809 0.010156 0.011991
0 0.357813 0.433750 0.010742 0.011991
0 0.428125 0.328962 0.006250 0.008602
0 0.725000 0.921719 0.010547 0.011469
0 0.267383 0.347209 0.007422 0.007559
0 0.249219 0.546358 0.006641 0.010427
0 0.126367 0.550529 0.011035 0.013033
0 0.954687 0.154315 0.010156 0.010427
0 0.673828 0.456689 0.010156 0.008863
0 0.590625 0.527590 0.007812 0.006777
0 0.610156 0.511429 0.009375 0.011469
0 0.953125 0.320099 0.007812 0.015901
0 0.718359 0.271094 0.007812 0.010687
0 0.615625 0.942572 0.009766 0.010427
0 0.176074 0.245027 0.008203 0.008081
0 0.123438 0.821101 0.011035 0.009384
0 0.437891 0.898780 0.010937 0.010427
0 0.464063 0.105049 0.006641 0.007820
0 0.152148 0.889396 0.006055 0.007820
0 0.782031 0.162656 0.008594 0.012512
0 0.853125 0.441049 0.010156 0.012512
0 0.354688 0.509343 0.008203 0.011469
0 0.771094 0.952999 0.010547 0.011469
0 0.705859 0.511950 0.012500 0.014076
0 0.079395 0.173604 0.010449 0.010687
0 0.508203 0.275786 0.009375 0.011730
0 0.932813 0.995748 0.008594 0.008341
0 0.820312 0.592757 0.012500 0.010427
0 0.144531 0.829443 0.007422 0.006256
0 0.996680 0.911292 0.006641 0.009384
0 0.699219 0.241117 0.009375 0.010427
0 0.925000 0.395171 0.007031 0.010948
0 0.031104 0.776267 0.010303 0.012512
0 0.034912 0.693374 0.009302 0.012512
0 0.732031 0.222088 0.011328 0.013294
0 0.416797 0.965511 0.005469 0.008341
0 0.129102 0.440006 0.005176 0.006777
0 0.241406 0.741337 0.011133 0.013555
0 0.663281 0.298203 0.009766 0.009384
0 0.055469 0.422281 0.007471 0.006777
0 0.699609 0.386830 0.008594 0.010948
0 0.860937 0.061778 0.007031 0.010166
0 0.302344 0.105831 0.010352 0.007559
0 0.172363 0.556785 0.006641 0.008863
0 0.129688 0.951956 0.008203 0.010427
0 0.046729 0.821101 0.008716 0.014597
0 0.489844 0.526026 0.009375 0.012512
0 0.315625 0.027109 0.008398 0.010557
0 0.487500 0.131376 0.008984 0.014337
0 0.709375 0.782001 0.007422 0.008863
0 0.564453 0.211662 0.009375 0.010687
0 0.752344 0.687118 0.008984 0.013033
0 0.134375 0.428537 0.008203 0.011991
0 0.150781 0.367541 0.011230 0.014597
0 0.386133 0.571382 0.006250 0.010948
0 0.544531 0.843519 0.008203 0.014597
0 0.960938 0.663137 0.005469 0.006256
0 0.255078 0.611004 0.009570 0.011991
0 0.554688 0.446262 0.008203 0.011469
0 0.496094 0.676692 0.011328 0.009905
0 0.448438 0.535932 0.008594 0.010948
0 0.485156 0.086411 0.007422 0.009123
0 0.651563 0.614132 0.009375 0.009905
0 0.282031 0.753849 0.008203 0.010948
0 0.282422 0.505694 0.006836 0.008341
0 0.875000 0.493182 0.010156 0.011991
0 0.395312 0.737166 0.010156 0.009905
0 0.260742 0.062039 0.005859 0.008993
0 0.066992 0.294554 0.009473 0.010166
0 0.623437 0.548443 0.005859 0.009384
0 0.801563 0.726740 0.009375 0.010948
0 0.268359 0.660009 0.008789 0.015640
0 0.626563 0.372754 0.010156 0.009384
0 0.362500 0.463987 0.009180 0.013555
0 0.381641 0.143628 0.007227 0.010427
0 0.921875 0.943615 0.007812 0.010427
0 0.716406 0.355550 0.008203 0.008341
0 0.582422 0.027891 0.007812 0.010818
0 0.397852 0.535932 0.010547 0.011991
0 0.282422 0.198368 0.007812 0.007820
0 0.457422 0.554700 0.008594 0.009384
0 0.220313 0.637070 0.007422 0.009384
0 0.481250 0.427494 0.009375 0.014076
0 0.139063 0.404555 0.006934 0.011991
0 0.662109 0.969682 0.006250 0.009384
0 0.628125 0.614132 0.009375 0.008863
0 0.005234 0.447305 0.008270 0.005213
0 0.196289 0.223131 0.009277 0.008602
0 0.231250 0.612046 0.010742 0.017204
0 0.178906 0.260667 0.009473 0.010948
0 0.638281 0.497874 0.010547 0.014597
0 0.131836 0.894609 0.011426 0.017204
0 0.717969 0.170998 0.006641 0.014597
0 0.717188 0.309151 0.011328 0.014337
0 0.062891 0.685033 0.007568 0.009384
0 0.278516 0.135547 0.006445 0.009384
0 0.166113 0.695460 0.009766 0.011991
0 0.222266 0.172040 0.007617 0.007299
0 0.628906 0.604226 0.010547 0.009384
0 0.135547 0.421238 0.008691 0.007820
0 0.290039 0.603705 0.010156 0.008863
0 0.255469 0.457731 0.009961 0.010948
0 0.600000 0.456689 0.007812 0.009384
0 0.265234 0.154576 0.009180 0.011469
0 0.405469 0.308890 0.005078 0.006777
0 0.372070 0.604748 0.006250 0.008341
0 0.602734 0.955084 0.010156 0.013555
0 0.232812 0.314364 0.009570 0.010427
0 0.198242 0.237207 0.005957 0.008341
0 0.192676 0.702237 0.007031 0.009384
0 0.241992 0.795556 0.007812 0.010948
0 0.094482 0.105049 0.009863 0.010818
0 0.953125 0.983236 0.007031 0.010427
0 0.267969 0.247373 0.007812 0.008863
0 0.389844 0.855509 0.010938 0.009384
0 0.361133 0.491618 0.007031 0.011469
0 0.106250 0.217396 0.010449 0.012773
0 0.138086 0.419153 0.008789 0.009905
0 0.348242 0.793471 0.008203 0.009905
0 0.266992 0.740294 0.009766 0.007299
0 0.188867 0.276307 0.011914 0.012773
0 0.826563 0.298203 0.009375 0.009645
0 0.248437 0.603705 0.005469 0.007299
0 0.253320 0.329223 0.008594 0.015640
0 0.703906 0.229908 0.006641 0.006517
0 0.248047 0.280738 0.008789 0.009384
0 0.166211 0.005083 0.006543 0.008081
0 0.788281 0.661573 0.007031 0.012512
0 0.755469 0.076506 0.007031 0.009645
0 0.660938 0.993663 0.009766 0.012512
0 0.963281 0.103745 0.007812 0.011730
0 0.317969 0.849253 0.011719 0.016683
0 0.780078 0.772617 0.007812 0.007299
0 0.447656 0.531761 0.009375 0.013033
0 0.300977 0.264838 0.008203 0.009645
0 0.304883 0.565126 0.010547 0.010948
0 0.100293 0.347209 0.009619 0.010687
0 0.502344 0.173083 0.011328 0.012773
0 0.971875 0.526547 0.010156 0.011991
0 0.157813 0.821623 0.010547 0.007299
0 0.595313 0.505694 0.009766 0.008863
0 0.398828 0.123556 0.009961 0.009905
0 0.941406 0.099053 0.009375 0.010296
0 0.746094 0.201235 0.007422 0.011730
0 0.026050 0.810675 0.009387 0.013555
0 0.303516 0.074811 0.011133 0.011078
0 0.629687 0.330005 0.007031 0.010166
0 0.153711 0.254411 0.007324 0.010166
0 0.391797 0.787215 0.009570 0.009905
0 0.542969 0.241899 0.010547 0.013815
0 0.409766 0.679820 0.007812 0.008341
0 0.554688 0.872713 0.005078 0.008863
0 0.962500 0.225998 0.007031 0.009384
0 0.735547 0.596406 0.010937 0.012512
0 0.995313 0.285430 0.007031 0.009384
0 0.388672 0.535410 0.012891 0.013555
0 0.777344 0.747593 0.011328 0.008863
0 0.394531 0.545837 0.008398 0.008341
0 0.714063 0.021375 0.005859 0.008602
0 0.528906 0.301070 0.012891 0.013033
0 0.107617 0.660009 0.008301 0.013033
0 0.387891 0.861765 0.009570 0.011469
0 0.472656 0.370669 0.006250 0.008081
0 0.013403 0.927975 0.008844 0.010427
0 0.613672 0.606833 0.007812 0.009905
0 0.313477 0.780959 0.007812 0.010948
0 0.658984 0.543752 0.011719 0.009384
0 0.242188 0.247894 0.007031 0.009384
0 0.278906 0.621430 0.008984 0.008863
0 0.655469 0.629772 0.007422 0.013555
0 0.133789 0.616217 0.011328 0.012512
0 0.739844 0.618302 0.011328 0.010427
0 0.462500 0.527590 0.008984 0.015119
0 0.389453 0.741858 0.009961 0.014597
0 0.935938 0.212183 0.008594 0.010687
0 0.111719 0.364413 0.009863 0.008081
0 0.094238 0.137893 0.009912 0.013555
0 0.242383 0.881055 0.008594 0.010948
0 0.530078 0.662094 0.006250 0.008863
0 0.764844 0.748114 0.008203 0.009384
0 0.103223 0.472329 0.010352 0.007820
0 0.260156 0.978023 0.005664 0.007299
0 0.855469 0.467115 0.006250 0.009905
0 0.275586 0.939444 0.010156 0.010427
0 0.254883 0.648540 0.009375 0.011469
0 0.496875 0.547401 0.008984 0.007299
0 0.367383 0.063212 0.007031 0.008602
0 0.581250 0.361806 0.007812 0.013294
0 0.637500 0.662094 0.011328 0.015640
0 0.634766 0.118864 0.009375 0.016161
0 0.775000 0.514036 0.007812 0.011991
0 0.843750 0.020332 0.007031 0.009775
0 0.142578 0.413939 0.010742 0.007299
0 0.928125 0.872192 0.010156 0.010427
0 0.818750 0.136068 0.009375 0.014858
0 0.195703 0.509343 0.007910 0.011469
0 0.611328 0.010948 0.011719 0.013815
0 0.762500 0.677734 0.009766 0.014076
0 0.670703 0.188202 0.010156 0.011730
0 0.280469 0.129552 0.007227 0.006256
0 0.267188 0.602662 0.006445 0.009905
0 0.163672 0.359199 0.008203 0.009645
0 0.127344 0.907121 0.010742 0.014597
0 0.264453 0.612046 0.006055 0.011469
0 0.560938 0.289862 0.010156 0.011209
0 0.272852 0.380053 0.007812 0.010427
0 0.112695 0.189244 0.008984 0.010687
0 0.407813 0.789821 0.008203 0.008341
0 0.503125 0.676692 0.009766 0.010427
0 0.476562 0.448347 0.007812 0.009384
0 0.535547 0.463987 0.010156 0.011469
0 0.029932 0.432707 0.007983 0.011991
0 0.307422 0.153012 0.008398 0.012512
0 0.992188 0.689725 0.010156 0.015640
0 0.548828 0.402470 0.005469 0.009384
0 0.840625 0.410290 0.010156 0.011469
0 0.529688 0.464509 0.012109 0.015640
0 0.026440 0.961340 0.009143 0.012512
0 0.337891 0.487969 0.008789 0.013033
0 0.496094 0.028934 0.008203 0.011600
0 0.323828 0.778873 0.011914 0.013033
0 0.308203 0.256496 0.007617 0.010427
0 0.967188 0.006126 0.010156 0.008863
0 0.333594 0.675128 0.010547 0.015640
0 0.448047 0.168912 0.008594 0.010687
0 0.418359 0.514036 0.007031 0.010948
0 0.655859 0.597970 0.009375 0.012512
0 0.166797 0.398299 0.006543 0.009905
0 0.435938 0.198107 0.007422 0.010166
0 0.909375 0.580766 0.005469 0.013555
0 0.557813 0.901908 0.007812 0.011991
0 0.142578 0.451475 0.009766 0.014076
0 0.327344 0.544273 0.011133 0.014076
0 0.738672 0.564605 0.007031 0.009384
0 0.366797 0.723612 0.008008 0.008863
0 0.669141 0.365977 0.007812 0.008341
0 0.165527 0.973852 0.007227 0.009384
0 0.952344 0.849253 0.006250 0.008341
0 0.539844 0.033496 0.009766 0.010687
0 0.191797 0.739773 0.006738 0.012512
0 0.937500 0.536974 0.007031 0.014597
0 0.907812 0.539060 0.006250 0.007820
0 0.191211 0.726740 0.007812 0.008863
0 0.864063 0.923804 0.010156 0.009384
0 0.626953 0.317753 0.010156 0.011469
0 0.756641 0.323227 0.010156 0.013294
0 0.902344 0.572425 0.010938 0.016161
0 0.632812 0.501523 0.011719 0.013033
0 0.333594 0.181946 0.006836 0.009645
0 0.955469 0.738209 0.010938 0.011469
0 0.653906 0.777830 0.011328 0.013555
0 0.423828 0.394129 0.007812 0.008341
0 0.934375 0.776788 0.009375 0.010948
0 0.446094 0.239032 0.007031 0.009905
0 0.589063 0.660530 0.008203 0.013555
0 0.761328 0.095795 0.007812 0.009645
0 0.407813 0.653753 0.008203 0.007820
0 0.750781 0.514557 0.006641 0.008341
0 0.518750 0.180903 0.007422 0.012773
0 0.187500 0.058389 0.008496 0.012512
0 0.292969 0.930060 0.009766 0.013555
0 0.155273 0.774181 0.007520 0.008341
0 0.507812 0.318014 0.010547 0.012512
0 0.617578 0.487969 0.007812 0.013555
0 0.935156 0.406641 0.007812 0.009384
0 0.373828 0.288819 0.009375 0.010427
0 0.018213 0.172040 0.008118 0.009645
0 0.118750 0.660530 0.010742 0.011469
0 0.535937 0.504651 0.006641 0.007299
0 0.483594 0.224174 0.008984 0.009384
0 0.637500 0.225477 0.008984 0.011991
0 0.323047 0.786172 0.009961 0.008863
0 0.496875 0.297682 0.011719 0.009905
0 0.710156 0.455646 0.009766 0.009384
0 0.571875 0.536453 0.009766 0.011469
0 0.848438 0.395171 0.010938 0.010427
0 0.396680 0.801291 0.011328 0.011469
0 0.588281 0.987407 0.008984 0.014597
0 0.708594 0.975937 0.010938 0.014597
0 0.537500 0.203581 0.008203 0.012512
0 0.654688 0.634985 0.008984 0.011991
0 0.508203 0.859159 0.010156 0.011469
0 0.160352 0.591193 0.010254 0.011991
0 0.888281 0.088757 0.007812 0.009905
0 0.400000 0.101399 0.008984 0.011339
0 0.851562 0.732996 0.007031 0.013555
0 0.282813 0.309151 0.010547 0.011730
0 0.048340 0.811196 0.006250 0.008863
0 0.445312 0.706408 0.008984 0.011469
0 0.615625 0.609961 0.011719 0.013033
0 0.180664 0.478585 0.008691 0.013555
0 0.047607 0.314886 0.005664 0.008081
0 0.476172 0.920676 0.010156 0.010427
0 0.633203 0.798684 0.009375 0.009905
0 0.183203 0.076897 0.008008 0.010036
0 0.409375 0.849775 0.010547 0.009905
0 0.635938 0.461902 0.012109 0.013555
0 0.723437 0.019550 0.008594 0.009384
0 0.003040 0.384745 0.005377 0.008863
0 0.113477 0.672000 0.007227 0.009384
0 0.630469 0.579724 0.008594 0.010427
0 0.425391 0.067773 0.007031 0.012121
0 0.804688 0.498395 0.007031 0.008341
0 0.588281 0.612046 0.008203 0.010427
0 0.400000 0.585980 0.008594 0.014076
0 0.284570 0.535932 0.009766 0.009905
0 0.604297 0.050309 0.007812 0.012121
0 0.160938 0.663658 0.004785 0.007299
0 0.270313 0.612046 0.007422 0.008863
0 0.479688 0.265880 0.006250 0.009645
0 0.657813 0.729868 0.009766 0.015119
0 0.377734 0.536974 0.007617 0.013033
0 0.033887 0.029455 0.006567 0.007950
0 0.418359 0.294554 0.007812 0.010166
0 0.382812 0.753849 0.007812 0.016683
0 0.020776 0.764276 0.008826 0.007820
0 0.794531 0.445741 0.010547 0.014597
0 0.314844 0.907121 0.009375 0.007299
0 0.615625 0.372233 0.005469 0.007820
0 0.449219 0.457210 0.008594 0.012512
0 0.601172 0.767404 0.007812 0.015640
0 0.159082 0.302374 0.010742 0.009384
0 0.531250 0.578681 0.008594 0.012512
0 0.359766 0.726740 0.008203 0.010427
0 0.079932 0.973852 0.006934 0.009384
0 0.064551 0.088627 0.007178 0.007950
0 0.380859 0.438963 0.009961 0.008863
0 0.165430 0.443134 0.010254 0.011991
0 0.289453 0.632378 0.006445 0.009384
0 0.730859 0.595885 0.010937 0.014597
0 0.650391 0.317492 0.008594 0.015379
0 0.527344 0.215050 0.010156 0.007820
0 0.478125 0.460338 0.008203 0.010427
0 0.851562 0.321142 0.007031 0.007820
0 0.556641 0.966554 0.012500 0.014597
0 0.828125 0.121471 0.009375 0.015901
0 0.096045 0.143367 0.010449 0.012251
0 0.112695 0.144410 0.008301 0.009123
0 0.655859 0.988450 0.006250 0.008341
0 0.851562 0.397257 0.009375 0.008863
0 0.314648 0.812760 0.008594 0.009384
0 0.441406 0.612568 0.006250 0.010427
0 0.457812 0.229387 0.008594 0.007038
0 0.120312 0.245548 0.009180 0.009123
0 0.546094 0.133983 0.010547 0.014076
0 0.276953 0.417067 0.006836 0.010948
0 0.795313 0.503609 0.008984 0.009905
0 0.269141 0.671478 0.009961 0.016161
0 0.755078 0.055913 0.008594 0.008863
0 0.307422 0.691289 0.009961 0.009384
0 0.053906 0.071423 0.006885 0.007429
0 0.775781 0.378489 0.007422 0.011469
0 0.095654 0.469201 0.009082 0.012512
0 0.742969 0.411333 0.006641 0.013555
0 0.828906 0.486926 0.007812 0.006777
0 0.413281 0.410811 0.009375 0.009905
0 0.339453 0.906079 0.010547 0.008341
0 0.647266 0.601620 0.009375 0.010948
0 0.483203 0.154315 0.007812 0.008341
0 0.437500 0.987407 0.008984 0.010427
0 0.650781 0.891481 0.007422 0.008863
0 0.690234 0.396214 0.008594 0.007820
0 0.776563 0.861244 0.007422 0.013033
0 0.461719 0.890439 0.007812 0.011991
0 0.440234 0.198107 0.008594 0.010948
0 0.800000 0.162135 0.011719 0.017725
0 0.307812 0.780959 0.006836 0.012512
0 0.935938 0.022417 0.008594 0.010687
0 0.738281 0.758020 0.009766 0.009905
0 0.394922 0.058129 0.008398 0.015249
0 0.604688 0.462945 0.006641 0.011991
0 0.950781 0.190287 0.010938 0.014337
0 0.027271 0.469201 0.010095 0.009905
0 0.557813 0.551572 0.010938 0.012512
0 0.962500 0.329483 0.008594 0.018507
0 0.771875 0.628208 0.011719 0.010427
0 0.763672 0.874799 0.010938 0.013033
0 0.413672 0.260667 0.008594 0.010166
0 0.805469 0.651668 0.010938 0.012512
0 0.136914 0.207491 0.007910 0.010687
0 0.471094 0.519249 0.010156 0.011469
0 0.379297 0.454082 0.008984 0.008341
0 0.037598 0.422281 0.007910 0.009905
0 0.810156 0.411854 0.007812 0.013555
0 0.109473 0.003519 0.008008 0.007038
0 0.900000 0.321663 0.007812 0.014076
0 0.334961 0.813281 0.007031 0.007820
0 0.020935 0.836220 0.010474 0.011469
0 0.573438 0.360763 0.007031 0.010687
0 0.754688 0.092276 0.012109 0.011339
0 0.586328 0.347209 0.007031 0.007559
0 0.506250 0.394650 0.008594 0.010427
0 0.507812 0.681905 0.008594 0.008341
0 0.834375 0.125381 0.007031 0.011991
0 0.594141 0.517685 0.009375 0.012512
0 0.258203 0.161092 0.007031 0.009645
0 0.679688 0.798684 0.009375 0.011991
0 0.579297 0.634985 0.010156 0.010948
0 0.507812 0.121471 0.009766 0.010687
0 0.403125 0.860201 0.010352 0.008863
0 0.917969 0.236164 0.006250 0.009123
0 0.067041 0.793471 0.006543 0.008863
0 0.513672 0.854988 0.007812 0.013033
0 0.356445 0.685033 0.008984 0.014076
0 0.564063 0.753849 0.012109 0.013033
0 0.953125 0.077157 0.007812 0.009254
0 0.012671 0.226259 0.008655 0.013555
0 0.266016 0.480670 0.008008 0.010427
0 0.753125 0.819537 0.008984 0.010948
0 0.681250 0.339128 0.009766 0.010948
0 0.802344 0.720484 0.010547 0.014076
0 0.184180 0.993964 0.011621 0.012072
0 0.100488 0.020071 0.007861 0.013424
0 0.056836 0.182467 0.010937 0.009123
0 0.450000 0.355029 0.011719 0.014076
0 0.347461 0.854467 0.009766 0.008341
0 0.545312 0.272397 0.005859 0.007820
0 0.804688 0.280478 0.010156 0.010687
0 0.995313 0.255454 0.009375 0.009123
0 0.395117 0.790343 0.009375 0.009384
0 0.614453 0.553657 0.009375 0.011991
0 0.408594 0.173083 0.010547 0.009905
0 0.703906 0.070250 0.006641 0.009645
0 0.043115 0.821623 0.007007 0.012512
0 0.203711 0.188723 0.007422 0.006517
0 0.258203 0.146756 0.005078 0.008341
0 0.599609 0.764276 0.007031 0.011469
0 0.436328 0.489011 0.006250 0.010427
0 0.568750 0.580766 0.009766 0.009384
0 0.713281 0.181946 0.008203 0.014076
0 0.530078 0.695460 0.006250 0.007820
0 0.302734 0.338607 0.006445 0.009384
0 0.882812 0.208534 0.010156 0.014858
0 0.900000 0.021896 0.008594 0.010818