0 0.846875 0.869585 0.006250 0.009905
0 0.870313 0.869585 0.007031 0.011991
0 0.236719 0.687118 0.006641 0.009905
0 0.876562 0.869585 0.007031 0.011469
0 0.426953 0.376403 0.008594 0.016161
0 0.848438 0.864372 0.006250 0.010948
0 0.784766 0.278392 0.007031 0.011730
0 0.867969 0.504651 0.006250 0.006777
0 0.548828 0.634464 0.008594 0.011469
0 0.424219 0.377446 0.006641 0.014597
0 0.557813 0.608918 0.009766 0.013033
0 0.783594 0.411854 0.007422 0.009905
0 0.582031 0.780959 0.007031 0.010948
0 0.546875 0.835177 0.005859 0.010427
0 0.044971 0.260146 0.011011 0.010166
0 0.019409 0.368583 0.007141 0.014337
0 0.315234 0.295596 0.004297 0.007038
0 0.657422 0.542188 0.009375 0.015119
0 0.050537 0.411333 0.008276 0.014597
0 0.957813 0.629772 0.008594 0.009384
0 0.381250 0.311758 0.007617 0.012512
0 0.096729 0.349815 0.009668 0.010948
0 0.895313 0.273179 0.010938 0.011209
0 0.791406 0.279956 0.006250 0.008863
0 0.857813 0.478585 0.009375 0.013033
0 0.159863 0.679820 0.006641 0.007820
0 0.642969 0.654796 0.008203 0.009905
0 0.347070 0.803376 0.008984 0.011469
0 0.226562 0.129552 0.007617 0.008863
0 0.548828 0.504651 0.008594 0.010948
0 0.270703 0.485883 0.009180 0.015640
0 0.513281 0.379010 0.007422 0.010427
0 0.856250 0.593278 0.010156 0.013555
0 0.797656 0.682948 0.009375 0.010427
0 0.775781 0.530718 0.007812 0.010427
0 0.809375 0.436357 0.009375 0.010427
0 0.452734 0.712142 0.006250 0.009384
0 0.614062 0.809111 0.008984 0.015640
0 0.239453 0.664180 0.009375 0.010427
0 0.464844 0.469201 0.008984 0.011991
0 0.426562 0.556264 0.009375 0.009384
0 0.625000 0.662094 0.008203 0.010948
0 0.383594 0.359199 0.008398 0.010166
0 0.678906 0.351901 0.008594 0.014597
0 0.708594 0.503609 0.009766 0.014076
0 0.557813 0.430622 0.007031 0.009905
0 0.383594 0.352422 0.008789 0.016683
0 0.645312 0.595364 0.010547 0.009905
0 0.652344 0.328441 0.009375 0.010687
0 0.605078 0.497353 0.008594 0.009905
0 0.364063 0.194979 0.008398 0.012251
0 0.906250 0.428015 0.007031 0.012512
0 0.467969 0.436357 0.007422 0.011469
0 0.443750 0.184552 0.008203 0.014076
0 0.607031 0.336261 0.009766 0.011209
0 0.502344 0.410811 0.011328 0.011469
0 0.814062 0.647497 0.008594 0.009384
0 0.489453 0.438963 0.008594 0.008341
0 0.341016 0.289340 0.008789 0.009905
0 0.725000 0.746029 0.007812 0.012512
0 0.909375 0.412897 0.007031 0.005213
0 0.810938 0.506216 0.005469 0.006256
0 0.897656 0.645933 0.009375 0.008341
0 0.536328 0.533846 0.010156 0.012512
0 0.270508 0.331308 0.008984 0.008863
0 0.622656 0.769489 0.008203 0.011469
0 0.552344 0.263795 0.008203 0.007559
0 0.450781 0.272658 0.008203 0.009123
0 0.482812 0.451997 0.007812 0.014597
0 0.901563 0.601620 0.010156 0.014076
0 0.627344 0.303938 0.006641 0.007559
0 0.889063 0.286212 0.008594 0.011209
0 0.012238 0.530718 0.009509 0.010948
0 0.766406 0.446262 0.004687 0.007820
0 0.484375 0.397257 0.007422 0.008863
0 0.703125 0.244766 0.008203 0.010427
0 0.050537 0.210098 0.009204 0.014597
0 0.396094 0.137632 0.009570 0.010166
0 0.528125 0.204884 0.007422 0.008081
0 0.133105 0.642284 0.009766 0.012512
0 0.924219 0.595364 0.009375 0.011991
0 0.865625 0.869585 0.007031 0.013033
0 0.096191 0.336782 0.007178 0.009123
0 0.673438 0.682948 0.008594 0.012512
0 0.714844 0.630814 0.006641 0.007820
0 0.548438 0.819537 0.007422 0.015119
0 0.620313 0.676170 0.009766 0.014597
0 0.676172 0.734038 0.009375 0.014076
0 0.445703 0.293772 0.007812 0.011469
0 0.885938 0.480670 0.008594 0.009905
0 0.747656 0.611004 0.009766 0.010948
0 0.589063 0.337303 0.008984 0.015901
0 0.317188 0.686076 0.010352 0.014076
0 0.151562 0.456167 0.007227 0.008341
0 0.457031 0.414461 0.010156 0.011469
0 0.554688 0.835177 0.008594 0.013033
0 0.470313 0.360763 0.008984 0.015379
0 0.375391 0.324531 0.010156 0.016683
0 0.448438 0.387873 0.008984 0.010427
0 0.409375 0.282042 0.008984 0.007559
0 0.595313 0.369626 0.008203 0.012251
0 0.586328 0.458253 0.009375 0.011469
0 0.550000 0.447305 0.008203 0.010427
0 0.752344 0.468158 0.007422 0.010948
0 0.684766 0.277871 0.008594 0.010166
0 0.634766 0.465030 0.008594 0.010948
0 0.739063 0.837784 0.007422 0.011469
0 0.882812 0.469201 0.010156 0.011469
0 0.575000 0.460338 0.011328 0.015640
0 0.282422 0.463987 0.010352 0.015640
0 0.270313 0.448347 0.007422 0.008863
0 0.131250 0.455646 0.009473 0.010427
0 0.555469 0.364673 0.006641 0.011991
0 0.782812 0.752806 0.008203 0.015640
0 0.590234 0.639156 0.007812 0.008863
0 0.445312 0.202799 0.008984 0.010948
0 0.820312 0.246591 0.008594 0.010166
0 0.709375 0.312800 0.006250 0.007299
0 0.027368 0.621430 0.008215 0.008863
0 0.303320 0.146495 0.007031 0.010687
0 0.621875 0.631857 0.009375 0.009905
0 0.691406 0.663658 0.009766 0.008341
0 0.278906 0.661052 0.004883 0.007820
0 0.627344 0.573989 0.008203 0.009384
0 0.113867 0.512471 0.008887 0.011469
0 0.331641 0.219482 0.007227 0.012512
0 0.950000 0.496831 0.008594 0.010427
0 0.052295 0.272658 0.009546 0.009123
0 0.571094 0.523941 0.008984 0.008341
0 0.741406 0.711100 0.008594 0.010948
0 0.641406 0.405598 0.007031 0.007299
0 0.560156 0.775745 0.009766 0.010948
0 0.385547 0.233297 0.008398 0.011991
0 0.851562 0.582330 0.008594 0.009384
0 0.260938 0.056565 0.005469 0.007559
0 0.668359 0.839348 0.007812 0.014076
0 0.269531 0.467637 0.009375 0.013555
0 0.106055 0.346166 0.008594 0.013033
0 0.912500 0.246330 0.007031 0.008341
0 0.213477 0.158225 0.009375 0.015640
0 0.889844 0.322185 0.004688 0.008863
0 0.608203 0.496310 0.010156 0.009905
0 0.657031 0.828400 0.008203 0.009384
0 0.596094 0.496310 0.007422 0.011469
0 0.203906 0.255714 0.008789 0.009384
0 0.557813 0.569297 0.008203 0.008863
0 0.538672 0.459817 0.009375 0.015119
0 0.885938 0.497353 0.006250 0.006777
0 0.621875 0.602662 0.008984 0.010427
0 0.521484 0.631336 0.009375 0.009384
0 0.245898 0.067513 0.009375 0.011339
0 0.679688 0.682948 0.005859 0.010948
0 0.683594 0.676692 0.010156 0.011469
0 0.191797 0.510386 0.007324 0.009384
0 0.566406 0.233036 0.010156 0.012773
0 0.281250 0.455125 0.007227 0.013555
0 0.845312 0.764276 0.007031 0.007299
0 0.926562 0.348773 0.007812 0.007559
0 0.631641 0.512993 0.007812 0.013033
0 0.788281 0.605269 0.010156 0.014597
0 0.475000 0.472329 0.007812 0.016161
0 0.871875 0.069077 0.009375 0.011339
0 0.101660 0.397257 0.008154 0.009384
0 0.631250 0.429579 0.007422 0.014076
0 0.376172 0.297160 0.008398 0.008863
0 0.433594 0.240596 0.010547 0.009905
0 0.658984 0.088627 0.009375 0.010557
0 0.881250 0.286212 0.007812 0.013033
0 0.319531 0.169434 0.008594 0.010948
0 0.708594 0.376403 0.009766 0.010948
0 0.976562 0.351901 0.008594 0.010427
0 0.214453 0.622473 0.008789 0.010948
0 0.708984 0.444177 0.007812 0.008863
0 0.592969 0.447826 0.008594 0.009384
0 0.223242 0.297682 0.008984 0.010687
0 0.632812 0.668350 0.008203 0.009905
0 0.671094 0.686597 0.008203 0.011469
0 0.413281 0.226780 0.011719 0.012251
0 0.721094 0.613089 0.008594 0.007820
0 0.788281 0.684512 0.008594 0.011469
0 0.417969 0.447305 0.008984 0.014076
0 0.856250 0.284909 0.011719 0.011991
0 0.591406 0.027370 0.004687 0.006777
0 0.564844 0.587022 0.007812 0.010427
0 0.771094 0.572946 0.007422 0.008341
0 0.182812 0.535932 0.008887 0.010948
0 0.570703 0.210358 0.009375 0.010948
0 0.557813 0.789821 0.010156 0.009384
0 0.372656 0.233558 0.007031 0.012512
0 0.477344 0.887311 0.008984 0.010427
0 0.600000 0.744465 0.007812 0.013033
0 0.660937 0.578681 0.008203 0.011991
0 0.789062 0.673564 0.007812 0.008341
0 0.721875 0.622473 0.010547 0.009384
0 0.926562 0.205406 0.007812 0.007038
0 0.631641 0.650625 0.007812 0.012512
0 0.523438 0.279174 0.005469 0.011991
0 0.623828 0.451997 0.010937 0.013555
0 0.708594 0.496831 0.010938 0.013555
0 0.545703 0.413939 0.008594 0.009905
0 0.990625 0.738209 0.007031 0.006777
0 0.434375 0.225738 0.012109 0.011209
0 0.288086 0.661573 0.007031 0.010427
0 0.632812 0.398299 0.009766 0.009384
0 0.925781 0.553657 0.009375 0.014076
0 0.217578 0.196543 0.006445 0.009123
0 0.306641 0.288298 0.007617 0.010166
0 0.196875 0.244506 0.009668 0.010687
0 0.777344 0.432186 0.007422 0.010427
0 0.477344 0.370669 0.008984 0.008602
0 0.300000 0.404555 0.007617 0.016161
0 0.194336 0.200714 0.010449 0.012251
0 0.467578 0.428015 0.008594 0.011469
0 0.388086 0.176732 0.008984 0.012251
0 0.201172 0.242942 0.009570 0.011730
0 0.727344 0.555742 0.008203 0.007820
0 0.594531 0.627686 0.006641 0.008863
0 0.645312 0.752806 0.008594 0.009384
0 0.540625 0.630293 0.008203 0.011469
0 0.131934 0.605269 0.007812 0.011469
0 0.470313 0.322706 0.008594 0.010687
0 0.633594 0.387873 0.008594 0.006777
0 0.700781 0.313322 0.007812 0.009645
0 0.332813 0.815367 0.008789 0.007820
0 0.732031 0.526026 0.007422 0.012512
0 0.283008 0.554700 0.008203 0.006777
0 0.671094 0.086281 0.010156 0.010557
0 0.040723 0.246852 0.008765 0.009905
0 0.608594 0.394129 0.008203 0.009905
0 0.282031 0.487969 0.010742 0.015119
0 0.946875 0.352943 0.007812 0.008602
0 0.526563 0.502566 0.008984 0.010427
0 0.603125 0.253108 0.010938 0.015640
0 0.780078 0.334697 0.010156 0.013815
0 0.254688 0.092928 0.006641 0.009905
0 0.683594 0.846647 0.007812 0.011991
0 0.589063 0.342517 0.009766 0.011209
0 0.223633 0.167609 0.009766 0.013555
0 0.008856 0.545316 0.009094 0.008863
0 0.182227 0.192633 0.007422 0.009905
0 0.451563 0.214268 0.007422 0.008602
0 0.556250 0.243984 0.007031 0.011730
0 0.572656 0.780437 0.007031 0.008341
0 0.068164 0.296639 0.008105 0.009123
0 0.240625 0.761148 0.009375 0.010427
0 0.108105 0.039882 0.006836 0.009123
0 0.589844 0.323488 0.009375 0.007820
0 0.364062 0.267444 0.009961 0.015119
0 0.400391 0.503609 0.008398 0.018768
0 0.557813 0.208534 0.011328 0.011991
0 0.782422 0.387873 0.008594 0.009384
0 0.388477 0.335218 0.009375 0.011209
0 0.333984 0.231994 0.008984 0.009384
0 0.700000 0.769489 0.008594 0.009905
0 0.476562 0.376403 0.009375 0.012512
0 0.554297 0.569818 0.004687 0.010427
0 0.627734 0.558870 0.011719 0.011991
0 0.668750 0.749678 0.007812 0.010427
0 0.326563 0.305502 0.006836 0.007559
0 0.766406 0.737688 0.008203 0.011469
0 0.244922 0.092406 0.007422 0.011209
0 0.807813 0.787215 0.010156 0.015640
0 0.729688 0.803376 0.009375 0.011469
0 0.570312 0.277610 0.009375 0.016161
0 0.859375 0.631857 0.010156 0.009384
0 0.095801 0.060866 0.009180 0.010948
0 0.420313 0.167870 0.010937 0.013033
0 0.789453 0.294032 0.008594 0.010427
0 0.446875 0.281781 0.009766 0.009384
0 0.456250 0.279696 0.009766 0.013033
0 0.457422 0.103485 0.008594 0.009775
0 0.352734 0.163438 0.010352 0.008863
0 0.636719 0.554700 0.010547 0.013033
0 0.347656 0.704844 0.008789 0.010948
0 0.276367 0.593278 0.009766 0.011469
0 0.641406 0.625601 0.009766 0.014597
0 0.042383 0.191590 0.008716 0.010427
0 0.745313 0.509343 0.010156 0.009384
0 0.154297 0.600577 0.009863 0.013033
0 0.183203 0.280738 0.006641 0.010948
0 0.716016 0.494225 0.008594 0.006777
0 0.664062 0.679820 0.008984 0.010427
0 0.397656 0.437921 0.004102 0.008341
0 0.932813 0.765319 0.008594 0.009905
0 0.048096 0.370669 0.007739 0.010427
0 0.535156 0.344602 0.009375 0.012251
0 0.722266 0.282042 0.009375 0.010948
0 0.716797 0.436878 0.007031 0.008863
0 0.151367 0.664180 0.008105 0.010427
0 0.549219 0.946743 0.007422 0.013555
0 0.315625 0.563041 0.009180 0.011991
0 0.127734 0.373275 0.008887 0.007820
0 0.839063 0.872713 0.008594 0.008863
0 0.783203 0.369105 0.007812 0.012512
0 0.068164 0.254150 0.008496 0.013555
0 0.189258 0.350076 0.010352 0.011469
0 0.133398 0.854988 0.008691 0.008863
0 0.988281 0.506737 0.009375 0.008863
0 0.658594 0.119386 0.007422 0.010687
0 0.283398 0.179339 0.007422 0.006777
0 0.390234 0.713706 0.008984 0.009384
0 0.347852 0.521334 0.008203 0.010948
0 0.929688 0.477542 0.010156 0.009905
0 0.620703 0.646976 0.009375 0.011469
0 0.842188 0.295596 0.010156 0.011991
0 0.884375 0.267966 0.008594 0.014337
0 0.033447 0.334436 0.009888 0.010948
0 0.449609 0.203060 0.010156 0.012512
0 0.978125 0.360763 0.008594 0.009645
0 0.645313 0.321142 0.005859 0.007299
0 0.075195 0.350858 0.007861 0.012251
0 0.088135 0.109741 0.008789 0.014597
0 0.739062 0.404555 0.005859 0.006256
0 0.921094 0.247112 0.007812 0.006517
0 0.806250 0.783565 0.007812 0.011469
0 0.839063 0.862287 0.007031 0.010427
0 0.170020 0.661052 0.008203 0.016161
0 0.254297 0.739252 0.008203 0.008863
0 0.637500 0.303938 0.010547 0.009645
0 0.219336 0.131376 0.007031 0.011730
0 0.279688 0.394129 0.007812 0.009905
0 0.304688 0.754892 0.010352 0.011469
0 0.920313 0.343038 0.010156 0.010166
0 0.406250 0.347991 0.007812 0.011991
0 0.677344 0.243463 0.008984 0.012512
0 0.403125 0.410290 0.009961 0.014597
0 0.101074 0.237989 0.007617 0.008863
0 0.625781 0.485883 0.010547 0.014076
0 0.439063 0.214268 0.008984 0.007559
0 0.520313 0.494225 0.007812 0.009905
0 0.595313 0.538017 0.011719 0.011469
0 0.344922 0.570340 0.011133 0.010948
0 0.539062 0.129291 0.005859 0.006777
0 0.616406 0.868543 0.005859 0.007820
0 0.139453 0.385787 0.008789 0.011469
0 0.831250 0.496310 0.007031 0.007820
0 0.431250 0.430101 0.008203 0.014597
0 0.762500 0.739773 0.007422 0.010427
0 0.256836 0.515078 0.007422 0.010948
0 0.963281 0.670957 0.009375 0.009384
0 0.764063 0.381095 0.010938 0.012512
0 0.671094 0.365455 0.008984 0.010166
0 0.689063 0.839348 0.005859 0.009905
0 0.954687 0.629250 0.007031 0.010427
0 0.815625 0.492661 0.008594 0.010427
0 0.769531 0.475978 0.008594 0.012512
0 0.485547 0.851860 0.006250 0.011469
0 0.863281 0.515078 0.009375 0.014076
0 0.665625 0.986364 0.008984 0.009384
0 0.552344 0.877405 0.009375 0.014597
0 0.218750 0.285691 0.008008 0.010948
0 0.075195 0.442091 0.007764 0.011991
0 0.950000 0.782001 0.007031 0.011469
0 0.546484 0.360763 0.009375 0.011209
0 0.898438 0.530197 0.007031 0.011469
0 0.339062 0.105831 0.010742 0.008602
0 0.445703 0.403513 0.010156 0.011991
0 0.621094 0.572425 0.007422 0.008863
0 0.397461 0.588065 0.005859 0.008341
0 0.339844 0.706929 0.007617 0.008863
0 0.820312 0.352422 0.008594 0.011730
0 0.645313 0.235643 0.009766 0.013294
0 0.293359 0.453561 0.008594 0.017204
0 0.146875 0.630814 0.006152 0.005735
0 0.575781 0.493182 0.008594 0.015640
0 0.946875 0.686076 0.010938 0.013033
0 0.452734 0.502566 0.010156 0.012512
0 0.202344 0.799727 0.009277 0.008341
0 0.749609 0.556785 0.007031 0.008863
0 0.524609 0.628729 0.009375 0.013033
0 0.159570 0.470243 0.007910 0.009905
0 0.041406 0.178557 0.007251 0.006777
0 0.232812 0.568776 0.008984 0.009384
0 0.538281 0.266402 0.008984 0.011209
0 0.107227 0.408726 0.010059 0.011469
0 0.084424 0.129030 0.008496 0.011991
0 0.608984 0.751764 0.008594 0.008863
0 0.541406 0.818495 0.005469 0.011991
0 0.608203 0.763233 0.008594 0.008341
0 0.241602 0.860201 0.011719 0.010948
0 0.485156 0.435835 0.010547 0.014597
0 0.276172 0.179860 0.008008 0.008602
0 0.274414 0.436878 0.008594 0.009384
0 0.489062 0.485883 0.008594 0.010948
0 0.572656 0.131898 0.007422 0.008341
0 0.614062 0.589108 0.008203 0.013555
0 0.584375 0.490054 0.010156 0.011469
0 0.887500 0.209316 0.008594 0.010948
0 0.565625 0.638113 0.010547 0.010427
0 0.100195 0.777830 0.007520 0.011991
0 0.347070 0.413939 0.008984 0.010948
0 0.978906 0.571382 0.007812 0.009905
0 0.383203 0.289340 0.007812 0.007559
0 0.214063 0.644369 0.008984 0.011469
0 0.315625 0.828921 0.009570 0.010427
0 0.392773 0.039621 0.006641 0.008993
0 0.023096 0.308630 0.009033 0.013033
0 0.150195 0.326877 0.010254 0.017465
0 0.024805 0.322185 0.009912 0.010166
0 0.602344 0.266923 0.012109 0.010687
0 0.859375 0.872192 0.006250 0.008341
0 0.464063 0.319578 0.009766 0.011730
0 0.647656 0.819537 0.009375 0.014076
0 0.057666 0.372233 0.007324 0.009905
0 0.539844 0.238771 0.007812 0.006777
0 0.757812 0.799205 0.007422 0.010427
0 0.612500 0.975937 0.007422 0.012512
0 0.528125 0.278392 0.008984 0.011209
0 0.128711 0.467637 0.010645 0.012512
0 0.157324 0.662616 0.006250 0.009384
0 0.601953 0.160571 0.010156 0.014858
0 0.330859 0.384745 0.010156 0.010948
0 0.739062 0.281520 0.008203 0.010687
0 0.889063 0.680862 0.007031 0.005213
0 0.232227 0.874799 0.007812 0.009905
0 0.639453 0.495267 0.009375 0.009384
0 0.282813 0.076766 0.010352 0.014597
0 0.474219 0.336782 0.006641 0.010687
0 0.917188 0.173865 0.005469 0.008341
0 0.451563 0.187159 0.007422 0.008081
0 0.297656 0.556785 0.004883 0.006777
0 0.816406 0.430101 0.006250 0.007299
0 0.463281 0.211140 0.009766 0.010687
0 0.828125 0.184552 0.008594 0.010687
0 0.339844 0.125902 0.012695 0.011469
0 0.639844 0.377446 0.008203 0.009905
0 0.743750 0.294554 0.009766 0.011209
0 0.608594 0.789300 0.007031 0.007299
0 0.920313 0.563041 0.009375 0.007820
0 0.364258 0.232515 0.011328 0.010687
0 0.646094 0.471286 0.004297 0.007299
0 0.285547 0.589108 0.007227 0.008863
0 0.639844 0.437399 0.008984 0.012512
0 0.701953 0.365977 0.008594 0.010166
0 0.546875 0.548443 0.010156 0.009384
0 0.968750 0.604748 0.008594 0.014597
0 0.289453 0.397257 0.008398 0.008863
0 0.195215 0.460859 0.007227 0.010948
0 0.954687 0.763233 0.006250 0.006777
0 0.832812 0.756456 0.007812 0.008341
0 0.528906 0.944657 0.008594 0.013555
0 0.891406 0.301592 0.010938 0.012512
0 0.074805 0.336782 0.007861 0.013294
0 0.532031 0.655317 0.007422 0.010427
0 0.263086 0.503609 0.007422 0.013555
0 0.051367 0.369626 0.006738 0.013555
0 0.031885 0.364152 0.008813 0.011991
0 0.915625 0.369105 0.010156 0.008863
0 0.400391 0.289340 0.009180 0.010166
0 0.707031 0.490054 0.008203 0.011991
0 0.090820 0.261710 0.009521 0.013815
0 0.957813 0.848211 0.006250 0.008341
0 0.594141 0.427494 0.008594 0.013033
0 0.507031 0.170998 0.008984 0.014337
0 0.532031 0.345905 0.009375 0.014076
0 0.591797 0.404555 0.007031 0.006777
0 0.814062 0.520813 0.005469 0.009384
0 0.632812 0.212704 0.009766 0.008602
0 0.417969 0.170737 0.009766 0.009905
0 0.458594 0.435835 0.009375 0.010948
0 0.541016 0.780959 0.008594 0.006777
0 0.914062 0.553657 0.007812 0.014597
0 0.337891 0.231212 0.008594 0.010427
0 0.663281 0.502566 0.011328 0.012512
0 0.531641 0.603705 0.008594 0.008341
0 0.103125 0.807025 0.007520 0.008341
0 0.879688 0.525505 0.010938 0.014076
0 0.306250 0.302374 0.007617 0.012512
0 0.733594 0.302374 0.007422 0.009384
0 0.615625 0.529676 0.007422 0.007299
0 0.671094 0.342517 0.010938 0.012512
0 0.778125 0.540102 0.010156 0.008863
0 0.407422 0.129030 0.006250 0.008341
0 0.619531 0.462945 0.009766 0.009905
0 0.356836 0.520813 0.010937 0.014597
0 0.582031 0.406119 0.006641 0.009384
0 0.726562 0.623516 0.009375 0.008863
0 0.458203 0.351119 0.011719 0.009905
0 0.541016 0.213747 0.007031 0.011991
0 0.427344 0.185595 0.010156 0.010948
0 0.674219 0.353725 0.008984 0.011991
0 0.654297 0.313322 0.007812 0.009384
0 0.555859 0.289340 0.007812 0.010687
0 0.471875 0.215311 0.008203 0.009384
0 0.971094 0.591193 0.007812 0.009384
0 0.747656 0.435835 0.007422 0.009905
0 0.428906 0.810153 0.008984 0.011469
0 0.342969 0.169434 0.009180 0.012251
0 0.758594 0.396214 0.008594 0.009384
0 0.893750 0.506737 0.007031 0.010948
0 0.485547 0.386309 0.007812 0.011469
0 0.785938 0.396214 0.007422 0.013033
0 0.133984 0.581809 0.009570 0.011469
0 0.606250 0.643326 0.007812 0.017204
0 0.183789 0.300288 0.008691 0.013815
0 0.896875 0.611004 0.009375 0.009905
0 0.663281 0.366498 0.010156 0.012512
0 0.632812 0.565126 0.008984 0.010948
0 0.056250 0.025806 0.007959 0.011600
0 0.482031 0.429579 0.007422 0.010948
0 0.041479 0.433229 0.009570 0.013555
0 0.173535 0.252847 0.005859 0.010427
0 0.240234 0.147538 0.009180 0.011469
0 0.853125 0.273700 0.010156 0.009645
0 0.989844 0.323227 0.009375 0.011209
0 0.812500 0.295596 0.007031 0.008602
0 0.608984 0.130855 0.007812 0.009645
0 0.822656 0.648540 0.007812 0.009905
0 0.765625 0.407162 0.008984 0.011469
0 0.386914 0.563562 0.008203 0.014597
0 0.340820 0.888353 0.007422 0.006777
0 0.693750 0.762190 0.007812 0.011469
0 0.871875 0.287776 0.010156 0.009384
0 0.516406 0.246330 0.008984 0.009905
0 0.442969 0.351379 0.009766 0.011991
0 0.260547 0.306544 0.009180 0.009645
0 0.553516 0.455125 0.008594 0.009384
0 0.421875 0.451997 0.009766 0.016683
0 0.376563 0.385787 0.006836 0.013033
0 0.554297 0.790343 0.007031 0.008863
0 0.313672 0.181424 0.008594 0.009905
0 0.763281 0.800248 0.011719 0.012512
0 0.892188 0.528112 0.011719 0.012512
0 0.482813 0.653753 0.008203 0.009905
0 0.667969 0.365455 0.010156 0.012251
0 0.552344 0.271615 0.008594 0.004953
0 0.402344 0.168391 0.008203 0.012773
0 0.576563 0.294554 0.006641 0.010166
0 0.992188 0.231472 0.007031 0.010687
0 0.510156 0.351901 0.005078 0.009905
0 0.971875 0.125642 0.010156 0.011209
0 0.284375 0.397257 0.006055 0.009384
0 0.431250 0.605790 0.008594 0.009905
0 0.427344 0.818495 0.008984 0.009384
0 0.377344 0.245809 0.005273 0.008341
0 0.413281 0.177514 0.009375 0.011991
0 0.270703 0.179860 0.008594 0.009384
0 0.357422 0.164220 0.010742 0.009645
0 0.628516 0.223131 0.008594 0.009645
0 0.163672 0.503087 0.008789 0.011469
0 0.777344 0.720484 0.005859 0.013033
0 0.083398 0.434793 0.008496 0.009384
0 0.703516 0.876884 0.005469 0.009905
0 0.658203 0.461902 0.008594 0.010427
0 0.907031 0.669393 0.007812 0.011991
0 0.671875 0.536453 0.010547 0.011469
0 0.778125 0.747593 0.008203 0.014076
0 0.834375 0.247634 0.008594 0.008602
0 0.846875 0.584937 0.007812 0.010948
0 0.188477 0.236686 0.008496 0.011730
0 0.464453 0.163699 0.010156 0.011730
0 0.617188 0.617260 0.007812 0.011991
0 0.329297 0.173083 0.008008 0.009645
0 0.131250 0.343038 0.007520 0.013294
0 0.642969 0.535410 0.007422 0.011469
0 0.727734 0.661052 0.009375 0.010948
0 0.782031 0.721526 0.007031 0.008863
0 0.215234 0.478585 0.006641 0.010948
0 0.089648 0.680862 0.006348 0.007820
0 0.360547 0.527069 0.009961 0.010427
0 0.082813 0.095665 0.009717 0.013555
0 0.620703 0.578681 0.009375 0.012512
0 0.485156 0.889396 0.007812 0.013033
0 0.015454 0.301852 0.008929 0.013033
0 0.796094 0.252586 0.008984 0.007820
0 0.564844 0.253890 0.008984 0.012773
0 0.648438 0.486405 0.010156 0.013555
0 0.076074 0.288819 0.007178 0.009123
0 0.665625 0.559913 0.010547 0.010427
0 0.606250 0.481713 0.008984 0.011469
0 0.564063 0.648018 0.010547 0.007299
0 0.517578 0.280738 0.007031 0.009384
0 0.614844 0.368583 0.008984 0.013815
0 0.091211 0.324791 0.010791 0.012773
0 0.205859 0.627686 0.008789 0.011991
0 0.646875 0.481191 0.007812 0.010427
0 0.898438 0.248416 0.006250 0.007820
0 0.571094 0.103224 0.007422 0.007950
0 0.332813 0.093579 0.007617 0.010427
0 0.626953 0.241899 0.011719 0.014858
0 0.500781 0.161092 0.008984 0.008602
0 0.350000 0.581809 0.009180 0.011991
0 0.157422 0.957170 0.006543 0.007299
0 0.063281 0.436878 0.009277 0.016161
0 0.431250 0.245027 0.010547 0.010687
0 0.860937 0.280999 0.006250 0.010427
0 0.564063 0.431143 0.005078 0.008341
0 0.535156 0.735081 0.009766 0.011469
0 0.660156 0.840391 0.009375 0.011991
0 0.512109 0.194197 0.008594 0.013555
0 0.521094 0.246330 0.009375 0.009384
0 0.664453 0.580245 0.007812 0.011469
0 0.653906 0.135026 0.008984 0.010687
0 0.508594 0.188202 0.007422 0.008081
0 0.715625 0.246852 0.007031 0.010948
0 0.939063 0.668350 0.011719 0.015119
0 0.498047 0.408205 0.010938 0.011469
0 0.732031 0.502566 0.007031 0.010948
0 0.747266 0.481713 0.006250 0.011469
0 0.501563 0.197586 0.008203 0.008602
0 0.246484 0.850296 0.009961 0.011469
0 0.716797 0.142585 0.010156 0.011991
0 0.425000 0.810153 0.008594 0.009905
0 0.784766 0.607876 0.011719 0.011469
0 0.344141 0.137893 0.008984 0.011991
0 0.377734 0.232776 0.007422 0.015640
0 0.935938 0.613089 0.005469 0.006256
0 0.394922 0.445219 0.009180 0.013555
0 0.564844 0.247373 0.008594 0.009384
0 0.746094 0.744465 0.007422 0.009905
0 0.649219 0.852903 0.007422 0.010948
0 0.416406 0.454082 0.008984 0.011469
0 0.791406 0.270572 0.005859 0.005474
0 0.915625 0.670436 0.005469 0.006777
0 0.013574 0.507258 0.007898 0.009384
0 0.409375 0.225216 0.008984 0.011469
0 0.496094 0.271876 0.008203 0.007299
0 0.557031 0.164220 0.008203 0.009645
0 0.394922 0.588065 0.009570 0.010948
0 0.494531 0.652189 0.008594 0.010427
0 0.255078 0.087584 0.008398 0.011991
0 0.126270 0.303677 0.007617 0.013033
0 0.742969 0.507258 0.009766 0.010427
0 0.945312 0.197064 0.005469 0.005474
0 0.112305 0.246070 0.006934 0.010166
0 0.109766 0.298203 0.005566 0.006777
0 0.050684 0.364934 0.007471 0.009123
0 0.462109 0.247634 0.007812 0.013033
0 0.589453 0.330526 0.009375 0.006256
0 0.125781 0.425409 0.009473 0.011469
0 0.404688 0.184031 0.010156 0.010427
0 0.294922 0.297682 0.008398 0.009905
0 0.237109 0.564605 0.008008 0.008341
0 0.127246 0.668350 0.010742 0.009905
0 0.433203 0.417067 0.010938 0.011469
0 0.809375 0.422281 0.007812 0.006777
0 0.390234 0.312540 0.008008 0.015119
0 0.344531 0.550529 0.009375 0.016161
0 0.566406 0.614132 0.006250 0.008341
0 0.289258 0.547401 0.007031 0.006777
0 0.789062 0.847689 0.008984 0.008863
0 0.932813 0.789300 0.007812 0.007820
0 0.541016 0.119907 0.006250 0.008602
0 0.276758 0.912335 0.009375 0.014597
0 0.471875 0.936316 0.009375 0.011469
0 0.508594 0.282302 0.008984 0.009384
0 0.282227 0.343559 0.010937 0.013815
0 0.821875 0.836220 0.007812 0.010948
0 0.451563 0.366759 0.011328 0.013033
0 0.434766 0.413939 0.008594 0.011991
0 0.251953 0.665222 0.009180 0.011469
0 0.836719 0.394129 0.006250 0.010948
0 0.796094 0.669393 0.007422 0.010948
0 0.453906 0.349815 0.011328 0.009384
0 0.227148 0.323227 0.010937 0.015901
0 0.486719 0.211401 0.010937 0.012512
0 0.164941 0.580245 0.006641 0.006256
0 0.535156 0.629250 0.010547 0.011469
0 0.468750 0.385787 0.007422 0.011991
0 0.745313 0.737166 0.007422 0.008863
0 0.814062 0.468158 0.007031 0.009905
0 0.843750 0.589108 0.007812 0.007820
0 0.788672 0.723612 0.007031 0.008863
0 0.582031 0.629772 0.007422 0.009905
0 0.594141 0.785129 0.007812 0.011991
0 0.263672 0.868543 0.008594 0.010427
0 0.590234 0.409769 0.009375 0.009384
0 0.565234 0.153794 0.008594 0.010166
0 0.852344 0.630814 0.010938 0.009905
0 0.978125 0.843519 0.011719 0.009905
0 0.332031 0.619866 0.008008 0.012512
0 0.553125 0.276568 0.010547 0.011991
0 0.867969 0.661052 0.007812 0.010948
0 0.557031 0.609440 0.005078 0.007299
0 0.130859 0.656881 0.007715 0.011469
0 0.788281 0.726740 0.008203 0.010427
0 0.081152 0.182467 0.007520 0.014858
0 0.596094 0.487447 0.007031 0.011469
0 0.996875 0.211662 0.005469 0.007038
0 0.483594 0.358939 0.010547 0.012512
0 0.521875 0.387873 0.008203 0.008863
0 0.309375 0.344341 0.005664 0.010427
0 0.764844 0.670436 0.008984 0.009905
0 0.781250 0.431143 0.010547 0.010427
0 0.849219 0.230951 0.007812 0.008081
0 0.103613 0.792428 0.010742 0.013033
0 0.725781 0.657924 0.010547 0.010427
0 0.619922 0.473893 0.007812 0.012512
0 0.616016 0.460338 0.010156 0.009384
0 0.321484 0.895131 0.009180 0.010427
0 0.108398 0.302374 0.008203 0.010948
0 0.343555 0.426451 0.010547 0.012512
0 0.446875 0.214790 0.012891 0.010166
0 0.252734 0.503087 0.005859 0.011469
0 0.817188 0.421238 0.006250 0.004692
0 0.063672 0.372754 0.006641 0.009384
0 0.810938 0.957170 0.008594 0.011469
0 0.045410 0.290644 0.012109 0.009384
0 0.935938 0.278392 0.007031 0.009123
0 0.713672 0.412897 0.007812 0.008863
0 0.350781 0.230430 0.010547 0.011209
0 0.465625 0.129812 0.008984 0.008081
0 0.600000 0.578160 0.008203 0.013555
0 0.147070 0.738209 0.006543 0.008341
0 0.311133 0.231472 0.010156 0.012773
0 0.795313 0.789300 0.009766 0.010948
0 0.018311 0.554700 0.006604 0.007820
0 0.814062 0.613089 0.008594 0.010948
0 0.666406 0.288558 0.008594 0.008341
0 0.827344 0.461381 0.009375 0.013555
0 0.163672 0.283084 0.008105 0.010166
0 0.589453 0.394129 0.007031 0.010427
0 0.284375 0.813281 0.005469 0.005735
0 0.766797 0.731953 0.008594 0.007299
0 0.670703 0.651668 0.008594 0.009905
0 0.712500 0.668350 0.008203 0.010948
0 0.068652 0.189505 0.009717 0.008863
0 0.730469 0.697545 0.008594 0.011991
0 0.782813 0.318796 0.009766 0.012512
0 0.205859 0.338607 0.008203 0.012512
0 0.603125 0.279956 0.007422 0.011209
0 0.231250 0.674606 0.010156 0.010948
0 0.925000 0.581809 0.008594 0.009905
0 0.610547 0.175168 0.008594 0.011209
0 0.492578 0.629772 0.005469 0.008341
0 0.285156 0.593278 0.008398 0.013033
0 0.962500 0.621430 0.007031 0.010948
0 0.076270 0.136068 0.008643 0.015379
0 0.585547 0.370669 0.005469 0.011469
0 0.194922 0.636028 0.008496 0.010948
0 0.792188 0.860201 0.009766 0.011469
0 0.084521 0.133722 0.008496 0.012512
0 0.268750 0.021114 0.008594 0.009905
0 0.009479 0.555742 0.006482 0.007820
0 0.542969 0.096186 0.007812 0.010036
0 0.192773 0.171519 0.006055 0.008602
0 0.771875 0.731432 0.008984 0.006256
0 0.584375 0.793992 0.008203 0.008341
0 0.740625 0.493182 0.010547 0.009905
0 0.469922 0.578681 0.007031 0.009905
0 0.701562 0.343038 0.009766 0.014337
0 0.512109 0.492661 0.007812 0.010427
0 0.163379 0.191851 0.008203 0.014076
0 0.299023 0.767925 0.011719 0.013555
0 0.546875 0.568254 0.010547 0.012512
0 0.557031 0.277089 0.008984 0.012512
0 0.435156 0.400385 0.009375 0.010948
0 0.783594 0.599534 0.009766 0.009905
0 0.507812 0.907121 0.005469 0.007299
0 0.526172 0.726740 0.007031 0.010948
0 0.470313 0.097229 0.005859 0.007690
0 0.639062 0.442091 0.009766 0.010948
0 0.507812 0.104788 0.007812 0.007559
0 0.089355 0.350597 0.013477 0.014076
0 0.447656 0.420195 0.006641 0.008863
0 0.942969 0.522377 0.007812 0.013033
0 0.171387 0.694417 0.007617 0.007299
0 0.876562 0.333915 0.010156 0.011991
0 0.485156 0.594842 0.009375 0.008341
0 0.390625 0.162656 0.008008 0.012773
0 0.621094 0.383181 0.010547 0.011469
0 0.885156 0.461902 0.009375 0.010427
0 0.446094 0.802855 0.008984 0.015119
0 0.917188 0.779916 0.006250 0.006777
0 0.003641 0.420717 0.004913 0.006256
0 0.621094 0.521334 0.009766 0.008341
0 0.468359 0.662094 0.007812 0.011991
0 0.059766 0.414982 0.007959 0.008863
0 0.035718 0.533846 0.011670 0.011991
0 0.592969 0.389958 0.006641 0.010948
0 0.376953 0.394129 0.006836 0.009384
0 0.908594 0.069598 0.009375 0.010818
0 0.383984 0.530718 0.006445 0.007820
0 0.332031 0.319578 0.009180 0.010687
0 0.409375 0.427494 0.008203 0.010948
0 0.504687 0.113651 0.007031 0.007038
0 0.749219 0.561998 0.008203 0.005213
0 0.709375 0.638113 0.007812 0.008863
0 0.881250 0.350858 0.008594 0.014858
0 0.634375 0.401949 0.008984 0.010427
0 0.452344 0.248416 0.009766 0.010427
0 0.448828 0.599534 0.010156 0.014076
0 0.356250 0.188462 0.007812 0.008341
0 0.945312 0.062821 0.005469 0.007038
0 0.341211 0.208273 0.010547 0.010948
0 0.478906 0.196022 0.009375 0.010166
0 0.548828 0.273179 0.006250 0.007820
0 0.270313 0.929017 0.006836 0.010427
0 0.586719 0.963426 0.005859 0.009384
0 0.570312 0.662094 0.007422 0.007820
0 0.668750 0.532282 0.010547 0.008341
0 0.940625 0.489011 0.007031 0.009905
0 0.162891 0.283345 0.003809 0.004692
0 0.822656 0.621430 0.007812 0.011991
0 0.907031 0.623516 0.009375 0.010948
0 0.528906 0.939444 0.008203 0.010427
0 0.560938 0.557828 0.010547 0.009905
0 0.156641 0.921719 0.007910 0.013555
0 0.102734 0.165524 0.010059 0.009905
0 0.489453 0.891481 0.008594 0.010948
0 0.485938 0.112608 0.005469 0.007820
0 0.739453 0.548444 0.007031 0.007820
0 0.108203 0.228344 0.009180 0.008081
0 0.374609 0.230430 0.007617 0.014858
0 0.519922 0.336782 0.007031 0.008602
0 0.822656 0.301592 0.009375 0.015119
0 0.364453 0.069077 0.007031 0.010687
0 0.610547 0.303416 0.004687 0.005474
0 0.817188 0.406119 0.006250 0.007299
0 0.920313 0.646454 0.007812 0.008863
0 0.226953 0.409769 0.009961 0.011991
0 0.706250 0.246070 0.012109 0.013555
0 0.066895 0.193415 0.009082 0.008081
0 0.020752 0.341213 0.007727 0.010427
0 0.971875 0.260146 0.005469 0.009123
0 0.019812 0.271615 0.010181 0.010687
0 0.413281 0.672521 0.007422 0.009384
0 0.808594 0.615174 0.007812 0.009384
0 0.214844 0.739252 0.008984 0.008863
0 0.563672 0.121471 0.007031 0.009123
0 0.430078 0.613089 0.009375 0.009905
0 0.692187 0.654274 0.007422 0.010427
0 0.288281 0.803897 0.009766 0.009384
0 0.340039 0.622473 0.008984 0.012512
0 0.492188 0.471286 0.006641 0.014076
0 0.884375 0.870628 0.005469 0.014076
0 0.594531 0.386309 0.007422 0.013555
0 0.887500 0.385787 0.007031 0.013033
0 0.350977 0.700673 0.010156 0.014076
0 0.117578 0.060475 0.008984 0.011078
0 0.957813 0.728825 0.009375 0.009905
0 0.705469 0.228344 0.009375 0.012251
0 0.807031 0.930060 0.007812 0.010427
0 0.521875 0.288298 0.007812 0.012251
0 0.719531 0.711100 0.008984 0.011991
0 0.032422 0.171258 0.006665 0.008341
0 0.139160 0.725697 0.008594 0.009905
0 0.469531 0.835177 0.007422 0.010948
0 0.351953 0.280738 0.009570 0.012512
0 0.613281 0.259624 0.007812 0.011469
0 0.399609 0.182206 0.007617 0.009905
0 0.884375 0.321142 0.005469 0.011209
0 0.796094 0.705365 0.007031 0.008341
0 0.712109 0.200714 0.010938 0.010427
0 0.284766 0.730910 0.008594 0.008863
0 0.764063 0.649061 0.008984 0.009384
0 0.839063 0.745508 0.009375 0.008863
0 0.400781 0.111044 0.009570 0.013294
0 0.307813 0.454603 0.010352 0.010427
0 0.393359 0.337043 0.009375 0.013033
0 0.260547 0.653753 0.009180 0.012512
0 0.646875 0.137632 0.006250 0.008341
0 0.121680 0.038579 0.008301 0.009254
0 0.238672 0.008341 0.009180 0.014337
0 0.366797 0.082110 0.010156 0.010818
0 0.757031 0.763754 0.007422 0.008341
0 0.661719 0.329223 0.008203 0.014076
0 0.789844 0.972809 0.008984 0.010427
0 0.206836 0.126945 0.008984 0.015640
0 0.707813 0.726740 0.009766 0.011469
0 0.364063 0.115736 0.011523 0.009645
0 0.907813 0.423323 0.007812 0.015640
0 0.885156 0.336782 0.006250 0.008863
0 0.527344 0.484841 0.009766 0.014597
0 0.564063 0.630814 0.008984 0.007820
0 0.866406 0.703280 0.007812 0.006256
0 0.538672 0.578681 0.007812 0.014076
0 0.730469 0.755934 0.007422 0.010948
0 0.739844 0.490054 0.008984 0.006777
0 0.382031 0.584937 0.008203 0.013555
0 0.290234 0.781480 0.008008 0.006256
0 0.734375 0.514036 0.009766 0.008341
0 0.881250 0.622473 0.009375 0.009905
0 0.022217 0.580245 0.007043 0.007299
0 0.265625 0.740816 0.008789 0.009384
0 0.510938 0.339389 0.005859 0.009384
0 0.082129 0.154315 0.009961 0.011730
0 0.796875 0.638113 0.007422 0.007299
0 0.110742 0.595885 0.009180 0.010427
0 0.484375 0.470765 0.007812 0.014597
0 0.114258 0.170216 0.008301 0.008341
0 0.605469 0.380574 0.008203 0.011469
0 0.754687 0.693374 0.009766 0.010948
0 0.377539 0.446262 0.006641 0.009905
0 0.309570 0.202017 0.010156 0.009905
0 0.879688 0.226780 0.006250 0.009905
0 0.579688 0.793992 0.008594 0.009384
0 0.676953 0.056825 0.008594 0.010427
0 0.002718 0.471286 0.004611 0.006256
0 0.095264 0.113130 0.005762 0.008081
0 0.828125 0.897737 0.005469 0.006777
0 0.047070 0.336261 0.007495 0.007559
0 0.622266 0.612046 0.008594 0.009384
0 0.576562 0.306544 0.007812 0.010166
0 0.251172 0.955084 0.008984 0.010427
0 0.352734 0.790864 0.007031 0.009384
0 0.775391 0.761148 0.007812 0.013033
0 0.556250 0.580766 0.007422 0.013033
0 0.446094 0.654274 0.007422 0.011469
0 0.797656 0.731953 0.007422 0.009905
0 0.614062 0.773660 0.007031 0.009905
0 0.954687 0.197846 0.008594 0.006777
0 0.593750 0.964468 0.006641 0.008341
0 0.115039 0.378489 0.008984 0.008863
0 0.281250 0.552614 0.007031 0.009905
0 0.669922 0.638634 0.009375 0.015640
0 0.234375 0.031019 0.007812 0.007559
0 0.143164 0.873756 0.008691 0.011991
0 0.910938 0.285952 0.009375 0.009384
0 0.139941 0.662616 0.005469 0.011469
0 0.148047 0.407683 0.007227 0.008863
0 0.900781 0.606833 0.009375 0.011991
0 0.917969 0.561477 0.009375 0.011469
0 0.425781 0.501523 0.008594 0.010948
0 0.296875 0.136590 0.008398 0.013555
0 0.509375 0.514557 0.010547 0.011469
0 0.092871 0.805983 0.009912 0.010427
0 0.171387 0.118082 0.009961 0.011469
0 0.627344 0.079764 0.008984 0.009254
0 0.049512 0.205927 0.009448 0.012512
0 0.714453 0.702758 0.010156 0.009384
0 0.586719 0.954041 0.006641 0.010427
0 0.632031 0.221046 0.011328 0.012251
0 0.055078 0.223131 0.011182 0.007820
0 0.594922 0.310715 0.011719 0.014858
0 0.776563 0.350337 0.009375 0.012251
0 0.558984 0.196282 0.009375 0.010427
0 0.448828 0.162656 0.010156 0.012251
0 0.432031 0.669393 0.007422 0.010427
0 0.225391 0.039100 0.007812 0.012773
0 0.821875 0.538017 0.009375 0.011469
0 0.918750 0.339910 0.010156 0.011209
0 0.389063 0.902951 0.008008 0.010427
0 0.850000 0.542188 0.008594 0.011469
0 0.693359 0.758020 0.007812 0.008863
0 0.237500 0.800769 0.009180 0.012512
0 0.690625 0.630814 0.008203 0.009384
0 0.917969 0.454603 0.007812 0.009905
0 0.293555 0.864372 0.007422 0.009905
0 0.013416 0.313322 0.008447 0.009905
0 0.670313 0.665222 0.007422 0.012512
0 0.840625 0.727782 0.009375 0.008863
0 0.846875 0.437921 0.009375 0.011469
0 0.825000 0.737166 0.007812 0.010427
0 0.251172 0.464509 0.007422 0.010427
0 0.682813 0.805983 0.008984 0.010427
0 0.042480 0.192372 0.004614 0.006777
0 0.641406 0.462945 0.005078 0.013555
0 0.336328 0.538017 0.007031 0.009905
0 0.978125 0.564605 0.005469 0.007299
0 0.750781 0.836741 0.010547 0.015640
0 0.642969 0.607354 0.010547 0.011469
0 0.201953 0.693374 0.008984 0.010948
0 0.818750 0.622994 0.008594 0.011469
0 0.864063 0.038057 0.005469 0.007038
0 0.547656 0.044183 0.004297 0.010687
0 0.276563 0.869585 0.006250 0.008863
0 0.687109 0.194197 0.007031 0.011469
0 0.088477 0.213747 0.007373 0.008081
0 0.312305 0.217396 0.010156 0.014337
0 0.084180 0.351119 0.010889 0.009905
0 0.227734 0.636028 0.009570 0.009384
0 0.776563 0.484841 0.007422 0.010948
0 0.878906 0.626644 0.010938 0.008863
0 0.727734 0.816409 0.009375 0.013033
0 0.468750 0.538017 0.007031 0.015119
0 0.276562 0.170476 0.008789 0.010687
0 0.127148 0.773139 0.010059 0.008341
0 0.386523 0.446262 0.006250 0.009905
0 0.221094 0.927975 0.010547 0.012512
0 0.318750 0.795556 0.011133 0.017204
0 0.505078 0.118343 0.007812 0.011209
0 0.546875 0.356593 0.009766 0.008602
0 0.903125 0.720484 0.006250 0.008863
0 0.526563 0.515078 0.010547 0.011469
0 0.345313 0.210619 0.007812 0.009384
0 0.896875 0.164220 0.005469 0.008602
0 0.427344 0.037015 0.008984 0.007168
0 0.438281 0.424366 0.008203 0.010427
0 0.563672 0.651668 0.010156 0.012512
0 0.378711 0.472850 0.007031 0.008341
0 0.520703 0.518727 0.008594 0.012512
0 0.167187 0.027240 0.007910 0.008341
0 0.022498 0.594842 0.007544 0.009384
0 0.339453 0.414461 0.007422 0.010427
0 0.607031 0.457731 0.007031 0.011991
0 0.727344 0.237468 0.006641 0.008341
0 0.810156 0.412897 0.007812 0.008341
0 0.587500 0.235122 0.007422 0.010427
0 0.328516 0.313582 0.008398 0.009384
0 0.389844 0.318014 0.008789 0.012512
0 0.953125 0.214790 0.007812 0.009123
0 0.648438 0.246070 0.008984 0.006777
0 0.637891 0.321142 0.008594 0.009384
0 0.296484 0.739773 0.007617 0.006256
0 0.582812 0.294032 0.006641 0.009123
0 0.020264 0.521856 0.006824 0.007299
0 0.411328 0.180903 0.009375 0.010427
0 0.407031 0.279956 0.012109 0.010948
0 0.574219 0.510907 0.008594 0.009384
0 0.820312 0.022026 0.005469 0.010948
0 0.940625 0.662094 0.009375 0.013555
0 0.219336 0.906079 0.008594 0.010948
0 0.708203 0.322185 0.007812 0.007559
0 0.666016 0.916505 0.009375 0.008341
0 0.608594 0.469201 0.007422 0.010948
0 0.577734 0.603184 0.006250 0.009384
0 0.271484 0.691289 0.007617 0.008863
0 0.537109 0.832049 0.007031 0.009384
0 0.276563 0.653753 0.008594 0.018247
0 0.814063 0.929017 0.007812 0.008341
0 0.058496 0.230951 0.009424 0.008863
0 0.251953 0.602662 0.011133 0.014597
0 0.472656 0.662094 0.007812 0.012512
0 0.269531 0.361285 0.009766 0.011209
0 0.326172 0.163699 0.007227 0.008081
0 0.623828 0.590672 0.008594 0.011469
0 0.292187 0.350858 0.008789 0.008602
0 0.786719 0.347469 0.007031 0.010948
0 0.869531 0.678777 0.006250 0.009905
0 0.438672 0.155618 0.007812 0.013033
0 0.538281 0.835177 0.008203 0.013033
0 0.915625 0.997353 0.006250 0.005294
0 0.860937 0.866457 0.007031 0.009905
0 0.207031 0.332611 0.008398 0.012773
0 0.558984 0.950913 0.007812 0.011469
0 0.946875 0.545316 0.007031 0.011991
0 0.859375 0.664180 0.008594 0.008863
0 0.172363 0.072205 0.008008 0.008602
0 0.824219 0.652710 0.006250 0.009905
0 0.470313 0.409769 0.008984 0.013033
0 0.685938 0.837784 0.006250 0.010427
0 0.578125 0.347469 0.005859 0.008341
0 0.723437 0.672000 0.007422 0.006256
0 0.600781 0.686076 0.007422 0.010948
0 0.017834 0.274482 0.010962 0.013555
0 0.387500 0.143367 0.009375 0.010166
0 0.266016 0.762190 0.005273 0.008863
0 0.115039 0.139457 0.007520 0.008341
0 0.966406 0.304459 0.007812 0.011991
0 0.638672 0.472329 0.010938 0.010948
0 0.448438 0.131637 0.007422 0.009384
0 0.283594 0.389958 0.006250 0.008863
0 0.753516 0.437921 0.004687 0.007820
0 0.031396 0.470243 0.007886 0.016683
0 0.376367 0.767925 0.007812 0.011469
0 0.165625 0.882097 0.009277 0.010427
0 0.528125 0.673564 0.006641 0.007299
0 0.212891 0.196022 0.008008 0.011469
0 0.434375 0.143367 0.009375 0.009645
0 0.142773 0.427494 0.005469 0.007820
0 0.523047 0.712664 0.007031 0.010427
0 0.150781 0.378489 0.009766 0.013033
0 0.564063 0.098271 0.007422 0.007690
0 0.973438 0.615174 0.007031 0.007820
0 0.696875 0.649061 0.008984 0.009384
0 0.238477 0.839348 0.009375 0.009905
0 0.895313 0.653232 0.008594 0.009384
0 0.726562 0.864372 0.006641 0.006777
0 0.749219 0.467115 0.007812 0.010427
0 0.518750 0.387873 0.007422 0.008863
0 0.176855 0.372754 0.008398 0.005213
0 0.570312 0.590150 0.007422 0.010948
0 0.425781 0.060214 0.008984 0.012642
0 0.465625 0.926932 0.008203 0.010427
0 0.807813 0.837784 0.010156 0.015640
0 0.340234 0.361806 0.008984 0.010427
0 0.133789 0.694417 0.009180 0.011991
0 0.698438 0.061387 0.007031 0.010166
0 0.031055 0.222088 0.007202 0.011209
0 0.291797 0.787215 0.009180 0.010427
0 0.030322 0.532282 0.010657 0.011469
0 0.564063 0.147016 0.007422 0.009645
0 0.398047 0.662616 0.004492 0.005213
0 0.597266 0.126945 0.007031 0.008341
0 0.906250 0.188202 0.007812 0.010948
0 0.864063 0.382659 0.009375 0.010427
0 0.076758 0.212704 0.008691 0.009384
0 0.750781 0.301852 0.009375 0.013555
0 0.390820 0.450433 0.009766 0.010948
0 0.657813 0.590150 0.010938 0.011469
0 0.774219 0.723090 0.008203 0.011469
0 0.581641 0.409247 0.008594 0.013555
0 0.550391 0.550529 0.012500 0.013033
0 0.447266 0.072596 0.007812 0.009905
0 0.585156 0.887311 0.009375 0.016683
0 0.920313 0.039361 0.007031 0.007690
0 0.601562 0.353986 0.008594 0.011991
0 0.476953 0.136590 0.008594 0.010166
0 0.091309 0.431143 0.009473 0.009384
0 0.327344 0.282042 0.008789 0.009645
0 0.571094 0.973852 0.009766 0.009384
0 0.170117 0.263534 0.008496 0.008863
0 0.298633 0.245548 0.009766 0.012251
0 0.556250 0.239292 0.008203 0.015379
0 0.555469 0.237728 0.006641 0.007820
0 0.817188 0.656881 0.008594 0.007820
0 0.726562 0.604748 0.008203 0.007820
0 0.960156 0.274743 0.009375 0.011730
0 0.414844 0.084847 0.006641 0.009645
0 0.246875 0.063342 0.008789 0.011860
0 0.901563 0.284648 0.010156 0.011209
0 0.084473 0.122514 0.007422 0.005995
0 0.971875 0.779916 0.008594 0.009384
0 0.894531 0.801812 0.009375 0.010427
0 0.910938 0.308630 0.010156 0.011469
0 0.020508 0.252326 0.008557 0.010166
0 0.550391 0.452518 0.010156 0.011991
0 0.944531 0.487969 0.007812 0.008863
0 0.102734 0.038579 0.006738 0.007950
0 0.612109 0.687118 0.010156 0.013033
0 0.825781 0.620909 0.007812 0.010427
0 0.464844 0.424887 0.007031 0.011469
0 0.247656 0.838305 0.007031 0.008863
0 0.109766 0.777830 0.009082 0.010948
0 0.984375 0.360242 0.008594 0.009645
0 0.932813 0.386309 0.007031 0.015640
0 0.215625 0.411854 0.006055 0.007820
0 0.622656 0.594321 0.010547 0.008341
0 0.900781 0.129812 0.007812 0.011730
0 0.719531 0.729868 0.008984 0.010948
0 0.046875 0.357114 0.007788 0.008602
0 0.945312 0.310194 0.008594 0.012773
0 0.507422 0.258321 0.008594 0.014597
0 0.262891 0.792428 0.008008 0.010948
0 0.754687 0.114172 0.007812 0.007038
0 0.695312 0.630814 0.008203 0.007820
0 0.268359 0.626644 0.008008 0.011991
0 0.175781 0.672521 0.010547 0.011991
0 0.080078 0.680862 0.005518 0.008863
0 0.049292 0.329483 0.006982 0.014337
0 0.896094 0.321663 0.006250 0.007559
0 0.823438 0.638634 0.007031 0.011469
0 0.583594 0.329483 0.008984 0.012251
0 0.775781 0.778873 0.007422 0.009905
0 0.209570 0.222870 0.007812 0.010427
0 0.309766 0.161614 0.008594 0.010687
0 0.389453 0.640198 0.005664 0.009384
0 0.750000 0.927975 0.010156 0.011469
0 0.013330 0.777830 0.007458 0.009905
0 0.827344 0.824751 0.007812 0.008863
0 0.726562 0.322185 0.007422 0.006517
0 0.384766 0.295075 0.007422 0.012251
0 0.314648 0.133462 0.010156 0.011991
0 0.780469 0.670436 0.006250 0.009384
0 0.772656 0.747593 0.008984 0.013033
0 0.665625 0.181946 0.008984 0.009645
0 0.639063 0.506737 0.008984 0.009905
0 0.621094 0.724654 0.012109 0.011991
0 0.676562 0.098011 0.008203 0.008863
0 0.717969 0.376403 0.008203 0.011469
0 0.675781 0.305502 0.008984 0.006517
0 0.683594 0.961340 0.008984 0.013555
0 0.702344 0.060214 0.008203 0.010818
0 0.653516 0.323748 0.010938 0.009905
0 0.275000 0.659488 0.009961 0.010427
0 0.465625 0.344081 0.006641 0.009123
0 0.905469 0.341995 0.009375 0.014597
0 0.123828 0.291947 0.008496 0.010427
0 0.226562 0.121471 0.007812 0.008341
0 0.993750 0.119646 0.009375 0.010427
0 0.646875 0.253368 0.005859 0.012251
0 0.815625 0.595364 0.005469 0.009905
0 0.371289 0.112869 0.010547 0.009905
0 0.301172 0.573468 0.008203 0.011469
0 0.378906 0.177775 0.008203 0.011469
0 0.010901 0.154836 0.005023 0.007559
0 0.435156 0.139457 0.007422 0.009905
0 0.571484 0.151708 0.009375 0.011730
0 0.343750 0.708493 0.013281 0.011469
0 0.885938 0.865415 0.004688 0.007820
0 0.958594 0.316710 0.009375 0.009905
0 0.645312 0.263795 0.008203 0.009645
0 0.303906 0.139718 0.007227 0.010948
0 0.748438 0.484841 0.006641 0.010948
0 0.641016 0.432186 0.007031 0.009384
0 0.663281 0.248155 0.006641 0.007559
0 0.481641 0.292729 0.011719 0.013033
0 0.653125 0.129291 0.009375 0.010687
0 0.698438 0.652710 0.007031 0.011991
0 0.341992 0.603705 0.006641 0.011991
0 0.850000 0.755934 0.007812 0.013033
0 0.191992 0.176732 0.006641 0.010427
0 0.383984 0.110523 0.010156 0.009384
0 0.047803 0.147277 0.007983 0.007299
0 0.762891 0.395171 0.008594 0.009384
0 0.085352 0.240074 0.005908 0.007299
0 0.798047 0.774702 0.010156 0.013033
0 0.476953 0.593278 0.008594 0.010948
0 0.307422 0.688161 0.009961 0.014076
0 0.909375 0.405598 0.006250 0.006777
0 0.832813 0.384745 0.010156 0.011991
0 0.803125 0.930060 0.008594 0.009384
0 0.848438 0.421238 0.007031 0.013555
0 0.705469 0.279956 0.008203 0.012773
0 0.619531 0.797120 0.006250 0.010427
0 0.017468 0.521334 0.008081 0.008863
0 0.714063 0.634985 0.010156 0.013033
0 0.667188 0.797641 0.005078 0.006777
0 0.041406 0.355550 0.004712 0.009645
0 0.205469 0.901908 0.006445 0.009905
0 0.768750 0.552614 0.007031 0.010948
0 0.407422 0.147538 0.012500 0.012773
0 0.401563 0.629772 0.006250 0.004692
0 0.456250 0.419674 0.011328 0.011469
0 0.889063 0.978023 0.007812 0.010427
0 0.389258 0.770532 0.008984 0.008863
0 0.965625 0.706929 0.009375 0.009905
0 0.031836 0.338085 0.010083 0.015119
0 0.008826 0.264838 0.008722 0.008341
0 0.449219 0.287255 0.010938 0.011730
0 0.439063 0.434271 0.008594 0.010427
0 0.618359 0.170216 0.007031 0.012512
0 0.308594 0.862287 0.007031 0.006777
0 0.183008 0.856031 0.007422 0.007820
0 0.238867 0.794513 0.011328 0.018247
0 0.597656 0.518727 0.008203 0.009384
0 0.537500 0.211922 0.008984 0.013033
0 0.697656 0.141282 0.009766 0.011730
0 0.432031 0.240335 0.005469 0.005474
0 0.404297 0.028413 0.006250 0.006647
0 0.378516 0.585980 0.009375 0.013555
0 0.427344 0.167870 0.010547 0.011209
0 0.820312 0.829443 0.007812 0.011469
0 0.409375 0.046138 0.008984 0.011078
0 0.311523 0.121992 0.006250 0.007299
0 0.244141 0.023199 0.007227 0.012251
0 0.822656 0.343559 0.012500 0.011730
0 0.166797 0.052133 0.008984 0.011860
0 0.740625 0.635506 0.009375 0.009384
0 0.314648 0.996049 0.006641 0.007901
0 0.069727 0.037275 0.007178 0.007299
0 0.742969 0.720484 0.008594 0.007820
0 0.578125 0.395171 0.008984 0.009384
0 0.497266 0.579202 0.008594 0.007299
0 0.571094 0.305502 0.005859 0.010427
0 0.517188 0.348773 0.005859 0.010948
0 0.215625 0.405598 0.006250 0.005735
0 0.036206 0.520813 0.006738 0.009384
0 0.997656 0.072465 0.004687 0.006908
0 0.640625 0.566169 0.008984 0.009384
0 0.657813 0.289862 0.006641 0.010427
0 0.315430 0.154836 0.007031 0.008341
0 0.545313 0.779916 0.008203 0.007820
0 0.245703 0.620388 0.010547 0.011991
0 0.090234 0.387873 0.008105 0.006777
0 0.273828 0.896695 0.008398 0.010948
0 0.801563 0.758020 0.011328 0.013033
0 0.566406 0.184031 0.012109 0.013294
0 0.155957 0.045095 0.007617 0.013424
0 0.323242 0.544794 0.006250 0.011469
0 0.642969 0.607876 0.005078 0.005213
0 0.127246 0.071423 0.009570 0.007820
0 0.942188 0.278914 0.005469 0.008081
0 0.462500 0.379531 0.007812 0.014076
0 0.462109 0.387351 0.007031 0.011469
0 0.863281 0.146495 0.006250 0.008602
0 0.135937 0.302634 0.009863 0.010427
0 0.269922 0.403513 0.006641 0.009905
0 0.831250 0.672521 0.007031 0.007820
0 0.364844 0.671478 0.005664 0.008863
0 0.136328 0.295857 0.008691 0.014597
0 0.997852 0.192894 0.004297 0.010427
0 0.194727 0.457210 0.006836 0.009384
0 0.598437 0.772096 0.008203 0.013555
0 0.266016 0.319578 0.009961 0.010687
0 0.340234 0.186116 0.004883 0.010687
0 0.175781 0.362588 0.007129 0.013033
0 0.715234 0.594321 0.008594 0.009384
0 0.005386 0.255714 0.007281 0.007820
0 0.376172 0.171258 0.010742 0.014076
0 0.219141 0.018116 0.009570 0.014597
0 0.195117 0.228084 0.009277 0.011991
0 0.709375 0.355550 0.008594 0.007038
0 0.714063 0.036493 0.007422 0.007950
0 0.002087 0.554700 0.004175 0.007299
0 0.982813 0.631857 0.008594 0.007299
0 0.567187 0.495267 0.008203 0.013033
0 0.653125 0.102703 0.009766 0.009645
0 0.914062 0.480670 0.007031 0.010427
0 0.151953 0.640198 0.008887 0.009384
0 0.547656 0.669914 0.006641 0.010427
0 0.305859 0.145452 0.008398 0.013815
0 0.446484 0.497353 0.011719 0.013555
0 0.914062 0.282042 0.011719 0.010427
0 0.001968 0.729868 0.003937 0.007820
0 0.727344 0.351119 0.009375 0.012512
0 0.426172 0.402470 0.007812 0.011991
0 0.117090 0.303416 0.006641 0.008341
0 0.486328 0.138414 0.007812 0.007299
0 0.918750 0.863329 0.007031 0.008863
0 0.427344 0.031019 0.007031 0.007299
0 0.276953 0.100096 0.011523 0.011078
0 0.020215 0.767925 0.008862 0.011469
0 0.497656 0.606833 0.009766 0.008863
0 0.239453 0.430622 0.007812 0.007820
0 0.427344 0.083804 0.011719 0.011730
0 0.522656 0.764276 0.008203 0.007299
0 0.705078 0.142846 0.007812 0.011469
0 0.086035 0.648540 0.005029 0.008341
0 0.839844 0.429579 0.010938 0.008863
0 0.737500 0.302113 0.010156 0.010948
0 0.961719 0.664701 0.007812 0.009384
0 0.283203 0.367541 0.009375 0.009123
0 0.876562 0.640198 0.009375 0.010427
0 0.177930 0.087845 0.006738 0.007429
0 0.397461 0.426973 0.005078 0.013555
0 0.128906 0.554700 0.008984 0.013555
0 0.298828 0.398821 0.009180 0.015640
0 0.617969 0.404034 0.009766 0.014597
0 0.088770 0.506737 0.011182 0.011469
0 0.896875 0.971767 0.008594 0.006256
0 0.705469 0.783044 0.007031 0.011991
0 0.577344 0.509865 0.010156 0.009905
0 0.163477 0.899301 0.007910 0.009384
0 0.917188 0.789821 0.007812 0.007299
0 0.594531 0.676692 0.008984 0.011991
0 0.396680 0.266141 0.010547 0.012512
0 0.682813 0.321142 0.009766 0.013294
0 0.186133 0.076897 0.006934 0.009514
0 0.946875 0.144931 0.008594 0.008341
0 0.286719 0.672521 0.008789 0.012512
0 0.432813 0.611525 0.010156 0.010427
0 0.495313 0.156922 0.008984 0.010687
0 0.251172 0.455646 0.006250 0.006256
0 0.370898 0.106873 0.009766 0.010687
0 0.299219 0.111305 0.006836 0.006256
0 0.951563 0.996571 0.007031 0.006858
0 0.776172 0.688161 0.007812 0.008341
0 0.332813 0.307066 0.008203 0.009905
0 0.644531 0.312018 0.007422 0.013555
0 0.857813 0.045877 0.007031 0.006517
0 0.657422 0.921719 0.008594 0.011469
0 0.733594 0.622473 0.008984 0.009905
0 0.492188 0.637592 0.006641 0.008341
0 0.151562 0.033365 0.011328 0.013294
0 0.742969 0.589108 0.008984 0.009905
0 0.002029 0.172040 0.004059 0.008081
0 0.215039 0.119907 0.008594 0.009645
0 0.359766 0.113912 0.009766 0.010427
0 0.453125 0.047181 0.003516 0.006908
0 0.710938 0.865415 0.008203 0.008341
0 0.353516 0.158486 0.013672 0.011469
0 0.546875 0.194458 0.008203 0.009905
0 0.704688 0.153794 0.005469 0.007559
0 0.995313 0.818495 0.007812 0.011991
0 0.923437 0.851860 0.008594 0.011469
0 0.313867 0.536453 0.006641 0.010427
0 0.090625 0.139978 0.007324 0.007299
0 0.569531 0.209576 0.005078 0.005995
0 0.078418 0.397257 0.005518 0.006256
0 0.540234 0.113130 0.007031 0.005995
0 0.133398 0.216354 0.011328 0.010948
0 0.438672 0.429579 0.007031 0.014076
0 0.511719 0.345123 0.007422 0.012773
0 0.894531 0.507258 0.004687 0.006256
0 0.616406 0.176211 0.008984 0.012251
0 0.536719 0.595364 0.006641 0.010948
0 0.703125 0.648540 0.005859 0.008863
0 0.807813 0.578160 0.008594 0.012512
0 0.334375 0.371190 0.011914 0.009905
0 0.825000 0.350076 0.011719 0.014597
0 0.497656 0.689204 0.008203 0.011469
0 0.423047 0.543230 0.009375 0.013033
0 0.701953 0.926932 0.007812 0.012512
0 0.549609 0.264577 0.010937 0.010948
0 0.503906 0.201756 0.012109 0.013294
0 0.684766 0.740294 0.008594 0.008863
0 0.867188 0.680862 0.007031 0.007820
0 0.109375 0.321142 0.008496 0.010427
0 0.264453 0.048223 0.009766 0.007950
0 0.371875 0.131637 0.011133 0.009905
0 0.734766 0.377446 0.008594 0.009384
0 0.225781 0.150144 0.008789 0.012251
0 0.427344 0.451475 0.010547 0.013033
0 0.568750 0.637070 0.008594 0.010948
0 0.539844 0.813803 0.007422 0.014597
0 0.253516 0.563562 0.006250 0.008341
0 0.968750 0.378489 0.008594 0.016161
0 0.134961 0.764276 0.006445 0.008341
0 0.286328 0.604748 0.008398 0.010948
0 0.754297 0.280999 0.008594 0.011469
0 0.481250 0.435835 0.008203 0.014597
0 0.904688 0.337564 0.008594 0.009384
0 0.131738 0.285170 0.009375 0.011209
0 0.249219 0.219742 0.011523 0.017725
0 0.486719 0.465030 0.008984 0.011991
0 0.948438 0.347991 0.006250 0.007299
0 0.553125 0.253890 0.007422 0.010427
0 0.466406 0.377967 0.007422 0.012512
0 0.714844 0.307326 0.008594 0.009384
0 0.072119 0.810153 0.009668 0.009384
0 0.425391 0.364673 0.007812 0.008863
0 0.171875 0.689204 0.006543 0.007820
0 0.884375 0.155358 0.006250 0.007038
0 0.557031 0.208534 0.005078 0.007299
0 0.923437 0.728825 0.007031 0.008341
0 0.690625 0.640720 0.008984 0.009384
0 0.425781 0.394129 0.007422 0.010948
0 0.449219 0.383702 0.011328 0.013033
0 0.389844 0.111044 0.010547 0.009123
0 0.196875 0.487447 0.007031 0.010427
0 0.899219 0.811196 0.007812 0.010427
0 0.722656 0.038970 0.005859 0.007559
0 0.167578 0.138675 0.006348 0.011209
0 0.646094 0.367019 0.009766 0.013033
0 0.657031 0.660009 0.011328 0.011991
0 0.703906 0.797120 0.007031 0.009384
0 0.742969 0.141282 0.009375 0.011209
0 0.712891 0.869585 0.007812 0.012512
0 0.710156 0.678256 0.006641 0.008341
0 0.099707 0.506737 0.008447 0.008341
0 0.308203 0.902951 0.008789 0.011991
0 0.992188 0.337303 0.011719 0.014858
0 0.869531 0.339910 0.007812 0.009384
0 0.337500 0.605790 0.007812 0.010948
0 0.388867 0.020853 0.006250 0.005735
0 0.612891 0.528112 0.009375 0.011469
0 0.089502 0.228344 0.008398 0.010166
0 0.925781 0.162135 0.007812 0.008081
0 0.630469 0.782522 0.006250 0.010427
0 0.438281 0.223913 0.011719 0.009905
0 0.913281 0.722048 0.007812 0.012512
0 0.848437 0.627686 0.011719 0.010948
0 0.397656 0.630814 0.004687 0.006777
0 0.695312 0.180903 0.007422 0.007559
0 0.058594 0.787736 0.005957 0.007299
0 0.357031 0.147538 0.009961 0.010687
0 0.892187 0.164742 0.008594 0.009384
0 0.120312 0.118343 0.006445 0.008081
0 0.751172 0.238771 0.007031 0.008863
0 0.885938 0.264316 0.007812 0.011991
0 0.678125 0.606312 0.006250 0.007299
0 0.334766 0.243202 0.009570 0.009905
0 0.760938 0.419153 0.006641 0.007820
0 0.299805 0.980108 0.008594 0.012512
0 0.279102 0.669393 0.005078 0.010948
0 0.553906 0.356853 0.008203 0.009905
0 0.294922 0.485362 0.008008 0.011469
0 0.832031 0.543230 0.009375 0.011991
0 0.147949 0.396214 0.005664 0.005213
0 0.321484 0.318796 0.007617 0.011469
0 0.517969 0.896695 0.006641 0.007820
0 0.928906 0.738209 0.006250 0.010948
0 0.717969 0.587022 0.006641 0.009384
0 0.739844 0.364934 0.006250 0.007299
0 0.960938 0.261188 0.008594 0.007559
0 0.185254 0.162135 0.006055 0.005995
0 0.812500 0.494225 0.010156 0.010427
0 0.937500 0.740816 0.008594 0.011469
0 0.610938 0.095274 0.005469 0.006777
0 0.443750 0.655838 0.007812 0.011991
0 0.537500 0.368062 0.008203 0.009905
0 0.517188 0.176732 0.010547 0.009645
0 0.359766 0.252586 0.009570 0.011991