0 0.847656 0.900865 0.007812 0.014076
0 0.859375 0.902951 0.006250 0.010948
0 0.866406 0.902951 0.006250 0.011469
0 0.875781 0.903993 0.006250 0.010948
0 0.870313 0.902951 0.005469 0.011991
0 0.351172 0.153794 0.008008 0.016422
0 0.238477 0.712142 0.006641 0.007820
0 0.366016 0.319057 0.006055 0.007559
0 0.183691 0.237207 0.009180 0.009123
0 0.232422 0.576596 0.008984 0.018247
0 0.183789 0.261710 0.009375 0.014858
0 0.186328 0.653753 0.007129 0.013033
0 0.152344 0.650104 0.009668 0.014597
0 0.447656 0.060475 0.006250 0.008211
0 0.138281 0.245027 0.008203 0.018507
0 0.267578 0.433750 0.008398 0.010948
0 0.240625 0.436878 0.009961 0.018247
0 0.312500 0.299246 0.008398 0.015640
0 0.376172 0.168391 0.008984 0.019289
0 0.015503 0.309933 0.010071 0.017204
0 0.603125 0.594321 0.007812 0.011991
0 0.839063 0.903993 0.008594 0.010427
0 0.138086 0.286734 0.006641 0.009645
0 0.270703 0.469201 0.009766 0.019289
0 0.448438 0.048223 0.005859 0.007950
0 0.035889 0.642284 0.009131 0.014076
0 0.307422 0.986364 0.006836 0.008341
0 0.403125 0.042749 0.008984 0.011730
0 0.523438 0.581288 0.005859 0.007299
0 0.365625 0.301331 0.008398 0.012773
0 0.574219 0.241899 0.009766 0.015640
0 0.046484 0.197064 0.008325 0.008081
0 0.800781 0.617260 0.010547 0.014597
0 0.500781 0.124078 0.008203 0.015379
0 0.810938 0.587022 0.008594 0.010948
0 0.085645 0.192894 0.008789 0.009645
0 0.795703 0.542709 0.007812 0.011469
0 0.212500 0.628208 0.010742 0.016683
0 0.506250 0.840391 0.008984 0.015640
0 0.059570 0.168912 0.010010 0.016943
0 0.182520 0.200714 0.008594 0.014337
0 0.885938 0.902951 0.005469 0.013555
0 0.943750 0.349294 0.007031 0.013033
0 0.433594 0.543230 0.010156 0.017725
0 0.045557 0.203842 0.008643 0.009123
0 0.839063 0.895652 0.008594 0.009905
0 0.351953 0.565648 0.009570 0.012512
0 0.029150 0.483798 0.008960 0.013033
0 0.399219 0.599534 0.009961 0.015119
0 0.145898 0.258060 0.010449 0.010948
0 0.603906 0.371190 0.005078 0.006777
0 0.433594 0.653232 0.009766 0.018768
0 0.072021 0.144670 0.009863 0.017204
0 0.545313 0.630814 0.006641 0.007299
0 0.038965 0.193936 0.008008 0.013815
0 0.463281 0.351901 0.010547 0.016943
0 0.061230 0.208273 0.011865 0.013555
0 0.051367 0.221046 0.010181 0.010427
0 0.025439 0.168912 0.011829 0.017725
0 0.078320 0.017204 0.009521 0.014728
0 0.150586 0.469201 0.006934 0.009905
0 0.042676 0.608397 0.007202 0.011469
0 0.330469 0.079243 0.010352 0.011730
0 0.638281 0.076636 0.006641 0.009775
0 0.170996 0.185595 0.009766 0.015119
0 0.780469 0.895652 0.008203 0.011991
0 0.192090 0.565126 0.006055 0.008863
0 0.820312 0.627165 0.009375 0.015640
0 0.340039 0.707972 0.010547 0.014076
0 0.464063 0.669393 0.007422 0.010948
0 0.062891 0.194197 0.010498 0.012512
0 0.287305 0.243463 0.007812 0.018768
0 0.060352 0.245027 0.010010 0.009384
0 0.825000 0.446783 0.007031 0.011469
0 0.187402 0.564605 0.007422 0.009384
0 0.901563 0.052003 0.010156 0.013815
0 0.709375 0.920676 0.007031 0.008341
0 0.089258 0.203320 0.009326 0.014337
0 0.382031 0.568254 0.011328 0.011991
0 0.581641 0.197064 0.010938 0.015901
0 0.127246 0.234600 0.010547 0.013815
0 0.161035 0.611004 0.011133 0.013033
0 0.345313 0.161092 0.012891 0.014597
0 0.244922 0.552614 0.008789 0.018247
0 0.037964 0.204363 0.007373 0.011730
0 0.801563 0.565648 0.007422 0.009384
0 0.320312 0.338346 0.007227 0.006517
0 0.238281 0.477542 0.011914 0.013555
0 0.607031 0.212183 0.009375 0.017465
0 0.359375 0.301331 0.007422 0.013555
0 0.426562 0.868543 0.010547 0.018247
0 0.063721 0.666786 0.009082 0.014597
0 0.514063 0.609961 0.007422 0.009384
0 0.150000 0.277871 0.006836 0.010427
0 0.085400 0.678256 0.008398 0.012512
0 0.038525 0.688161 0.007397 0.010948
0 0.183984 0.593278 0.011816 0.013033
0 0.052148 0.677213 0.007373 0.015640
0 0.098730 0.099444 0.011377 0.018507
0 0.044775 0.679820 0.010034 0.012512
0 0.482813 0.263795 0.007031 0.007038
0 0.051709 0.195240 0.011450 0.011469
0 0.976562 0.552614 0.009375 0.012512
0 0.563281 0.701194 0.008984 0.018768
0 0.347070 0.015640 0.010547 0.012121
0 0.800000 0.580766 0.009766 0.011991
0 0.290039 0.176993 0.010547 0.016161
0 0.864844 0.326877 0.009375 0.009905
0 0.314844 0.969682 0.007031 0.009384
0 0.571875 0.120950 0.006250 0.007559
0 0.271094 0.369105 0.010547 0.016943
0 0.220508 0.423323 0.012500 0.014076
0 0.457813 0.184031 0.011719 0.014337
0 0.050195 0.242420 0.013989 0.014597
0 0.383008 0.076636 0.012500 0.012903
0 0.096338 0.267966 0.011035 0.011730
0 0.359180 0.141803 0.010156 0.014858
0 0.438281 0.058129 0.012109 0.013164
0 0.148828 0.311236 0.005762 0.007559
0 0.080811 0.146234 0.010352 0.013555
0 0.175977 0.034669 0.009766 0.012512
0 0.091748 0.186898 0.006836 0.011469
0 0.914062 0.627686 0.010938 0.014076
0 0.166211 0.398299 0.010059 0.014076
0 0.276172 0.961340 0.007617 0.012512
0 0.796094 0.872713 0.008984 0.009905
0 0.394141 0.500481 0.010352 0.016683
0 0.432813 0.837263 0.010938 0.011469
0 0.009747 0.549486 0.011438 0.013033
0 0.546094 0.668350 0.010938 0.014597
0 0.229492 0.452518 0.010547 0.011469
0 0.184375 0.544273 0.009863 0.016161
0 0.454688 0.661052 0.010156 0.017204
0 0.392969 0.584416 0.012305 0.013555
0 0.107031 0.190026 0.007129 0.009384
0 0.149805 0.254411 0.010742 0.013815
0 0.356641 0.330526 0.009180 0.011469
0 0.575000 0.577638 0.007812 0.017204
0 0.054932 0.627686 0.007812 0.016161
0 0.685938 0.961340 0.008984 0.011469
0 0.157813 0.620909 0.011133 0.011469
0 0.158594 0.241638 0.011523 0.010427
0 0.436328 0.003095 0.008594 0.006191
0 0.182031 0.577117 0.007324 0.010427
0 0.021814 0.292729 0.011450 0.014597
0 0.314258 0.271876 0.010156 0.012512
0 0.495313 0.591714 0.010547 0.014597
0 0.190234 0.611004 0.011230 0.014076
0 0.438281 0.559913 0.011328 0.011991
0 0.508594 0.559913 0.010547 0.015119
0 0.027490 0.669393 0.011694 0.011469
0 0.477344 0.092667 0.012109 0.012512
0 0.056934 0.260146 0.012305 0.014076
0 0.169629 0.333654 0.007617 0.014076
0 0.308203 0.069728 0.010742 0.017725
0 0.506250 0.393086 0.010547 0.012512
0 0.885938 0.925889 0.006250 0.011469
0 0.046338 0.243202 0.010156 0.012512
0 0.184375 0.255454 0.009863 0.016943
0 0.489062 0.816409 0.008984 0.015119
0 0.475000 0.683990 0.011328 0.012512
0 0.706250 0.599534 0.013281 0.010427
0 0.438281 0.852381 0.010547 0.012512
0 0.028027 0.419153 0.009790 0.017204
0 0.214844 0.511429 0.011719 0.014597
0 0.468750 0.041967 0.011328 0.013685
0 0.407813 0.033626 0.009766 0.012903
0 0.364844 0.536453 0.009961 0.010427
0 0.045288 0.694417 0.009521 0.009905
0 0.192578 0.978023 0.008105 0.007299
0 0.907031 0.661573 0.009375 0.012512
0 0.518359 0.876884 0.012500 0.014076
0 0.332422 0.732996 0.010742 0.014076
0 0.369141 0.387351 0.009961 0.016683
0 0.165332 0.494225 0.010547 0.017204
0 0.100879 0.278914 0.006836 0.009384
0 0.299805 0.255975 0.007422 0.014076
0 0.902344 0.065167 0.010938 0.009254
0 0.264258 0.451997 0.011328 0.012512
0 0.398438 0.528633 0.009570 0.016161
0 0.338281 0.068425 0.010937 0.013294
0 0.152832 0.241638 0.012891 0.011991
0 0.918750 0.590150 0.007031 0.009905
0 0.332422 0.658445 0.009180 0.012512
0 0.144141 0.975937 0.012109 0.011469
0 0.139355 0.211140 0.009570 0.016683
0 0.403125 0.029195 0.008008 0.008732
0 0.313672 0.285691 0.008398 0.008081
0 0.300391 0.248155 0.007422 0.012251
0 0.039404 0.052655 0.012134 0.011339
0 0.089258 0.125642 0.010010 0.011469
0 0.314453 0.195500 0.011523 0.016943
0 0.082520 0.545316 0.011377 0.011469
0 0.564063 0.213747 0.011328 0.011730
0 0.052246 0.066731 0.011670 0.010687
0 0.081885 0.127206 0.010352 0.012251
0 0.217383 0.100357 0.010937 0.015119
0 0.600781 0.917548 0.012500 0.013555
0 0.501953 0.017074 0.010938 0.016422
0 0.764063 0.876884 0.007812 0.009905
0 0.775000 0.868021 0.011328 0.014597
0 0.345703 0.556264 0.008398 0.007299
0 0.141504 0.781480 0.005859 0.007299
0 0.065332 0.244506 0.010254 0.010687
0 0.021094 0.681384 0.008020 0.008341
0 0.313086 0.236946 0.010547 0.017204
0 0.589453 0.082110 0.010156 0.013555
0 0.607031 0.395171 0.010938 0.010948
0 0.346875 0.166306 0.011328 0.012251
0 0.523438 0.594842 0.006641 0.009384
0 0.164453 0.769489 0.006641 0.012512
0 0.085986 0.101660 0.009668 0.014337
0 0.742969 0.936316 0.006250 0.009384
0 0.288086 0.145192 0.009375 0.016161
0 0.655859 0.760105 0.012500 0.014076
0 0.946094 0.035451 0.009375 0.017074
0 0.490234 0.108438 0.011719 0.013294
0 0.314063 0.887311 0.011523 0.019289
0 0.551953 0.136590 0.010938 0.016943
0 0.026001 0.215832 0.010974 0.019029
0 0.452344 0.171258 0.010547 0.013033
0 0.575000 0.102442 0.011719 0.015119
0 0.488281 0.636028 0.008594 0.013033
0 0.694531 0.652189 0.012109 0.012512
0 0.767969 0.756977 0.006250 0.008863
0 0.233594 0.378489 0.011523 0.013033
0 0.414453 0.359199 0.010937 0.015901
0 0.627344 0.100878 0.011719 0.014206
0 0.085156 0.923804 0.005615 0.007299
0 0.347070 0.969682 0.007422 0.008341
0 0.070996 0.460859 0.010498 0.017204
0 0.631641 0.519249 0.013281 0.015119
0 0.552734 0.162396 0.010156 0.011991
0 0.428125 0.838305 0.010937 0.011991
0 0.544922 0.184031 0.009375 0.013815
0 0.446094 0.992400 0.010547 0.015200
0 0.982813 0.693374 0.011719 0.014076
0 0.920313 0.548443 0.009375 0.009905
0 0.030762 0.229387 0.011719 0.011991
0 0.077100 0.545316 0.008691 0.011469
0 0.492188 0.665222 0.010156 0.013033
0 0.009485 0.793471 0.010205 0.015640
0 0.089551 0.110002 0.010205 0.010427
0 0.161914 0.370147 0.008105 0.018247
0 0.796094 0.893567 0.012500 0.013555
0 0.638281 0.169694 0.008203 0.011469
0 0.264453 0.915463 0.008789 0.008341
0 0.077734 0.995267 0.010107 0.009465
0 0.119922 0.203320 0.009766 0.015119
0 0.104687 0.117040 0.011377 0.015119
0 0.187207 0.631857 0.008789 0.016161
0 0.167773 0.047963 0.006934 0.008732
0 0.046436 0.066991 0.009668 0.010036
0 0.373047 0.101660 0.010352 0.011469
0 0.093213 0.475457 0.008008 0.014076
0 0.183398 0.110262 0.011230 0.011991
0 0.777344 0.677213 0.011328 0.013555
0 0.238281 0.728825 0.007227 0.009384
0 0.483594 0.658966 0.011328 0.012512
0 0.908594 0.614132 0.010938 0.012512
0 0.239063 0.665222 0.010352 0.012512
0 0.853125 0.398299 0.010938 0.009905
0 0.164062 0.311758 0.011035 0.013815
0 0.494531 0.112087 0.012891 0.014337
0 0.052734 0.082110 0.010938 0.013555
0 0.648438 0.094883 0.005859 0.007950
0 0.757422 0.357375 0.007812 0.010427
0 0.047949 0.053958 0.009180 0.011991
0 0.118555 0.193415 0.009473 0.009645
0 0.464844 0.827879 0.011328 0.011991
0 0.504688 0.666265 0.013672 0.010948
0 0.334180 0.196022 0.009766 0.011209
0 0.320703 0.674085 0.009180 0.010427
0 0.289453 0.770532 0.011133 0.018247
0 0.177637 0.004431 0.009766 0.008863
0 0.076563 0.178296 0.008301 0.012251
0 0.452734 0.348512 0.008594 0.011469
0 0.696094 0.529676 0.007422 0.009384
0 0.257422 0.423845 0.008789 0.013555
0 0.257227 0.336261 0.010937 0.015640
0 0.827344 0.850296 0.012500 0.013555
0 0.514844 0.905036 0.010547 0.010427
0 0.432422 0.605269 0.010937 0.013555
0 0.826563 0.594321 0.009375 0.011991
0 0.402734 0.004171 0.008594 0.008341
0 0.035474 0.266923 0.009814 0.015901
0 0.230078 0.437921 0.012695 0.017725
0 0.784375 0.911292 0.011328 0.011469
0 0.396289 0.043922 0.010547 0.014076
0 0.770703 0.995748 0.006250 0.008341
0 0.793750 0.685033 0.012109 0.014076
0 0.469922 0.669914 0.010938 0.010427
0 0.900000 0.151187 0.012500 0.012512
0 0.466406 0.409247 0.011328 0.013555
0 0.616016 0.392565 0.009375 0.011469
0 0.719531 0.913377 0.010937 0.012512
0 0.251563 0.225216 0.011133 0.016943
0 0.179297 0.480149 0.010254 0.011469
0 0.205859 0.097229 0.007422 0.011469
0 0.267578 0.402991 0.009180 0.018768
0 0.377344 0.102181 0.010742 0.011730
0 0.944531 0.812239 0.010937 0.016161
0 0.673438 0.661052 0.005859 0.008863
0 0.144336 0.754370 0.007324 0.009384
0 0.377734 0.568254 0.011523 0.013033
0 0.815625 0.761148 0.009375 0.013033
0 0.501563 0.072987 0.010547 0.009645
0 0.159180 0.010166 0.011230 0.015510
0 0.896094 0.677734 0.009375 0.010948
0 0.301953 0.495267 0.011523 0.013555
0 0.508594 0.519249 0.011328 0.013555
0 0.482813 0.535932 0.012109 0.013555
0 0.596094 0.484841 0.011328 0.013033
0 0.060889 0.078070 0.013184 0.013815
0 0.230859 0.445741 0.012891 0.019811
0 0.600781 0.344081 0.009375 0.015640
0 0.850000 0.368062 0.012500 0.013555
0 0.443359 0.008211 0.012500 0.016422
0 0.434375 0.851339 0.012891 0.014597
0 0.032959 0.698588 0.009424 0.009905
0 0.930469 0.114172 0.010938 0.016422
0 0.764063 0.804419 0.010547 0.018768
0 0.931250 0.071944 0.013281 0.010818
0 0.610938 0.372233 0.005859 0.008341
0 0.405469 0.038839 0.011328 0.016161
0 0.152441 0.965511 0.011523 0.015640
0 0.225000 0.523941 0.012305 0.010427
0 0.246875 0.417067 0.009180 0.013033
0 0.379687 0.355289 0.005664 0.007820
0 0.326758 0.510907 0.010937 0.013033
0 0.435937 0.778352 0.009766 0.017725
0 0.358594 0.536453 0.008789 0.011469
0 0.378320 0.400385 0.010156 0.013033
0 0.821875 0.856552 0.011719 0.009384
0 0.078516 0.140760 0.013428 0.013294
0 0.145020 0.005148 0.009375 0.010296
0 0.593750 0.958212 0.011328 0.012512
0 0.619531 0.762712 0.007031 0.008341
0 0.714063 0.587022 0.012109 0.014076
0 0.885938 0.352422 0.011719 0.017725
0 0.114453 0.900865 0.011230 0.015640
0 0.240625 0.769489 0.009766 0.011469
0 0.076367 0.076245 0.010791 0.012773
0 0.515625 0.951956 0.012109 0.014597
0 0.628125 0.021244 0.010547 0.010427
0 0.085010 0.085368 0.005957 0.012512
0 0.396289 0.411854 0.011328 0.013555
0 0.882812 0.270312 0.008594 0.018768
0 0.639844 0.012773 0.010547 0.009384
0 0.046143 0.043271 0.011523 0.013946
0 0.436719 0.784087 0.004687 0.005213
0 0.550781 0.179860 0.010156 0.010427
0 0.265625 0.425409 0.009180 0.012512
0 0.085547 0.180382 0.007520 0.010427
0 0.545313 0.460859 0.007422 0.007820
0 0.895313 0.666786 0.010938 0.012512
0 0.958594 0.561998 0.010938 0.014076
0 0.076660 0.225477 0.008691 0.009905
0 0.525781 0.670436 0.011328 0.014076
0 0.987500 0.749157 0.007031 0.009384
0 0.087598 0.136590 0.009375 0.010427
0 0.118848 0.187159 0.010938 0.015379
0 0.660547 0.725697 0.008594 0.014076
0 0.851562 0.189766 0.011719 0.015119
0 0.459375 0.275264 0.011719 0.015901
0 0.170898 0.477542 0.009863 0.012512
0 0.226953 0.440006 0.011133 0.013033
0 0.235938 0.769489 0.010547 0.011469
0 0.279687 0.511950 0.008203 0.010948
0 0.495703 0.073508 0.009375 0.010036
0 0.814844 0.449390 0.010938 0.012512
0 0.051465 0.236946 0.011328 0.011469
0 0.490625 0.487447 0.010547 0.011469
0 0.903125 0.078721 0.010156 0.011991
0 0.026782 0.230169 0.011292 0.014076
0 0.324609 0.327919 0.007422 0.015379
0 0.953125 0.402470 0.007031 0.008863
0 0.330859 0.510907 0.010352 0.012512
0 0.298633 0.086802 0.010938 0.014858
0 0.738281 0.639156 0.011719 0.011991
0 0.308008 0.096447 0.012109 0.015249
0 0.245313 0.665222 0.011133 0.009905
0 0.051660 0.203320 0.011768 0.011991
0 0.496094 0.672521 0.010156 0.011991
0 0.065527 0.482755 0.011670 0.010948
0 0.063086 0.231994 0.011279 0.013555
0 0.164648 0.663137 0.011523 0.014076
0 0.050977 0.672521 0.008447 0.017204
0 0.362500 0.236425 0.009180 0.016683
0 0.950781 0.343559 0.007812 0.011209
0 0.794141 0.407162 0.011719 0.013555
0 0.832812 0.546880 0.011719 0.012512
0 0.101758 0.681905 0.011475 0.009905
0 0.088184 0.196022 0.012109 0.019550
0 0.076270 0.950913 0.010645 0.012512
0 0.137109 0.498395 0.006738 0.010427
0 0.049390 0.180903 0.007764 0.010166
0 0.075195 0.204102 0.010205 0.012512
0 0.181445 0.032323 0.009863 0.010557
0 0.509375 0.346427 0.005859 0.007299
0 0.479688 0.777831 0.005859 0.007820
0 0.369922 0.579202 0.007617 0.011469
0 0.074805 0.806504 0.006885 0.010427
0 0.496875 0.397257 0.007422 0.009905
0 0.811719 0.581809 0.009375 0.015640
0 0.038428 0.697545 0.010767 0.010427
0 0.147266 0.340953 0.011719 0.012512
0 0.096875 0.927975 0.009521 0.012512
0 0.914844 0.287255 0.010938 0.012251
0 0.881250 0.666265 0.011719 0.016161
0 0.052490 0.033105 0.011743 0.010557
0 0.289062 0.895652 0.007227 0.007820
0 0.590625 0.485883 0.009766 0.012512
0 0.925000 0.577117 0.007031 0.014597
0 0.931250 0.605790 0.007031 0.009905
0 0.908594 0.044835 0.010938 0.011600
0 0.298828 0.532803 0.006445 0.008341
0 0.496094 0.634985 0.010547 0.011991
0 0.908594 0.757499 0.010938 0.010427
0 0.764844 0.368062 0.007812 0.009384
0 0.344531 0.322706 0.007227 0.007299
0 0.085791 0.123556 0.012012 0.011209
0 0.940625 0.056565 0.011719 0.014988
0 0.506250 0.151708 0.011328 0.015901
0 0.357031 0.294554 0.007812 0.015379
0 0.789453 0.405598 0.010156 0.013033
0 0.878125 0.286994 0.010937 0.012512
0 0.917188 0.621952 0.010156 0.013555
0 0.900781 0.677734 0.010938 0.010948
0 0.286328 0.519249 0.006055 0.009905
0 0.153906 0.788257 0.004980 0.007820
0 0.170898 0.004529 0.007910 0.009058
0 0.329688 0.728825 0.011914 0.016161
0 0.625781 0.203320 0.008594 0.017725
0 0.178613 0.773660 0.008008 0.009905
0 0.081641 0.995267 0.009326 0.009465
0 0.868750 0.468158 0.012500 0.014076
0 0.714063 0.920676 0.009766 0.010427
0 0.989844 0.772617 0.010938 0.011991
0 0.832813 0.914420 0.008594 0.004171
0 0.185547 0.627686 0.011816 0.015119
0 0.152148 0.381617 0.011426 0.009905
0 0.039185 0.187680 0.008496 0.015901
0 0.140527 0.126684 0.012109 0.013815
0 0.513281 0.131898 0.007422 0.009123
0 0.901563 0.410811 0.008594 0.018247
0 0.529687 0.849775 0.007812 0.012512
0 0.803125 0.614132 0.009766 0.014076
0 0.766406 0.617260 0.012109 0.013555
0 0.071631 0.521334 0.009863 0.012512
0 0.342969 0.053437 0.008398 0.014988
0 0.821875 0.979066 0.007031 0.008341
0 0.084375 0.186377 0.011182 0.015119
0 0.377344 0.891481 0.011328 0.014597
0 0.481250 0.653753 0.012891 0.011469
0 0.957813 0.372754 0.007031 0.007299
0 0.064648 0.075854 0.010205 0.010557
0 0.627734 0.944658 0.011719 0.015640
0 0.005194 0.009645 0.010388 0.011730
0 0.123047 0.200192 0.009180 0.014337
0 0.091113 0.105831 0.009082 0.010687
0 0.664844 0.556785 0.010547 0.013033
0 0.077197 0.117300 0.010254 0.012773
0 0.461719 0.667308 0.010547 0.011469
0 0.378125 0.243984 0.009180 0.015119
0 0.834375 0.550529 0.011719 0.013033
0 0.083594 0.148059 0.010449 0.009905
0 0.054590 0.621952 0.008740 0.016683
0 0.531250 0.571382 0.008203 0.013033
0 0.771875 0.295075 0.011328 0.013555
0 0.025928 0.680862 0.013062 0.009905
0 0.507422 0.221567 0.011719 0.014076
0 0.771875 0.885225 0.008984 0.013033
0 0.860937 0.560434 0.010156 0.014597
0 0.063037 0.070380 0.010352 0.012382
0 0.014771 0.565126 0.009241 0.008863
0 0.510547 0.906079 0.010156 0.010427
0 0.608594 0.078461 0.010547 0.014467
0 0.431250 0.658966 0.012891 0.018768
0 0.864844 0.848732 0.009375 0.010427
0 0.493750 0.517164 0.007422 0.010427
0 0.115527 0.172301 0.010937 0.013555
0 0.602344 0.261710 0.010547 0.011209
0 0.339258 0.702758 0.009375 0.017204
0 0.273047 0.960297 0.008398 0.014597
0 0.651953 0.031150 0.008594 0.007820
0 0.156445 0.379531 0.012598 0.011991
0 0.605469 0.351379 0.008203 0.013555
0 0.626953 0.804940 0.011719 0.014597
0 0.884375 0.912335 0.007812 0.010427
0 0.483594 0.006908 0.009375 0.010166
0 0.557031 0.626644 0.011719 0.015119
0 0.308594 0.258582 0.009570 0.012773
0 0.909375 0.072335 0.010156 0.009905
0 0.828906 0.925889 0.006250 0.010427
0 0.368945 0.300288 0.010547 0.012773
0 0.003021 0.221567 0.006042 0.015379
0 0.411328 0.020723 0.010156 0.012251
0 0.103125 0.969682 0.010059 0.012512
0 0.387891 0.581288 0.012109 0.016683
0 0.100391 0.112087 0.012598 0.015119
0 0.499219 0.666265 0.008203 0.009905
0 0.251172 0.915463 0.007617 0.008341
0 0.258984 0.017204 0.010547 0.014467
0 0.438672 0.005507 0.010156 0.011013
0 0.190625 0.971767 0.008691 0.009384
0 0.015967 0.524462 0.012744 0.010948
0 0.790234 0.490575 0.011719 0.010427
0 0.178320 0.019550 0.010449 0.015640
0 0.733594 0.638113 0.010156 0.013033
0 0.121680 0.007690 0.012500 0.011991
0 0.473047 0.090842 0.010937 0.013294
0 0.630859 0.807547 0.011719 0.013555
0 0.477344 0.942572 0.010937 0.013555
0 0.537500 0.435835 0.007812 0.011991
0 0.484375 0.288037 0.010156 0.012512
0 0.047046 0.670957 0.012842 0.015640
0 0.909375 0.423323 0.011719 0.010948
0 0.269336 0.955084 0.009375 0.014597
0 0.155078 0.756977 0.008887 0.011469
0 0.787500 0.862287 0.008984 0.017204
0 0.334961 0.252065 0.010937 0.014076
0 0.268750 0.451997 0.009766 0.012512
0 0.744531 0.763233 0.007422 0.008863
0 0.166602 0.316450 0.010449 0.015379
0 0.068896 0.929017 0.007227 0.010427
0 0.154688 0.618302 0.014160 0.013033
0 0.602734 0.340431 0.010938 0.012251
0 0.512500 0.223652 0.012109 0.013033
0 0.084766 0.400385 0.009912 0.011469
0 0.287500 0.150144 0.003711 0.004431
0 0.382031 0.404555 0.008008 0.008863
0 0.478516 0.969682 0.010938 0.015640
0 0.050830 0.056434 0.010254 0.009905
0 0.396094 0.272136 0.010742 0.012251
0 0.357812 0.836220 0.010937 0.011991
0 0.013208 0.547401 0.011365 0.012512
0 0.931250 0.268487 0.007031 0.013033
0 0.789062 0.544794 0.007812 0.015640
0 0.193359 0.996310 0.007715 0.007380
0 0.502344 0.669393 0.011328 0.013033
0 0.987500 0.750721 0.003906 0.004692
0 0.589453 0.957170 0.010938 0.012512
0 0.322461 0.622473 0.005469 0.007299
0 0.038647 0.060735 0.009863 0.009123
0 0.555469 0.431665 0.005859 0.007820
0 0.191797 0.099444 0.010449 0.010166
0 0.972656 0.264316 0.010938 0.012773
0 0.762500 0.832049 0.010547 0.010427
0 0.119336 0.173604 0.012207 0.015379
0 0.365234 0.363631 0.006836 0.008863
0 0.625000 0.482755 0.007031 0.010427
0 0.367773 0.380574 0.010156 0.015119
0 0.780469 0.679820 0.010937 0.015640
0 0.154688 0.743423 0.006934 0.009905
0 0.587500 0.083153 0.005078 0.005735
0 0.457031 0.044574 0.009375 0.015770
0 0.497656 0.776788 0.010547 0.012512
0 0.369531 0.494225 0.010156 0.014076
0 0.383008 0.089800 0.011328 0.015379
0 0.788281 0.419153 0.008203 0.010948
0 0.125781 0.100878 0.010449 0.015640
0 0.071045 0.073508 0.011719 0.010948
0 0.972656 0.803376 0.010938 0.014597
0 0.739844 0.948828 0.008984 0.011469
0 0.046680 0.687118 0.010181 0.013033
0 0.976562 0.918591 0.009375 0.016683
0 0.186621 0.648540 0.009375 0.018247
0 0.005078 0.068034 0.009326 0.011078
0 0.488281 0.389958 0.007422 0.009384
0 0.441797 0.658966 0.007812 0.011469
0 0.914062 0.423323 0.010938 0.009384
0 0.092383 0.924847 0.009717 0.010427
0 0.978125 0.506737 0.012500 0.014076
0 0.447656 0.546358 0.005078 0.007820
0 0.607031 0.332611 0.007812 0.008081
0 0.962500 0.654796 0.010156 0.013555
0 0.554688 0.133201 0.011328 0.015119
0 0.416016 0.668350 0.009375 0.013033
0 0.023389 0.606833 0.005945 0.007299
0 0.909375 0.051351 0.011719 0.011730
0 0.745703 0.980108 0.006250 0.007299
0 0.111230 0.492661 0.010352 0.011469
0 0.771875 0.894609 0.007812 0.011469
0 0.389063 0.353465 0.009961 0.014858
0 0.850781 0.902951 0.009375 0.014597
0 0.081641 0.183510 0.009912 0.012773
0 0.510547 0.715270 0.006250 0.007299
0 0.040869 0.669393 0.012036 0.012512
0 0.291602 0.919633 0.005859 0.009384
0 0.170703 0.836741 0.007129 0.008341
0 0.291992 0.226259 0.011328 0.011209
0 0.251172 0.933188 0.008008 0.010427
0 0.621094 0.293511 0.009375 0.011209
0 0.179980 0.188723 0.011914 0.017725
0 0.939063 0.534889 0.007812 0.009905
0 0.063281 0.661052 0.008789 0.017204
0 0.241016 0.367019 0.010352 0.015119
0 0.177637 0.045486 0.011133 0.013815
0 0.278516 0.955084 0.010352 0.013555
0 0.991406 0.637070 0.009375 0.016161
0 0.101758 0.975938 0.010059 0.010427
0 0.160938 0.653753 0.013477 0.019289
0 0.225781 0.389958 0.010156 0.010948
0 0.742188 0.961340 0.005859 0.009384
0 0.870313 0.322706 0.011719 0.009123
0 0.011816 0.004692 0.008203 0.009384
0 0.367969 0.287776 0.009570 0.013033
0 0.325977 0.674606 0.012109 0.009905
0 0.106641 0.963426 0.008594 0.017725
0 0.098828 0.263534 0.006787 0.014076
0 0.367578 0.612046 0.005664 0.008341
0 0.011505 0.148320 0.006067 0.008341
0 0.162305 0.425409 0.007422 0.009905
0 0.002451 0.184031 0.004901 0.013033
0 0.818750 0.449390 0.013281 0.015119
0 0.623437 0.210098 0.009766 0.010687
0 0.632422 0.996049 0.007812 0.007901
0 0.801563 0.584937 0.010547 0.013555
0 0.132910 0.414982 0.011719 0.010948
0 0.870313 0.848211 0.011719 0.009384
0 0.488281 0.287255 0.010938 0.012512
0 0.964063 0.354507 0.007031 0.008602
0 0.350781 0.159007 0.010547 0.011991
0 0.878906 0.281520 0.014063 0.014858
0 0.353125 0.323227 0.009570 0.010166
0 0.006921 0.759584 0.010431 0.014597
0 0.781250 0.909207 0.010547 0.012512
0 0.521875 0.404555 0.005078 0.007299
0 0.168555 0.328180 0.008105 0.017204
0 0.862500 0.286734 0.010937 0.014337
0 0.909375 0.076897 0.010937 0.013555
0 0.664453 0.170476 0.011719 0.014858
0 0.936719 0.058911 0.015625 0.020202
0 0.029932 0.478063 0.009204 0.016683
0 0.492969 0.631857 0.010937 0.013033
0 0.929688 0.644369 0.011719 0.014076
0 0.688281 0.958212 0.013281 0.014597
0 0.291406 0.114433 0.009570 0.010948
0 0.831250 0.343299 0.007031 0.010427
0 0.319141 0.679820 0.011328 0.017725
0 0.864063 0.913377 0.010156 0.007299
0 0.765625 0.135026 0.010156 0.012512
0 0.524219 0.581809 0.009766 0.010948
0 0.797656 0.589108 0.012500 0.009905
0 0.240234 0.801812 0.008398 0.008863
0 0.294922 0.088105 0.010937 0.014206
0 0.755078 0.861244 0.006250 0.009384
0 0.179297 0.763233 0.005859 0.006777
0 0.455469 0.047832 0.007031 0.010427
0 0.009137 0.769489 0.010046 0.010948
0 0.685156 0.861244 0.006641 0.009384
0 0.539844 0.961340 0.009766 0.015640
0 0.892969 0.084847 0.006250 0.009123
0 0.878125 0.912335 0.010937 0.006256
0 0.071387 0.207491 0.012842 0.012251
0 0.161426 0.319057 0.013867 0.018768
0 0.617969 0.213226 0.009766 0.012251
0 0.750781 0.727782 0.007031 0.009905
0 0.003766 0.812239 0.007532 0.009905
0 0.224219 0.389958 0.006250 0.007820
0 0.976562 0.807025 0.011719 0.014076
0 0.319531 0.819537 0.007617 0.009905
0 0.738281 0.255454 0.008984 0.010948
0 0.856250 0.565126 0.008594 0.010948
0 0.419531 0.772096 0.007031 0.009384
0 0.005502 0.805983 0.011005 0.015119
0 0.628125 0.009254 0.011328 0.014076
0 0.708594 0.428015 0.008203 0.013555
0 0.567969 0.212444 0.011328 0.011991
0 0.377344 0.392043 0.008789 0.012512
0 0.154004 0.482755 0.008984 0.009384
0 0.326953 0.078852 0.011523 0.013815
0 0.004120 0.047181 0.008240 0.010036
0 0.771094 0.664180 0.009766 0.011991
0 0.666406 0.609961 0.009766 0.010948
0 0.442969 0.559913 0.012109 0.013033
0 0.915625 0.862287 0.010938 0.014597
0 0.099805 0.119646 0.013281 0.017725
0 0.870313 0.326877 0.011719 0.011469
0 0.117188 0.118343 0.006934 0.010687
0 0.578125 0.438963 0.005859 0.007299
0 0.137891 0.250240 0.003516 0.004692
0 0.918750 0.590150 0.003906 0.005213
0 0.149805 0.248155 0.013867 0.020853
0 0.404297 0.786172 0.009570 0.014076
0 0.689063 0.652710 0.011328 0.015119
0 0.321680 0.429579 0.010156 0.013033
0 0.789844 0.973852 0.007031 0.007299
0 0.365234 0.368583 0.008789 0.016943
0 0.087744 0.096968 0.008594 0.017334
0 0.363477 0.139718 0.012891 0.015379
0 0.034326 0.932145 0.010571 0.010427
0 0.144336 0.975937 0.006055 0.006256
0 0.903125 0.658966 0.014062 0.010948
0 0.273438 0.699109 0.006445 0.007299
0 0.156641 0.913377 0.006934 0.009384
0 0.921094 0.524983 0.010937 0.012512
0 0.775781 0.986364 0.007422 0.009384
0 0.931250 0.515599 0.007031 0.009384
0 0.077832 0.094101 0.009424 0.014076
0 0.150977 0.338346 0.011719 0.014597
0 0.530469 0.116258 0.007422 0.009123
0 0.079785 0.088236 0.008789 0.017986
0 0.783203 0.557306 0.009375 0.009384
0 0.109570 0.402991 0.009473 0.011469
0 0.507812 0.318535 0.007422 0.009645
0 0.983594 0.393086 0.007812 0.009384
0 0.046631 0.287776 0.009766 0.011991
0 0.507812 0.058650 0.009766 0.010427
0 0.384766 0.737688 0.008789 0.012512
0 0.550000 0.183510 0.012891 0.015119
0 0.226562 0.468158 0.010742 0.013033
0 0.469922 0.681905 0.011719 0.015640
0 0.030249 0.193936 0.006250 0.008863
0 0.383203 0.353986 0.009180 0.014337
0 0.642969 0.045095 0.006641 0.011991
0 0.013647 0.245548 0.007349 0.008081
0 0.539062 0.417067 0.008203 0.010427
0 0.701563 0.530197 0.011328 0.010427
0 0.905469 0.048745 0.014063 0.016031
0 0.792969 0.103485 0.009766 0.013685
0 0.932813 0.535932 0.007031 0.010948
0 0.316016 0.685554 0.009766 0.014597
0 0.137793 0.216875 0.003711 0.004431
0 0.099414 0.905036 0.009229 0.014597
0 0.614844 0.217918 0.009766 0.011469
0 0.600781 0.997614 0.007031 0.004773
0 0.050342 0.688161 0.009375 0.010948
0 0.512500 0.517163 0.004297 0.004692
0 0.447656 0.053958 0.008594 0.015249
0 0.832813 0.711100 0.007031 0.009384
0 0.072852 0.229648 0.015234 0.017725
0 0.437500 0.656881 0.012109 0.015119
0 0.859375 0.911292 0.008594 0.007299
0 0.100391 0.094361 0.010107 0.016813
0 0.062500 0.483798 0.005127 0.005213
0 0.005042 0.504651 0.010083 0.015119
0 0.878125 0.311497 0.008594 0.014076
0 0.381641 0.739252 0.010937 0.013033
0 0.525000 0.133462 0.007422 0.010166
0 0.755859 0.715270 0.007031 0.009384
0 0.298438 0.126684 0.006836 0.009645
0 0.202148 0.177775 0.010156 0.012773
0 0.211328 0.557306 0.006445 0.008341
0 0.268750 0.959255 0.008008 0.011469
0 0.761719 0.905036 0.008203 0.009384
0 0.162109 0.264577 0.007422 0.010427
0 0.268359 0.408205 0.005078 0.005213
0 0.256250 0.515599 0.007227 0.009384
0 0.935938 0.072987 0.013281 0.011860
0 0.050684 0.211401 0.013232 0.018247
0 0.329688 0.655838 0.010352 0.013033
0 0.162109 0.487969 0.015430 0.018247
0 0.719141 0.722569 0.007031 0.008863
0 0.924219 0.547401 0.012500 0.011469
0 0.867188 0.323488 0.012500 0.013033
0 0.093701 0.717356 0.007324 0.009905
0 0.569531 0.897737 0.007422 0.008863
0 0.086035 0.673042 0.008936 0.016683
0 0.359180 0.321663 0.013281 0.015901
0 0.347656 0.010427 0.010742 0.017856
0 0.623438 0.282042 0.010156 0.011730
0 0.757422 0.357635 0.004687 0.006517
0 0.912500 0.049918 0.005469 0.005995
0 0.479688 0.373275 0.006641 0.007820
0 0.182715 0.193936 0.008789 0.015379
0 0.138574 0.005800 0.010547 0.011600
0 0.896875 0.387351 0.009375 0.009384
0 0.810938 0.759063 0.011719 0.011991
0 0.901563 0.469201 0.007031 0.009384
0 0.163281 0.343820 0.008691 0.010427
0 0.741016 0.776788 0.010156 0.013033
0 0.796875 0.427494 0.006641 0.008341
0 0.034619 0.193936 0.012427 0.014858
0 0.843750 0.289340 0.007031 0.009645
0 0.903906 0.443134 0.007812 0.009905
0 0.639453 0.162917 0.009375 0.020332
0 0.903906 0.357635 0.007812 0.013555
0 0.496484 0.385787 0.010156 0.011991
0 0.673438 0.913377 0.005469 0.008341
0 0.825000 0.859680 0.011719 0.010427
0 0.870313 0.913377 0.011719 0.007299
0 0.187695 0.603705 0.010840 0.019811
0 0.050977 0.227041 0.013745 0.018768
0 0.621484 0.387351 0.009375 0.014597
0 0.273242 0.654796 0.005469 0.007820
0 0.948438 0.490054 0.007031 0.007820
0 0.415625 0.027109 0.008984 0.014988
0 0.955469 0.932145 0.006250 0.009384
0 0.085938 0.159789 0.009033 0.011991
0 0.262109 0.566690 0.007227 0.009384
0 0.803125 0.157964 0.011328 0.011209
0 0.948438 0.136590 0.005469 0.009645
0 0.079980 0.012773 0.010303 0.020071
0 0.035498 0.666786 0.016724 0.014597
0 0.900000 0.672521 0.014062 0.014597
0 0.068555 0.465030 0.013135 0.016683
0 0.651172 0.063603 0.007812 0.008472
0 0.540625 0.966554 0.010547 0.014597
0 0.895312 0.151708 0.011719 0.014858
0 0.905469 0.083153 0.009375 0.010948
0 0.196582 0.059953 0.008008 0.009254
0 0.003918 0.739252 0.006128 0.006256
0 0.871875 0.314364 0.011719 0.012251
0 0.011877 0.150144 0.004132 0.004431
0 0.378516 0.579724 0.011133 0.014597
0 0.717188 0.591193 0.012500 0.014076
0 0.237109 0.383702 0.004492 0.004692
0 0.403516 0.780959 0.009570 0.011469
0 0.794531 0.892524 0.006250 0.007299
0 0.582812 0.832049 0.007422 0.008341
0 0.172070 0.761669 0.008496 0.012512
0 0.038477 0.932145 0.010278 0.010427
0 0.181055 0.043531 0.011133 0.015770
0 0.795313 0.873756 0.005078 0.006256
0 0.159961 0.327398 0.011426 0.014597
0 0.166309 0.766361 0.009570 0.013555
0 0.514063 0.874799 0.011328 0.016683
0 0.162109 0.016943 0.004590 0.005083
0 0.845312 0.913377 0.010156 0.006256
0 0.269922 0.948828 0.010352 0.013555
0 0.530469 0.102181 0.009766 0.015379
0 0.218359 0.517685 0.011719 0.017725