0 0.274609 0.677213 0.008398 0.013555
0 0.773828 0.896695 0.010156 0.016683
0 0.204297 0.251283 0.006055 0.013294
0 0.792578 0.905036 0.006250 0.010427
0 0.038135 0.636028 0.008032 0.017725
0 0.862500 0.419674 0.007031 0.009384
0 0.195410 0.644369 0.009180 0.015640
0 0.794922 0.902951 0.007812 0.009905
0 0.469922 0.284388 0.009375 0.015119
0 0.326562 0.578681 0.007031 0.008341
0 0.766406 0.917548 0.007812 0.013555
0 0.763672 0.901908 0.007031 0.015119
0 0.763281 0.920676 0.006250 0.014597
0 0.795313 0.899301 0.006641 0.011469
0 0.809375 0.899823 0.007031 0.010948
0 0.245508 0.203581 0.006641 0.007299
0 0.782812 0.896695 0.008984 0.016683
0 0.422656 0.436878 0.005859 0.008341
0 0.352539 0.121210 0.006641 0.007299
0 0.351562 0.729868 0.006055 0.008341
0 0.306250 0.884183 0.008398 0.016161
0 0.801562 0.899301 0.007812 0.011469
0 0.187012 0.917548 0.003711 0.005213
0 0.144727 0.319317 0.008301 0.017204
0 0.632031 0.300810 0.008984 0.015640
0 0.676562 0.602141 0.008984 0.014597
0 0.789062 0.336000 0.009375 0.017204
0 0.800000 0.085499 0.009375 0.016552
0 0.282813 0.800769 0.010156 0.017725
0 0.778125 0.234079 0.007422 0.009384
0 0.546094 0.410811 0.008984 0.011469
0 0.432031 0.428537 0.008594 0.011469
0 0.709375 0.664180 0.006250 0.006777
0 0.426562 0.461902 0.010937 0.018768
0 0.870313 0.420195 0.007031 0.007820
0 0.285547 0.227302 0.009180 0.015901
0 0.200977 0.435835 0.007324 0.008863
0 0.528125 0.944657 0.008984 0.013555
0 0.851562 0.788257 0.008594 0.008863
0 0.971875 0.405598 0.005469 0.006777
0 0.617969 0.681905 0.010547 0.015640
0 0.507031 0.019159 0.010938 0.020332
0 0.476562 0.278392 0.008984 0.015640
0 0.258203 0.433750 0.011133 0.017204
0 0.859375 0.352161 0.009375 0.013033
0 0.045947 0.433750 0.009546 0.015119
0 0.727734 0.837263 0.008594 0.016161
0 0.241016 0.480670 0.006641 0.009384
0 0.188574 0.176211 0.010156 0.014337
0 0.874219 0.393607 0.009375 0.013555
0 0.539062 0.352943 0.010938 0.018507
0 0.224609 0.712142 0.010742 0.013033
0 0.771094 0.626644 0.008203 0.010948
0 0.800000 0.599534 0.008594 0.013555
0 0.637500 0.030107 0.007422 0.010427
0 0.645312 0.319057 0.008984 0.018768
0 0.523047 0.961340 0.006250 0.010427
0 0.412500 0.268487 0.012109 0.015379
0 0.181641 0.250501 0.010156 0.012512
0 0.664844 0.968639 0.010156 0.012512
0 0.828125 0.237728 0.008594 0.007038
0 0.852344 0.098402 0.009375 0.008602
0 0.115234 0.563041 0.006348 0.006777
0 0.307422 0.678256 0.006641 0.008341
0 0.721094 0.581809 0.005078 0.007299
0 0.321484 0.828921 0.009766 0.013033
0 0.437891 0.493182 0.011719 0.013555
0 0.083008 0.008113 0.010205 0.016227
0 0.439844 0.840391 0.009375 0.008863
0 0.363281 0.011469 0.006641 0.007690
0 0.133594 0.407162 0.010645 0.014597
0 0.334766 0.085499 0.008398 0.016683
0 0.636719 0.133983 0.010938 0.016422
0 0.759375 0.717356 0.008594 0.013033
0 0.327930 0.225216 0.009766 0.015119
0 0.414453 0.386830 0.010156 0.013033
0 0.345313 0.847689 0.009570 0.011991
0 0.323438 0.108698 0.008203 0.011469
0 0.184375 0.293772 0.010840 0.012512
0 0.951563 0.269530 0.008594 0.010948
0 0.621875 0.043271 0.009375 0.015249
0 0.737891 0.528633 0.007031 0.008863
0 0.028296 0.752806 0.006055 0.007299
0 0.745313 0.164220 0.008203 0.009645
0 0.842188 0.259624 0.008594 0.009905
0 0.779297 0.862287 0.007031 0.009384
0 0.358203 0.034408 0.009180 0.013164
0 0.722656 0.657924 0.008203 0.013033
0 0.257031 0.520292 0.008984 0.017725
0 0.351953 0.899301 0.009961 0.015640
0 0.631250 0.566169 0.008984 0.016161
0 0.739453 0.173083 0.009375 0.011209
0 0.820312 0.114694 0.008594 0.008081
0 0.138281 0.336521 0.008984 0.016683
0 0.932813 0.192372 0.010156 0.015901
0 0.895313 0.293250 0.010938 0.014076
0 0.696484 0.632900 0.010156 0.014076
0 0.331641 0.669393 0.008203 0.013555
0 0.726562 0.619345 0.010547 0.014076
0 0.544141 0.378489 0.009375 0.010948
0 0.139648 0.651668 0.010840 0.013555
0 0.578125 0.401427 0.009766 0.013033
0 0.985937 0.134765 0.010938 0.011469
0 0.234180 0.531761 0.008203 0.008341
0 0.271289 0.690768 0.010547 0.014597
0 0.367578 0.574510 0.008594 0.013033
0 0.792969 0.278392 0.009766 0.015901
0 0.056787 0.267705 0.012012 0.014597
0 0.362891 0.937359 0.006836 0.010427
0 0.857031 0.536974 0.009375 0.017204
0 0.595313 0.186638 0.008984 0.011730
0 0.662109 0.076115 0.012500 0.014206
0 0.258594 0.166306 0.011133 0.014858
0 0.164844 0.849775 0.010645 0.014076
0 0.067432 0.511429 0.005566 0.007299
0 0.834375 0.251544 0.009375 0.013033
0 0.914062 0.306284 0.007812 0.008863
0 0.067090 0.445741 0.010596 0.014597
0 0.852344 0.235643 0.009375 0.011730
0 0.723437 0.327919 0.009375 0.015901
0 0.855469 0.163699 0.010938 0.014597
0 0.142285 0.291947 0.008398 0.012773
0 0.945312 0.820580 0.010938 0.015640
0 0.648438 0.371190 0.005859 0.008341
0 0.860937 0.124599 0.009375 0.011730
0 0.301563 0.566169 0.010938 0.011991
0 0.741406 0.220524 0.008594 0.013815
0 0.900000 0.212704 0.007031 0.008081
0 0.500000 0.037666 0.007422 0.008863
0 0.134180 0.278392 0.008496 0.009645
0 0.890625 0.600056 0.009375 0.014597
0 0.324609 0.104267 0.008008 0.017725
0 0.363672 0.903993 0.006641 0.007820
0 0.419531 0.705886 0.012500 0.010948
0 0.644531 0.004985 0.009375 0.009971
0 0.255078 0.761148 0.010547 0.014597
0 0.806250 0.279435 0.010156 0.014858
0 0.860938 0.192894 0.011719 0.013294
0 0.779297 0.203320 0.006250 0.008602
0 0.409766 0.393607 0.010156 0.011469
0 0.464453 0.429058 0.010938 0.012512
0 0.656641 0.788257 0.009375 0.015119
0 0.817188 0.378489 0.006250 0.013555
0 0.300000 0.211140 0.009570 0.015379
0 0.242188 0.280999 0.009961 0.015119
0 0.820312 0.235122 0.009375 0.010687
0 0.150293 0.692332 0.012109 0.014597
0 0.257227 0.748636 0.008984 0.010948
0 0.895312 0.891481 0.011719 0.015119
0 0.763281 0.193936 0.009375 0.015640
0 0.926563 0.258582 0.010156 0.014597
0 0.233203 0.010296 0.006836 0.008081
0 0.742969 0.570340 0.011328 0.016161
0 0.857813 0.502566 0.010156 0.014076
0 0.527344 0.235904 0.009766 0.010948
0 0.464063 0.396214 0.006641 0.006777
0 0.745313 0.942572 0.010156 0.017725
0 0.387891 0.344602 0.011719 0.012773
0 0.427734 0.962383 0.007812 0.010427
0 0.788281 0.112608 0.008203 0.013294
0 0.275586 0.816409 0.011328 0.010427
0 0.421094 0.301331 0.009766 0.011469
0 0.610938 0.325313 0.010156 0.015379
0 0.922656 0.771574 0.007812 0.010948
0 0.843750 0.135808 0.007812 0.009905
0 0.082129 0.912335 0.009180 0.018768
0 0.257422 0.902951 0.011133 0.013555
0 0.732813 0.686076 0.009375 0.013555
0 0.158594 0.968639 0.009473 0.016683
0 0.187891 0.289862 0.009082 0.014858
0 0.959375 0.215311 0.011719 0.014858
0 0.826563 0.459817 0.010156 0.011991
0 0.161719 0.182728 0.009668 0.009905
0 0.288281 0.246591 0.007031 0.013294
0 0.902344 0.779916 0.009375 0.011469
0 0.937500 0.125381 0.008594 0.011991
0 0.077393 0.477542 0.009375 0.011469
0 0.613281 0.341474 0.009766 0.015901
0 0.395898 0.407683 0.010547 0.012512
0 0.733594 0.633942 0.010547 0.013033
0 0.627344 0.914420 0.012109 0.014597
0 0.921875 0.142846 0.010156 0.010687
0 0.188574 0.585980 0.009961 0.015119
0 0.939062 0.381617 0.008594 0.010948
0 0.394531 0.997614 0.007227 0.004773
0 0.920313 0.156400 0.008594 0.008602
0 0.538672 0.326355 0.010938 0.015901
0 0.153613 0.176732 0.010352 0.013555
0 0.753906 0.601620 0.009766 0.010948
0 0.978125 0.436878 0.008594 0.015119
0 0.492188 0.293511 0.009375 0.012773
0 0.956250 0.104006 0.011719 0.013555
0 0.770313 0.078070 0.008203 0.011991
0 0.382812 0.435314 0.010742 0.016683
0 0.298047 0.875841 0.008398 0.012512
0 0.033984 0.504651 0.009595 0.010948
0 0.533594 0.289340 0.007812 0.008602
0 0.842188 0.406641 0.008594 0.011469
0 0.776563 0.443134 0.007031 0.008341
0 0.670312 0.627165 0.011719 0.013555
0 0.417969 0.287776 0.008203 0.011991
0 0.732813 0.246070 0.007422 0.012512
0 0.701953 0.538017 0.006250 0.006256
0 0.964063 0.269269 0.007812 0.009384
0 0.753906 0.620909 0.006641 0.011469
0 0.736719 0.281520 0.010937 0.009905
0 0.044263 0.481713 0.006982 0.009905
0 0.841406 0.384223 0.010938 0.008341
0 0.662500 0.136329 0.010937 0.014076
0 0.650781 0.477542 0.010547 0.010948
0 0.254102 0.322185 0.006641 0.006517
0 0.670313 0.573468 0.012109 0.014597
0 0.269531 0.718398 0.007617 0.012512
0 0.378320 0.282563 0.010937 0.014337
0 0.970312 0.988450 0.008594 0.009384
0 0.283008 0.753849 0.009766 0.017204
0 0.404688 0.407683 0.008594 0.011991
0 0.412500 0.328962 0.011328 0.013294
0 0.990625 0.721526 0.008594 0.008863
0 0.403906 0.414982 0.008984 0.012512
0 0.954687 0.025545 0.010156 0.013946
0 0.189648 0.318014 0.010254 0.013294
0 0.170605 0.018247 0.011133 0.014206
0 0.248437 0.310715 0.008594 0.015379
0 0.783984 0.547401 0.009375 0.009905
0 0.776172 0.276568 0.010156 0.013033
0 0.700000 0.435314 0.008984 0.014597
0 0.899219 0.143367 0.010938 0.011991
0 0.165625 0.192894 0.009863 0.011730
0 0.773438 0.564084 0.011328 0.010948
0 0.910156 0.860201 0.010938 0.011991
0 0.993750 0.413418 0.007031 0.013555
0 0.794922 0.045617 0.009375 0.011600
0 0.965625 0.621430 0.010156 0.011991
0 0.219531 0.427494 0.011133 0.016161
0 0.455469 0.076115 0.006250 0.009514
0 0.625000 0.335739 0.009766 0.017986
0 0.564063 0.500481 0.012109 0.009905
0 0.732812 0.206448 0.010547 0.009384
0 0.730469 0.217396 0.012109 0.012251
0 0.741016 0.712142 0.010156 0.014597
0 0.630469 0.361545 0.008203 0.008863
0 0.055273 0.455646 0.012061 0.013033
0 0.396094 0.358157 0.012305 0.015379
0 0.232812 0.656360 0.008008 0.009384
0 0.277734 0.695460 0.006836 0.014076
0 0.809375 0.181424 0.011719 0.015379
0 0.590625 0.200714 0.011328 0.012773
0 0.986719 0.393086 0.007812 0.011469
0 0.809375 0.530197 0.008594 0.010427
0 0.163086 0.661573 0.011133 0.016683
0 0.668750 0.589108 0.010547 0.014076
0 0.434375 0.008602 0.010156 0.011209
0 0.289453 0.256496 0.008789 0.008602
0 0.539062 0.178557 0.010156 0.011469
0 0.396484 0.397257 0.008789 0.007820
0 0.261719 0.485883 0.011523 0.011469
0 0.196484 0.031801 0.010937 0.013946
0 0.764063 0.176993 0.008203 0.011991
0 0.147266 0.344602 0.009180 0.011209
0 0.227734 0.992620 0.010547 0.013555
0 0.605469 0.188202 0.009766 0.012773
0 0.777344 0.606833 0.012109 0.015119
0 0.664844 0.026327 0.008594 0.009905
0 0.763281 0.077679 0.008984 0.014467
0 0.096973 0.086281 0.009619 0.011209
0 0.551953 0.097880 0.010938 0.015379
0 0.884375 0.930060 0.009375 0.011469
0 0.923437 0.070641 0.005469 0.008341
0 0.956250 0.130334 0.007812 0.013033
0 0.309961 0.575032 0.010937 0.010427
0 0.145801 0.682948 0.010156 0.012512
0 0.260742 0.234600 0.010156 0.013555
0 0.794531 0.380574 0.010547 0.010948
0 0.471094 0.409247 0.009766 0.011469
0 0.920313 0.477542 0.009375 0.014076
0 0.699219 0.611525 0.010547 0.014597
0 0.812500 0.451997 0.010156 0.013555
0 0.206445 0.594842 0.009375 0.019811
0 0.002782 0.837263 0.005563 0.014076
0 0.702344 0.628729 0.007422 0.011469
0 0.080566 0.616217 0.007422 0.009905
0 0.807031 0.452518 0.009375 0.013033
0 0.892969 0.371711 0.010938 0.014597
0 0.656250 0.460338 0.008203 0.017725
0 0.868750 0.503609 0.008594 0.013555
0 0.520313 0.226780 0.011719 0.012773
0 0.510938 0.643848 0.010938 0.015640
0 0.540234 0.301070 0.010938 0.016161
0 0.655469 0.402470 0.012109 0.015640
0 0.875781 0.377446 0.009375 0.013033
0 0.652344 0.568254 0.009375 0.011991
0 0.794531 0.231472 0.008203 0.011209
0 0.458594 0.840912 0.011328 0.014597
0 0.611719 0.356332 0.008984 0.014076
0 0.788281 0.434271 0.007422 0.009384
0 0.052930 0.710578 0.009399 0.010427
0 0.836719 0.497353 0.006250 0.007820
0 0.239258 0.722569 0.009766 0.011469
0 0.639844 0.920676 0.010547 0.010427
0 0.675391 0.486926 0.008594 0.015119
0 0.650000 0.925889 0.009766 0.012512
0 0.647656 0.662094 0.009375 0.015119
0 0.641406 0.400385 0.009766 0.010948
0 0.854688 0.505694 0.009375 0.011991
0 0.238281 0.187420 0.008594 0.011991
0 0.826563 0.740294 0.009375 0.011469
0 0.803906 0.167870 0.011328 0.011209
0 0.658203 0.385266 0.010938 0.012512
0 0.759375 0.640720 0.008203 0.008341
0 0.971875 0.377967 0.008594 0.012512
0 0.039844 0.858116 0.008228 0.008863
0 0.139844 0.828921 0.009082 0.013033
0 0.617969 0.546358 0.006641 0.008341
0 0.945312 0.246852 0.007031 0.011991
0 0.035254 0.845083 0.009497 0.012512
0 0.964063 0.150144 0.011719 0.011469
0 0.939062 0.404034 0.007031 0.011469
0 0.732812 0.585980 0.010547 0.013033
0 0.199316 0.013685 0.009180 0.013033
0 0.133203 0.292208 0.010059 0.013555
0 0.691406 0.485362 0.009766 0.014597
0 0.588281 0.197325 0.010547 0.013555
0 0.801563 0.323748 0.010547 0.009645
0 0.881250 0.502566 0.011719 0.014076
0 0.259375 0.783044 0.011133 0.009384
0 0.145508 0.209837 0.007031 0.009384
0 0.957812 0.752806 0.011719 0.014597
0 0.948438 0.127466 0.008594 0.011991
0 0.558984 0.498917 0.009375 0.010427
0 0.953125 0.624558 0.010156 0.013555
0 0.176367 0.261188 0.009277 0.018768
0 0.244141 0.220524 0.011914 0.013815
0 0.385742 0.489011 0.009375 0.014076
0 0.853906 0.454603 0.009375 0.011469
0 0.327734 0.289862 0.007227 0.008081
0 0.834375 0.397257 0.010938 0.015640
0 0.175977 0.254672 0.009082 0.018247
0 0.813281 0.404034 0.007812 0.013555
0 0.964063 0.893567 0.010156 0.011991
0 0.331055 0.662094 0.007812 0.016683
0 0.470313 0.963426 0.011328 0.014597
0 0.186914 0.917548 0.006738 0.009384
0 0.846875 0.381617 0.010156 0.010948
0 0.864062 0.037015 0.011719 0.016422
0 0.860937 0.235382 0.010156 0.011991
0 0.742969 0.256496 0.008203 0.010948
0 0.812500 0.273961 0.008594 0.011991
0 0.909375 0.201235 0.010156 0.015901
0 0.789844 0.193936 0.010938 0.012251
0 0.206641 0.603705 0.009961 0.013555
0 0.467969 0.122253 0.007422 0.010948
0 0.876562 0.926932 0.009375 0.012512
0 0.852344 0.167348 0.010938 0.016422
0 0.885938 0.284388 0.007812 0.013555
0 0.867188 0.245548 0.005469 0.008081
0 0.826563 0.763754 0.010156 0.013555
0 0.824219 0.271615 0.006250 0.009645
0 0.984375 0.253368 0.011719 0.014337
0 0.901563 0.072335 0.007031 0.007820
0 0.615234 0.919633 0.010938 0.014597
0 0.893750 0.586501 0.008594 0.015640
0 0.021826 0.810153 0.010071 0.010948
0 0.217969 0.630814 0.007617 0.008341
0 0.337500 0.017465 0.009961 0.014337
0 0.835938 0.435835 0.007812 0.008863
0 0.373047 0.314364 0.005469 0.007299
0 0.925000 0.373797 0.007031 0.011469
0 0.819531 0.211662 0.009375 0.014858
0 0.971875 0.813281 0.010937 0.010948
0 0.850781 0.086281 0.009375 0.011860
0 0.814062 0.331569 0.010156 0.010166
0 0.957813 0.581288 0.010156 0.010427
0 0.526563 0.114433 0.011328 0.009905
0 0.682813 0.617260 0.011719 0.013033
0 0.606250 0.124338 0.009375 0.011991
0 0.219141 0.509865 0.009570 0.012512
0 0.412109 0.494225 0.011719 0.015119
0 0.442578 0.495789 0.010938 0.014597
0 0.201758 0.010166 0.010645 0.014206
0 0.701172 0.456167 0.011719 0.011469
0 0.939062 0.986364 0.010938 0.018768
0 0.957813 0.831007 0.007031 0.007820
0 0.641406 0.232515 0.010547 0.013815
0 0.375000 0.486405 0.009961 0.013555
0 0.937500 0.859680 0.010938 0.013555
0 0.723828 0.533846 0.008594 0.011469
0 0.807813 0.310976 0.008594 0.016683
0 0.164844 0.226780 0.010059 0.012251
0 0.701563 0.156922 0.012500 0.010427
0 0.946875 0.628729 0.008594 0.015119
0 0.929688 0.337825 0.005469 0.007038
0 0.265625 0.448347 0.010156 0.011469
0 0.703906 0.581809 0.005859 0.007820
0 0.640625 0.369105 0.009766 0.011730
0 0.755078 0.613089 0.007812 0.013033
0 0.081104 0.450954 0.010352 0.011469
0 0.395703 0.288298 0.009961 0.011730
0 0.981250 0.716313 0.007031 0.008863
0 0.787891 0.034929 0.010156 0.013685
0 0.275000 0.236686 0.008398 0.013555
0 0.740234 0.762191 0.006250 0.007820
0 0.088672 0.429579 0.010107 0.016161
0 0.254688 0.662616 0.011133 0.014597
0 0.710938 0.693374 0.010156 0.010427
0 0.794531 0.637070 0.011328 0.013555
0 0.144531 0.825793 0.013477 0.015119
0 0.951563 0.845083 0.011719 0.015640
0 0.505469 0.313322 0.009375 0.012512
0 0.890625 0.872713 0.010938 0.011991
0 0.384766 0.218960 0.009180 0.011209
0 0.180566 0.147016 0.010742 0.011730
0 0.230859 0.026588 0.007617 0.014858
0 0.633594 0.017725 0.012109 0.013424
0 0.218945 0.302374 0.011328 0.013815
0 0.230078 0.251804 0.011719 0.014337
0 0.460156 0.119386 0.009766 0.010948
0 0.836719 0.460859 0.007812 0.011991
0 0.525781 0.281520 0.007422 0.007038
0 0.657813 0.899823 0.012500 0.013033
0 0.258594 0.469201 0.009570 0.013555
0 0.794922 0.367019 0.011719 0.014858
0 0.942188 0.780959 0.005469 0.007299
0 0.764844 0.148841 0.011719 0.013033
0 0.361914 0.385787 0.007422 0.010948
0 0.859375 0.625080 0.010156 0.012512
0 0.540234 0.379010 0.010938 0.012512
0 0.888281 0.905036 0.007812 0.009384
0 0.735156 0.540624 0.008203 0.010427
0 0.179980 0.036493 0.011133 0.012903
0 0.194336 0.246591 0.008203 0.014337
0 0.156738 0.321142 0.008594 0.014337
0 0.922656 0.785129 0.007812 0.010948
0 0.066113 0.703801 0.009424 0.011469
0 0.021802 0.515599 0.009778 0.009384
0 0.026318 0.516121 0.011987 0.009905
0 0.269922 0.782001 0.008398 0.014076
0 0.737500 0.283606 0.003906 0.005213
0 0.932813 0.629250 0.010156 0.013555
0 0.838281 0.746550 0.010938 0.016161
0 0.939063 0.258842 0.007812 0.014076
0 0.041650 0.037536 0.010620 0.011860
0 0.810938 0.130855 0.009375 0.011469
0 0.248047 0.318014 0.008789 0.012251
0 0.805469 0.528112 0.012109 0.011469
0 0.041943 0.666265 0.009302 0.013033
0 0.721875 0.139457 0.005859 0.007299
0 0.152246 0.009384 0.011523 0.011860
0 0.126758 0.996571 0.006348 0.006858
0 0.538281 0.295596 0.010547 0.014076
0 0.737109 0.841433 0.007812 0.009905
0 0.657813 0.957170 0.011328 0.013555
0 0.361719 0.498917 0.006250 0.009384
0 0.626953 0.408726 0.008594 0.008863
0 0.352539 0.798163 0.010547 0.010427
0 0.696875 0.431665 0.010547 0.008341
0 0.464063 0.090582 0.012891 0.012251
0 0.044263 0.726740 0.008350 0.014076
0 0.938281 0.373275 0.009375 0.016683
0 0.426953 0.417067 0.009375 0.011991
0 0.554297 0.166306 0.007812 0.010166
0 0.564453 0.457731 0.008594 0.007820
0 0.813281 0.145974 0.007812 0.010166
0 0.367578 0.481713 0.012305 0.012512
0 0.165723 0.318014 0.010352 0.013294
0 0.859375 0.763233 0.010938 0.011469
0 0.019580 0.226780 0.009729 0.012512
0 0.453906 0.273700 0.008984 0.009645
0 0.351172 0.403513 0.010937 0.011991
0 0.246094 0.694417 0.011133 0.015640
0 0.528125 0.679820 0.008984 0.011991
0 0.870313 0.993964 0.012500 0.012072
0 0.595313 0.480149 0.010938 0.014597
0 0.140234 0.340953 0.011230 0.014858
0 0.915625 0.841433 0.007031 0.008863
0 0.937500 0.287776 0.007031 0.011209
0 0.030151 0.852903 0.006396 0.007820
0 0.863281 0.298203 0.012500 0.013815
0 0.989844 0.400906 0.010938 0.015640
0 0.787500 0.061778 0.011328 0.014728
0 0.232812 0.474935 0.011523 0.014597
0 0.445312 0.565126 0.008594 0.014076
0 0.814063 0.051351 0.011719 0.013033
0 0.814062 0.902951 0.008594 0.011991
0 0.953125 0.421238 0.010156 0.014076
0 0.655469 0.017725 0.011328 0.014467
0 0.439844 0.523419 0.010937 0.010948
0 0.825000 0.312279 0.007031 0.009123
0 0.664062 0.795556 0.010938 0.017204
0 0.687500 0.801291 0.008984 0.012512
0 0.235352 0.508822 0.007422 0.009905
0 0.434375 0.293511 0.010547 0.014076
0 0.837500 0.360763 0.008594 0.014597
0 0.846094 0.140239 0.010938 0.012773
0 0.881250 0.839348 0.007031 0.010427
0 0.886719 0.278914 0.007812 0.014858
0 0.068555 0.038709 0.006836 0.009645
0 0.389844 0.218960 0.010352 0.011469
0 0.521094 0.320099 0.010938 0.014337
0 0.876562 0.389958 0.010156 0.015119
0 0.932813 0.870107 0.011719 0.012512
0 0.202539 0.560956 0.009082 0.011991
0 0.228906 0.978023 0.009961 0.012512
0 0.158398 0.185595 0.009375 0.010166
0 0.673047 0.791385 0.009375 0.013033
0 0.226758 0.212183 0.008203 0.009905
0 0.884375 0.885747 0.010156 0.011469
0 0.851562 0.065688 0.010156 0.013555
0 0.465234 0.580766 0.007812 0.009905
0 0.569922 0.478585 0.010938 0.015119
0 0.485156 0.292990 0.010547 0.011469
0 0.728906 0.660009 0.010547 0.010948
0 0.920313 0.957170 0.009375 0.011469
0 0.313281 0.260667 0.011914 0.013033
0 0.896094 0.063212 0.007812 0.007559
0 0.890625 0.956127 0.008594 0.010427
0 0.761719 0.611004 0.010547 0.014597
0 0.063672 0.476499 0.011426 0.015119
0 0.465625 0.418110 0.010547 0.013033
0 0.739453 0.245809 0.011719 0.011991
0 0.932813 0.398299 0.008594 0.008863
0 0.194531 0.304198 0.010645 0.013555
0 0.534766 0.960297 0.008594 0.012512
0 0.342187 0.651668 0.006055 0.009384
0 0.387500 0.536974 0.011523 0.017725
0 0.194727 0.252847 0.008301 0.015379
0 0.875000 0.203320 0.010156 0.015901
0 0.580078 0.927975 0.005469 0.009384
0 0.976562 0.748636 0.010156 0.010948
0 0.753125 0.570340 0.007422 0.013555
0 0.219531 0.231994 0.007617 0.009905
0 0.950781 0.402470 0.010938 0.013555
0 0.948438 0.510907 0.006250 0.008863
0 0.101562 0.443134 0.010059 0.011991
0 0.727344 0.651668 0.009766 0.012512
0 0.348047 0.851860 0.010547 0.013033
0 0.328516 0.627686 0.010937 0.011991
0 0.745313 0.621952 0.010547 0.012512
0 0.987500 0.397778 0.008594 0.013555
0 0.024402 0.482755 0.010278 0.011469
0 0.528906 0.324791 0.008984 0.013815
0 0.670703 0.359199 0.010937 0.011730
0 0.404688 0.307066 0.009570 0.010166
0 0.953125 0.484841 0.011719 0.014076
0 0.440625 0.125642 0.010547 0.011469
0 0.940625 0.236425 0.008594 0.009384
0 0.260938 0.451997 0.010352 0.016683
0 0.081250 0.476499 0.012354 0.012512
0 0.787891 0.146495 0.010156 0.012773
0 0.986719 0.403513 0.007812 0.014597
0 0.595313 0.681905 0.011328 0.015119
0 0.384180 0.540102 0.012500 0.015119
0 0.353125 0.855509 0.010352 0.011469
0 0.878906 0.047441 0.007812 0.008863
0 0.195703 0.571382 0.010547 0.011469
0 0.652344 0.176732 0.010938 0.012512
0 0.246875 0.921719 0.010547 0.010427
0 0.566016 0.491097 0.010938 0.011469
0 0.840625 0.235904 0.008594 0.009384
0 0.009766 0.764276 0.005859 0.007820
0 0.850000 0.507779 0.007031 0.009384
0 0.241602 0.464509 0.005859 0.007299
0 0.976562 0.096707 0.008594 0.009384
0 0.942188 0.739252 0.010156 0.011469
0 0.346875 0.402470 0.009180 0.011991
0 0.818750 0.128248 0.009375 0.014337
0 0.745313 0.685033 0.011328 0.014076
0 0.720313 0.281260 0.011328 0.015119
0 0.651563 0.581288 0.011328 0.014597
0 0.253125 0.790343 0.010742 0.009905
0 0.978906 0.084977 0.006250 0.008993
0 0.290820 0.700673 0.011328 0.013033
0 0.187695 0.681905 0.007129 0.008863
0 0.646875 0.923804 0.010937 0.014597
0 0.842969 0.221828 0.006250 0.011469
0 0.427344 0.059041 0.007422 0.008863
0 0.076514 0.807025 0.007812 0.007820
0 0.694141 0.624558 0.011719 0.017725
0 0.262500 0.781480 0.013086 0.014597
0 0.715625 0.673564 0.009375 0.010948
0 0.849219 0.641241 0.006250 0.008863
0 0.648828 0.507779 0.008594 0.009905
0 0.276563 0.022678 0.012109 0.011339
0 0.987500 0.778873 0.008594 0.013033
0 0.782031 0.121732 0.010547 0.011991
0 0.829687 0.040273 0.006250 0.007820
0 0.707422 0.490054 0.009375 0.010948
0 0.893750 0.931103 0.008594 0.012512
0 0.814844 0.911292 0.010938 0.007299
0 0.414062 0.394129 0.011719 0.014076
0 0.942188 0.839348 0.010938 0.016683
0 0.303125 0.702758 0.009570 0.011469
0 0.052637 0.141021 0.010938 0.012512
0 0.839063 0.328441 0.009375 0.010166
0 0.915625 0.846647 0.008594 0.011469
0 0.845312 0.343038 0.010156 0.012251
0 0.825781 0.159528 0.007812 0.010948
0 0.528125 0.074551 0.012500 0.012251
0 0.163281 0.251283 0.008887 0.011469
0 0.675781 0.406119 0.014062 0.011469
0 0.470313 0.971767 0.009766 0.009384
0 0.917969 0.186377 0.010938 0.015119
0 0.409375 0.388915 0.008984 0.013555
0 0.186523 0.877405 0.005859 0.008341
0 0.407813 0.285691 0.008984 0.013294
0 0.359375 0.094231 0.009766 0.011730
0 0.421875 0.716313 0.011328 0.010427
0 0.543750 0.391001 0.005078 0.006777
0 0.041797 0.549486 0.008960 0.013033
0 0.225781 0.520813 0.009375 0.012512
0 0.728125 0.528112 0.008984 0.013555
0 0.689453 0.794513 0.010938 0.011469
0 0.521484 0.114172 0.008594 0.010166
0 0.311719 0.127206 0.006250 0.009645
0 0.270117 0.815367 0.010156 0.010948
0 0.007300 0.702758 0.007269 0.009384
0 0.387109 0.393086 0.007031 0.010427
0 0.666797 0.361806 0.010156 0.011469
0 0.827344 0.442091 0.009375 0.011469
0 0.890625 0.909207 0.010938 0.011469
0 0.496875 0.965511 0.005859 0.007299
0 0.801563 0.223131 0.010938 0.010687
0 0.910938 0.790864 0.008594 0.008341
0 0.314453 0.097098 0.009766 0.015901
0 0.161426 0.192372 0.009961 0.012773
0 0.829687 0.327919 0.008594 0.011209
0 0.876562 0.414461 0.010156 0.010427
0 0.761328 0.569297 0.006250 0.011469
0 0.840625 0.254411 0.010156 0.015379
0 0.207227 0.560956 0.010156 0.011991
0 0.174609 0.430622 0.009277 0.010948
0 0.885938 0.004301 0.007031 0.008602
0 0.015698 0.837784 0.011536 0.013555
0 0.317578 0.111044 0.008398 0.010166
0 0.818750 0.031541 0.007812 0.011600
0 0.887500 0.027891 0.007812 0.009775
0 0.654687 0.383702 0.011719 0.010948
0 0.594922 0.199150 0.010938 0.011991
0 0.624609 0.373797 0.007812 0.011469
0 0.878125 0.004138 0.008594 0.008276
0 0.689453 0.588065 0.010938 0.012512
0 0.781250 0.206448 0.009375 0.010948
0 0.495313 0.005213 0.008203 0.010427
0 0.717969 0.655317 0.008984 0.012512
0 0.742188 0.204363 0.009375 0.013815
0 0.801563 0.235643 0.010156 0.014076
0 0.049048 0.363370 0.008545 0.014597
0 0.528516 0.541145 0.007812 0.007820
0 0.426953 0.496310 0.010156 0.015119
0 0.777344 0.539060 0.009766 0.011991
0 0.945312 0.092797 0.011719 0.011078
0 0.006903 0.776788 0.007983 0.010948
0 0.787500 0.581288 0.012109 0.013555
0 0.233203 0.291686 0.009375 0.010948
0 0.667188 0.790343 0.008594 0.014076
0 0.904688 0.937359 0.007031 0.010427
0 0.853125 0.320099 0.009375 0.010166
0 0.832813 0.220524 0.008594 0.012251
0 0.885938 0.898780 0.008594 0.011991
0 0.351562 0.622473 0.007031 0.007299
0 0.055859 0.138675 0.010693 0.012512
0 0.983594 0.119125 0.010937 0.015640
0 0.921875 0.029846 0.006250 0.007038
0 0.787500 0.808068 0.007422 0.009905
0 0.193555 0.605790 0.008105 0.013033
0 0.709375 0.433750 0.011719 0.013033
0 0.633203 0.005474 0.008594 0.010948
0 0.955469 0.245548 0.009375 0.014337
0 0.895313 0.909207 0.010938 0.011469
0 0.256445 0.453561 0.008594 0.017725
0 0.765625 0.189766 0.011719 0.014858
0 0.981250 0.392043 0.009375 0.011469
0 0.451953 0.289862 0.009375 0.008602
0 0.835938 0.235122 0.010938 0.010427
0 0.532031 0.680862 0.012500 0.013033
0 0.871875 0.435835 0.011719 0.012512
0 0.102051 0.523419 0.012305 0.014076
0 0.658203 0.800769 0.010156 0.012512
0 0.417578 0.327398 0.010156 0.013815
0 0.337500 0.016683 0.004883 0.005865
0 0.492578 0.690246 0.005469 0.007820
0 0.932813 0.313843 0.010156 0.010427
0 0.545313 0.189244 0.010156 0.010166
0 0.324219 0.029325 0.008398 0.012773
0 0.575781 0.676692 0.007812 0.009384
0 0.728125 0.572946 0.008203 0.008341
0 0.242578 0.857595 0.011914 0.012512
0 0.047192 0.036754 0.009521 0.013424
0 0.474609 0.911292 0.011719 0.013555
0 0.653125 0.372233 0.009375 0.010948
0 0.534766 0.396735 0.010156 0.013555
0 0.447656 0.847689 0.008203 0.011991
0 0.793750 0.168912 0.008203 0.013815
0 0.221875 0.422802 0.010156 0.013555
0 0.446875 0.430622 0.009375 0.010427
0 0.439063 0.850296 0.010156 0.011469
0 0.594141 0.544273 0.011719 0.014076
0 0.908594 0.089930 0.009375 0.011078
0 0.541016 0.395171 0.010938 0.014076
0 0.325586 0.843519 0.007422 0.010427
0 0.458594 0.927975 0.011328 0.013555
0 0.235742 0.718398 0.012109 0.011469
0 0.428906 0.123556 0.010547 0.013294
0 0.119141 0.292990 0.009082 0.012512
0 0.938281 0.272136 0.007812 0.009123
0 0.599219 0.356853 0.011719 0.015640
0 0.639062 0.445219 0.007812 0.008863
0 0.413281 0.521334 0.008203 0.010427
0 0.784766 0.873756 0.010938 0.010948
0 0.637109 0.356071 0.007031 0.009905
0 0.669531 0.665222 0.007422 0.008863
0 0.727344 0.521334 0.007812 0.009384
0 0.982813 0.957170 0.010156 0.009384
0 0.639063 0.542709 0.010156 0.012512
0 0.989063 0.070510 0.010156 0.016943
0 0.964063 0.088757 0.007031 0.008602
0 0.839844 0.075333 0.010938 0.010166
0 0.953125 0.149884 0.008594 0.010427
0 0.839063 0.357114 0.008594 0.010687
0 0.668359 0.356593 0.012500 0.009645
0 0.049805 0.854467 0.009106 0.012512
0 0.228516 0.627686 0.010352 0.012512
0 0.937500 0.869585 0.010938 0.011991
0 0.868750 0.631857 0.008594 0.010948
0 0.638672 0.195500 0.007031 0.008863
0 0.978125 0.956127 0.010938 0.010427
0 0.641406 0.577638 0.008984 0.011469
0 0.815625 0.637070 0.008594 0.008863
0 0.845312 0.355550 0.010938 0.011209
0 0.941406 0.750721 0.010938 0.010948
0 0.792188 0.030498 0.007031 0.010557
0 0.694922 0.588065 0.008594 0.011991
0 0.775000 0.589108 0.012500 0.013033
0 0.091016 0.068816 0.010791 0.012251
0 0.353906 0.093058 0.012109 0.012642
0 0.809375 0.276828 0.010156 0.014337
0 0.400000 0.493182 0.011523 0.014076
0 0.697656 0.944657 0.005078 0.007299
0 0.803906 0.328962 0.008984 0.011469
0 0.283008 0.703801 0.010156 0.013033
0 0.107813 0.053176 0.011719 0.015119
0 0.055762 0.938401 0.008643 0.013555
0 0.410156 0.282563 0.010547 0.009645
0 0.454297 0.264056 0.010938 0.009905
0 0.218359 0.603705 0.008984 0.015119
0 0.657813 0.369105 0.008594 0.012512
0 0.631250 0.332351 0.007812 0.018247
0 0.975000 0.375361 0.013281 0.015640
0 0.004080 0.877927 0.008160 0.006777
0 0.432813 0.417067 0.010938 0.011991
0 0.850000 0.301070 0.008594 0.017204
0 0.960938 0.058129 0.008594 0.010036
0 0.538281 0.192372 0.009766 0.012773
0 0.055566 0.709014 0.009424 0.014076
0 0.478906 0.087323 0.006250 0.007299
0 0.865625 0.072074 0.010938 0.012251
0 0.542188 0.391001 0.009766 0.011469
0 0.449219 0.838305 0.007422 0.014597
0 0.902344 0.791385 0.009375 0.009384
0 0.921875 0.736124 0.008594 0.013033
0 0.460156 0.129552 0.010156 0.010427
0 0.643750 0.506737 0.011328 0.009905
0 0.910937 0.139196 0.011719 0.010166
0 0.921875 0.406641 0.010156 0.010948
0 0.403125 0.997614 0.008203 0.004773
0 0.621094 0.357896 0.012109 0.012512
0 0.194043 0.317492 0.011328 0.014337
0 0.470313 0.079503 0.008594 0.012903
0 0.461328 0.116258 0.009375 0.010427
0 0.901563 0.182988 0.009375 0.010166
0 0.246289 0.506216 0.010547 0.011469
0 0.796875 0.236425 0.011328 0.015640
0 0.182422 0.274743 0.009082 0.015640
0 0.232227 0.725176 0.011328 0.014597
0 0.367578 0.576074 0.005078 0.007299
0 0.678906 0.971767 0.006641 0.008341
0 0.974219 0.370147 0.010938 0.015119
0 0.380469 0.505694 0.009180 0.010427
0 0.668750 0.590150 0.006250 0.006777
0 0.805469 0.625601 0.007812 0.009905
0 0.710156 0.527069 0.008594 0.011469
0 0.830469 0.228344 0.009375 0.012512
0 0.210547 0.970724 0.005469 0.006256
0 0.200000 0.570861 0.010938 0.012512
0 0.729297 0.541666 0.010937 0.013555
0 0.985937 0.409247 0.008594 0.010427
0 0.823438 0.300288 0.009375 0.012773
0 0.875781 0.601620 0.007812 0.010427
0 0.251172 0.900865 0.009570 0.014597
0 0.935938 0.040403 0.005469 0.007950
0 0.169336 0.431665 0.011523 0.010427
0 0.676562 0.793471 0.010547 0.015640
0 0.773828 0.540102 0.007031 0.007820
0 0.226172 0.189505 0.008789 0.009905
0 0.247852 0.399342 0.009375 0.008863
0 0.283203 0.676692 0.009570 0.011991
0 0.825000 0.758020 0.011719 0.014076
0 0.929688 0.479627 0.010938 0.015119
0 0.928906 0.208012 0.010937 0.011209
0 0.968750 0.252326 0.010156 0.014337
0 0.968750 0.064385 0.007812 0.011600
0 0.871094 0.388915 0.010938 0.015119
0 0.180273 0.267444 0.008887 0.016683
0 0.439844 0.965511 0.011719 0.015640
0 0.657031 0.355550 0.008984 0.010166
0 0.962500 0.150666 0.002344 0.004692
0 0.555859 0.750721 0.007812 0.010427
0 0.046729 0.832571 0.010059 0.009384
0 0.645703 0.549486 0.009375 0.009905
0 0.867188 0.121471 0.007812 0.014337
0 0.953125 0.729868 0.010156 0.011991
0 0.041528 0.612046 0.009424 0.015119
0 0.196387 0.626644 0.010352 0.015119
0 0.517188 0.636549 0.008594 0.017725
0 0.333984 0.002542 0.011523 0.005083
0 0.785156 0.259885 0.010547 0.011469
0 0.826563 0.328441 0.010938 0.013555
0 0.348047 0.118343 0.009375 0.011991
0 0.197852 0.311758 0.008887 0.016683
0 0.117969 0.600577 0.009082 0.012512
0 0.326953 0.085238 0.009961 0.017725
0 0.037598 0.273179 0.007349 0.010427
0 0.530469 0.984279 0.008984 0.009384
0 0.004468 0.734560 0.007825 0.010427
0 0.557031 0.289862 0.006641 0.009123
0 0.395313 0.292990 0.012695 0.015640
0 0.846094 0.074290 0.010938 0.010557
0 0.227344 0.264316 0.009570 0.008081
0 0.698047 0.521334 0.005469 0.006777
0 0.659375 0.793471 0.012891 0.019289
0 0.360547 0.069337 0.005664 0.009384
0 0.950000 0.946743 0.007812 0.010427
0 0.732031 0.161353 0.009375 0.012512
0 0.174316 0.773660 0.006445 0.008863
0 0.693359 0.432707 0.010938 0.009905
0 0.826563 0.636549 0.010938 0.014597
0 0.399219 0.307066 0.010156 0.010687
0 0.767578 0.579724 0.010938 0.015119
0 0.995703 0.775745 0.008594 0.011991
0 0.469141 0.577638 0.012500 0.013033
0 0.065430 0.602662 0.010791 0.014076
0 0.768750 0.714228 0.009766 0.013555
0 0.416406 0.102963 0.008984 0.014076
0 0.892187 0.595364 0.010156 0.015640
0 0.012433 0.870628 0.010876 0.017204
0 0.887500 0.922761 0.010156 0.014597
0 0.376758 0.490575 0.011328 0.014597
0 0.041675 0.362849 0.009912 0.015640
0 0.270703 0.791385 0.009375 0.013033
0 0.822656 0.394129 0.007812 0.011469
0 0.227539 0.973852 0.010547 0.007299
0 0.146973 0.339910 0.009766 0.011730
0 0.989063 0.369626 0.008594 0.013555
0 0.864844 0.124078 0.010938 0.014337
0 0.927344 0.826836 0.010938 0.010948
0 0.832031 0.370147 0.010938 0.013033
0 0.912500 0.089409 0.012500 0.011339
0 0.251563 0.645412 0.008008 0.010427
0 0.656250 0.545316 0.009375 0.013555
0 0.909375 0.404555 0.008594 0.009905
0 0.802344 0.440006 0.008984 0.008863
0 0.864844 0.234079 0.010938 0.012251
0 0.819531 0.921719 0.006250 0.013555
0 0.412500 0.480149 0.010156 0.012512
0 0.363281 0.903993 0.008984 0.014076
0 0.226172 0.491097 0.012695 0.011991
0 0.783594 0.535932 0.010547 0.014076
0 0.093311 0.485883 0.007031 0.009905
0 0.806250 0.368583 0.011719 0.013294
0 0.218750 0.212444 0.008398 0.015119
0 0.798437 0.138154 0.006641 0.010427
0 0.820312 0.229648 0.010938 0.015640
0 0.939062 0.309672 0.014844 0.016943
0 0.275195 0.973852 0.007031 0.010427
0 0.978125 0.446783 0.011719 0.015640
0 0.857813 0.190287 0.011719 0.015901
0 0.061279 0.704844 0.013184 0.016161
0 0.983594 0.063342 0.012500 0.014988
0 0.875000 0.044835 0.008594 0.013294
0 0.916406 0.020071 0.007812 0.008211
0 0.105176 0.431143 0.007812 0.008341
0 0.805469 0.005116 0.007812 0.010231
0 0.822656 0.766361 0.014063 0.012512
0 0.194141 0.014597 0.009473 0.011209
0 0.502344 0.938401 0.005859 0.006256
0 0.511719 0.903993 0.009375 0.010948
0 0.950000 0.306544 0.010938 0.011991
0 0.779297 0.118864 0.010156 0.014076
0 0.109180 0.260928 0.011523 0.015119
0 0.915625 0.432707 0.008594 0.007820
0 0.929688 0.399342 0.008594 0.010427
0 0.147266 0.244245 0.009863 0.012512
0 0.807813 0.757499 0.008594 0.008341
0 0.063965 0.484841 0.009717 0.011469
0 0.968750 0.888353 0.011719 0.013033
0 0.109180 0.790343 0.011816 0.015119
0 0.785938 0.800769 0.010156 0.011991
0 0.696094 0.580245 0.008594 0.011469
0 0.532031 0.391001 0.008984 0.014076
0 0.674219 0.859159 0.008984 0.011991
0 0.873438 0.489011 0.005469 0.012512
0 0.686719 0.789300 0.011328 0.015119
0 0.876562 0.026588 0.008594 0.013685
0 0.935938 0.175429 0.010156 0.009905
0 0.835938 0.456689 0.008594 0.014076
0 0.770313 0.912335 0.010547 0.006256
0 0.853906 0.228344 0.009375 0.014337
0 0.235156 0.979066 0.008398 0.014597
0 0.772266 0.193154 0.010938 0.010948
0 0.729297 0.787215 0.008594 0.011991
0 0.768750 0.351901 0.006641 0.010166
0 0.786719 0.142324 0.011719 0.014337
0 0.264062 0.475978 0.011914 0.011469
0 0.580469 0.878448 0.011719 0.016683
0 0.898438 0.934231 0.010156 0.011469
0 0.358984 0.029455 0.009961 0.015901
0 0.220508 0.628729 0.010156 0.014076
0 0.835938 0.632900 0.006250 0.009905
0 0.165039 0.187420 0.011328 0.016683
0 0.417969 0.298985 0.013672 0.012512
0 0.637500 0.691810 0.007422 0.009384
0 0.809375 0.912335 0.010156 0.008341
0 0.471094 0.947785 0.009766 0.010427
0 0.735938 0.254411 0.012500 0.012773
0 0.854688 0.050700 0.008594 0.010427
0 0.038062 0.914420 0.007129 0.008341
0 0.422266 0.261710 0.010156 0.015901
0 0.893750 0.075854 0.009375 0.011078
0 0.825000 0.445219 0.010938 0.017725
0 0.834375 0.076115 0.013281 0.010687
0 0.160742 0.571382 0.005273 0.007299
0 0.907812 0.856031 0.010938 0.015640
0 0.348633 0.091755 0.008203 0.010427
0 0.181836 0.261970 0.010156 0.021896
0 0.770312 0.186638 0.009766 0.010687
0 0.644531 0.570340 0.010547 0.013555
0 0.881250 0.386309 0.009375 0.012512
0 0.937500 0.629772 0.013281 0.016161
0 0.271875 0.471807 0.006836 0.013555
0 0.526953 0.012773 0.007031 0.007429
0 0.130371 0.617260 0.007812 0.010948
0 0.230859 0.719962 0.008594 0.015640
0 0.045898 0.426451 0.009009 0.014076
0 0.803906 0.035451 0.009375 0.011339
0 0.720313 0.944657 0.007422 0.009384
0 0.946875 0.794513 0.007031 0.009905
0 0.253711 0.395171 0.010547 0.016161
0 0.226562 0.529676 0.011523 0.014076
0 0.212891 0.582330 0.010742 0.008341
0 0.846094 0.218439 0.009375 0.010166
0 0.856250 0.334175 0.012500 0.014337
0 0.950781 0.571382 0.007812 0.011991
0 0.777344 0.193154 0.010547 0.011991
0 0.369141 0.515078 0.008008 0.008863
0 0.914062 0.072074 0.007031 0.010166
0 0.623437 0.347209 0.009766 0.013815
0 0.829687 0.242681 0.014062 0.013555
0 0.384375 0.530718 0.012305 0.013033
0 0.521875 0.286994 0.008984 0.009384
0 0.829687 0.400385 0.013281 0.015640
0 0.428906 0.482755 0.008984 0.010948
0 0.821875 0.078591 0.007031 0.011991
0 0.499219 0.005213 0.012109 0.010427
0 0.405859 0.307066 0.004687 0.006777
0 0.466797 0.143106 0.008594 0.013033
0 0.157813 0.979066 0.009863 0.008341
0 0.035693 0.854467 0.009692 0.010427
0 0.784375 0.269530 0.011328 0.014858
0 0.075586 0.451475 0.009033 0.013033
0 0.040967 0.023460 0.012598 0.013815
0 0.517188 0.092797 0.006250 0.010557
0 0.881250 0.071944 0.007812 0.010818
0 0.014111 0.875841 0.010028 0.010948
0 0.515625 0.035842 0.008984 0.011991
0 0.819531 0.437921 0.007812 0.014076
0 0.054639 0.497874 0.008008 0.007299
0 0.796094 0.023590 0.007422 0.008341
0 0.098242 0.952999 0.009033 0.013555
0 0.898438 0.016683 0.007812 0.010948
0 0.606250 0.117300 0.008203 0.018247
0 0.990625 0.487969 0.010938 0.015119
0 0.675000 0.433750 0.009766 0.011469
0 0.680859 0.789300 0.007031 0.015119
0 0.618750 0.311497 0.007812 0.010427
0 0.266992 0.473893 0.007422 0.011469
0 0.917188 0.779916 0.012500 0.015119
0 0.602344 0.191330 0.010937 0.012251
0 0.658594 0.775745 0.009375 0.010948
0 0.123145 0.240335 0.006055 0.008081
0 0.925000 0.275004 0.010937 0.012512
0 0.772656 0.429579 0.004297 0.007820
0 0.837500 0.249198 0.014844 0.017204
0 0.820312 0.377446 0.008594 0.014076
0 0.875781 0.114694 0.007812 0.009384
0 0.609375 0.542709 0.008203 0.010427
0 0.208203 0.585980 0.010742 0.013033
0 0.256641 0.459817 0.008594 0.011469
0 0.657031 0.959255 0.005859 0.007299
0 0.795313 0.027370 0.008984 0.013424
0 0.196094 0.023069 0.012402 0.015379
0 0.828125 0.426451 0.010938 0.013033
0 0.861719 0.230169 0.010938 0.013555
0 0.624609 0.253108 0.007031 0.009905
0 0.637109 0.040403 0.007031 0.009775
0 0.239063 0.622473 0.008594 0.009384
0 0.646875 0.668350 0.011328 0.015119
0 0.803906 0.390479 0.007812 0.008341
0 0.305078 0.048484 0.009570 0.009514
0 0.470313 0.086802 0.010156 0.013294
0 0.533594 0.307326 0.016797 0.017204
0 0.910156 0.778873 0.009375 0.015119
0 0.832031 0.216354 0.007812 0.009645
0 0.361719 0.383702 0.004102 0.004692
0 0.807813 0.319057 0.011719 0.015379
0 0.659375 0.365455 0.009375 0.009645
0 0.215820 0.202278 0.010937 0.012251
0 0.527344 0.229387 0.010547 0.013555
0 0.128125 0.825793 0.008691 0.010427
0 0.815625 0.185074 0.013281 0.016683
0 0.850781 0.260146 0.007812 0.010687
0 0.156641 0.188723 0.009570 0.014597
0 0.828125 0.963426 0.005469 0.007299
0 0.536719 0.188723 0.010156 0.011730
0 0.523828 0.888875 0.006250 0.010427
0 0.325195 0.540102 0.007031 0.010427
0 0.676953 0.423323 0.010156 0.008863
0 0.915625 0.967596 0.010156 0.014597
0 0.987500 0.978023 0.007031 0.009384
0 0.138086 0.650625 0.004297 0.004692
0 0.882812 0.525505 0.009375 0.010948
0 0.919531 0.807547 0.007812 0.009384
0 0.145508 0.325313 0.011621 0.015901
0 0.351953 0.298464 0.007227 0.007820
0 0.934375 0.826836 0.010938 0.010427
0 0.437500 0.844561 0.013672 0.016161
0 0.545313 0.409769 0.004688 0.007299
0 0.818750 0.902951 0.007031 0.015640
0 0.406250 0.397257 0.011328 0.017204
0 0.835938 0.391001 0.015625 0.019289
0 0.981250 0.460338 0.010156 0.014597
0 0.120215 0.875841 0.009180 0.010427
0 0.049316 0.638113 0.008008 0.013555
0 0.138086 0.278392 0.009277 0.012512
0 0.962500 0.216875 0.003906 0.004692
0 0.214648 0.358678 0.010547 0.013555
0 0.661719 0.484841 0.009766 0.013033
0 0.378125 0.483798 0.009961 0.010427
0 0.321484 0.856552 0.009766 0.010427
0 0.299609 0.871671 0.010547 0.016683
0 0.405078 0.435835 0.011133 0.012512
0 0.634375 0.098011 0.009375 0.010036
0 0.005908 0.877405 0.011816 0.011469
0 0.985937 0.658966 0.010156 0.011991
0 0.420312 0.265880 0.011719 0.013815
0 0.832813 0.430622 0.008594 0.011469
0 0.273242 0.232515 0.009375 0.011730
0 0.881250 0.041055 0.008594 0.013294
0 0.219141 0.596406 0.008398 0.017204
0 0.223047 0.262752 0.012305 0.011469
0 0.730078 0.583373 0.012500 0.012512
0 0.732813 0.602662 0.007422 0.008341
0 0.519531 0.892524 0.011328 0.013033
0 0.344141 0.514557 0.007227 0.009384
0 0.304297 0.083804 0.009570 0.011730
0 0.980469 0.146756 0.006250 0.011469
0 0.854688 0.223131 0.007031 0.011991
0 0.914062 0.963426 0.011719 0.015640
0 0.408594 0.298464 0.013672 0.016683
0 0.829687 0.077418 0.009375 0.011469
0 0.792188 0.798684 0.007422 0.010427
0 0.834375 0.188723 0.007031 0.009123
0 0.333789 0.091103 0.010156 0.013555
0 0.942187 0.827879 0.011719 0.021375
0 0.098145 0.947785 0.009131 0.012512
0 0.876562 0.104788 0.007031 0.008341
0 0.457031 0.077027 0.010938 0.012773
0 0.332422 0.682948 0.009570 0.010948
0 0.354883 0.634985 0.009375 0.010948
0 0.848437 0.058911 0.011719 0.012382
0 0.112109 0.528633 0.007715 0.010948
0 0.692187 0.350858 0.007031 0.010687
0 0.394531 0.408726 0.005469 0.007299
0 0.594922 0.901908 0.007812 0.010427
0 0.795703 0.261710 0.010156 0.015379
0 0.393359 0.298724 0.010352 0.009645
0 0.682422 0.488490 0.007812 0.013555
0 0.566406 0.467637 0.012891 0.013555
0 0.857031 0.062039 0.010938 0.013946
0 0.478906 0.284127 0.012891 0.014597
0 0.883594 0.612046 0.009375 0.010948
0 0.020825 0.483798 0.011377 0.013033
0 0.867188 0.202538 0.013281 0.017204
0 0.826563 0.489011 0.008594 0.007820
0 0.284375 0.231994 0.011914 0.014076
0 0.812500 0.184031 0.003125 0.003910
0 0.450781 0.269530 0.012109 0.011730
0 0.898438 0.071162 0.008594 0.012382
0 0.414062 0.429579 0.008984 0.009384
0 0.602344 0.170998 0.008984 0.010687
0 0.256250 0.755934 0.011914 0.018247
0 0.217187 0.587022 0.008984 0.013555
0 0.519531 0.236425 0.011328 0.012512
0 0.649219 0.532803 0.008984 0.009384
0 0.937500 0.348512 0.007031 0.010948
0 0.807813 0.732996 0.007031 0.008863
0 0.868750 0.479627 0.007812 0.010948
0 0.600000 0.499438 0.007422 0.009905
0 0.967969 0.377446 0.009375 0.013555
0 0.913281 0.849253 0.010937 0.017725
0 0.750781 0.598492 0.010938 0.011469
0 0.886719 0.802855 0.006250 0.008863
0 0.803906 0.055522 0.010937 0.012642
0 0.809375 0.963426 0.005469 0.007299
0 0.564844 0.538017 0.009375 0.007820
0 0.326953 0.187159 0.006445 0.007559
0 0.843750 0.407683 0.003906 0.005735
0 0.326172 0.073378 0.008008 0.008863
0 0.994531 0.228344 0.006250 0.009384
0 0.409375 0.994706 0.008594 0.010427
0 0.694531 0.610482 0.012109 0.014597
0 0.706250 0.157704 0.011719 0.011991
0 0.375781 0.971767 0.008789 0.011469
0 0.818750 0.768968 0.010938 0.011469
0 0.915625 0.787215 0.014062 0.016161
0 0.896094 0.626644 0.007812 0.009905
0 0.236914 0.625601 0.008984 0.011991
0 0.889844 0.241899 0.010937 0.012512
0 0.715625 0.790343 0.006250 0.006777
0 0.342187 0.646454 0.006055 0.008863
0 0.418359 0.752285 0.006250 0.009384
0 0.626563 0.039491 0.016406 0.017725
0 0.747266 0.716834 0.007812 0.012512
0 0.964844 0.261449 0.009375 0.010427
0 0.975781 0.740816 0.009375 0.011469
0 0.222852 0.524983 0.011328 0.014597
0 0.935938 0.259103 0.013281 0.018247
0 0.829687 0.110002 0.010156 0.013815
0 0.636719 0.016813 0.005469 0.005474
0 0.801563 0.913377 0.009375 0.007299
0 0.478125 0.895652 0.008984 0.014597
0 0.697266 0.441049 0.014062 0.013033
0 0.968750 0.247373 0.009375 0.013555
0 0.895313 0.049527 0.008594 0.008732
0 0.268359 0.613089 0.006445 0.008863
0 0.322656 0.229126 0.011133 0.013555
0 0.944531 0.216614 0.009375 0.014597
0 0.190039 0.228605 0.010449 0.014597
0 0.806250 0.446783 0.010938 0.019811
0 0.394531 0.610482 0.007617 0.010427
0 0.367773 0.346166 0.005859 0.009123
0 0.325977 0.079373 0.008984 0.016161
0 0.266406 0.792428 0.013672 0.014076
0 0.913281 0.952999 0.009375 0.010427
0 0.734375 0.788257 0.009375 0.012512
0 0.616406 0.994485 0.007422 0.011029
0 0.072754 0.473371 0.015576 0.017725
0 0.835156 0.741858 0.014063 0.013555
0 0.656250 0.039361 0.008984 0.011339
0 0.850000 0.384745 0.008594 0.010948
0 0.146777 0.007168 0.010352 0.010948
0 0.447656 0.978023 0.007031 0.009384
0 0.845313 0.421238 0.007812 0.010427
0 0.171094 0.655838 0.008887 0.013033
0 0.745313 0.167348 0.012109 0.014858
0 0.942969 0.244506 0.009375 0.011730
0 0.910938 0.638113 0.005469 0.008863
0 0.477344 0.022026 0.009375 0.011730
0 0.529297 0.798684 0.005469 0.007299
0 0.556250 0.495267 0.012500 0.014597
0 0.646875 0.399863 0.018750 0.014597
0 0.788281 0.545316 0.010937 0.014076
0 0.239844 0.220524 0.011719 0.015379
0 0.577734 0.881576 0.012500 0.014597
0 0.953906 0.072205 0.007812 0.009384
0 0.679688 0.407683 0.011719 0.013033
0 0.034619 0.349033 0.013281 0.013033
0 0.519531 0.226259 0.005859 0.006777
0 0.112500 0.620388 0.008301 0.013033
0 0.985156 0.284648 0.009375 0.010427
0 0.810938 0.523419 0.008594 0.013033
0 0.843750 0.244506 0.010156 0.011469
0 0.229688 0.612046 0.007617 0.010948
0 0.840625 0.105570 0.009375 0.010427
0 0.359375 0.635506 0.007617 0.011469
0 0.406250 0.452518 0.009766 0.015119
0 0.992188 0.710578 0.010156 0.012512
0 0.993750 0.088236 0.007031 0.010166
0 0.396875 0.946743 0.009570 0.013555
0 0.047681 0.454603 0.014209 0.015119
0 0.248437 0.959255 0.007422 0.010427
0 0.655078 0.498395 0.011719 0.013033
0 0.942188 0.633942 0.010938 0.015119
0 0.123047 0.270051 0.007910 0.011209
0 0.100977 0.409769 0.010254 0.015640
0 0.457031 0.842476 0.005859 0.008341
0 0.093018 0.428015 0.012402 0.016683
0 0.715234 0.446262 0.009375 0.008863
0 0.455469 0.990535 0.008203 0.011469
0 0.526563 0.415503 0.008203 0.009384
0 0.802344 0.229387 0.012891 0.012773
0 0.242188 0.643848 0.007422 0.010427
0 0.004675 0.978023 0.006812 0.009384
0 0.465625 0.842997 0.012891 0.015640
0 0.820312 0.479627 0.010156 0.011991
0 0.939062 0.397257 0.010156 0.017204
0 0.132617 0.600577 0.009277 0.011991
0 0.810156 0.095925 0.009375 0.010296
0 0.270898 0.802855 0.011719 0.016161
0 0.609766 0.425409 0.009375 0.010948
0 0.313672 0.072465 0.010937 0.013164
0 0.926563 0.239292 0.008594 0.010427
0 0.798438 0.578160 0.007812 0.013555
0 0.262500 0.450433 0.004102 0.005213
0 0.414062 0.282042 0.014453 0.016161
0 0.817969 0.365455 0.010938 0.015379
0 0.241016 0.614132 0.009375 0.010948
0 0.850000 0.102181 0.011719 0.015379
0 0.404297 0.300288 0.011914 0.014076
0 0.608594 0.556785 0.008203 0.008863
0 0.871875 0.497353 0.011719 0.017725
0 0.270313 0.691289 0.004297 0.007820
0 0.308203 0.261710 0.011133 0.014076
0 0.240234 0.474414 0.009375 0.014076
0 0.191602 0.224695 0.009668 0.011991
0 0.945312 0.306544 0.010938 0.014597
0 0.142773 0.291947 0.004492 0.008081
0 0.707031 0.106352 0.007812 0.010427
0 0.809375 0.354507 0.010938 0.014337
0 0.261914 0.011469 0.010937 0.017986
0 0.936719 0.276568 0.009375 0.011991
0 0.266797 0.010427 0.008789 0.016813
0 0.309375 0.071944 0.010742 0.013164
0 0.911719 0.854988 0.012500 0.018247
0 0.846875 0.368583 0.011719 0.013815
0 0.982813 0.726740 0.008594 0.010948
0 0.232422 0.988450 0.012305 0.018768
0 0.996680 0.788257 0.006641 0.009905
0 0.719922 0.828400 0.010156 0.014597
0 0.444531 0.262231 0.009375 0.015379
0 0.789453 0.180382 0.013281 0.015901
0 0.792969 0.189505 0.012109 0.015119
0 0.307812 0.076375 0.010742 0.014467
0 0.729688 0.550529 0.010938 0.011991
0 0.781250 0.543230 0.011328 0.011991
0 0.537500 0.226780 0.007422 0.010687
0 0.306250 0.676692 0.009766 0.013033
0 0.633594 0.432707 0.012891 0.013555
0 0.798047 0.056043 0.010156 0.012642
0 0.978125 0.072987 0.009375 0.009514
0 0.281641 0.485883 0.007227 0.009905
0 0.530469 0.287516 0.012891 0.013555
0 0.842188 0.228866 0.008594 0.011730
0 0.831250 0.831528 0.007031 0.009384
0 0.873438 0.401427 0.014844 0.018768
0 0.785547 0.178296 0.013281 0.015379
0 0.831250 0.761148 0.011719 0.014076
0 0.152148 0.950913 0.011914 0.011469
0 0.006775 0.776788 0.005499 0.006256
0 0.367969 0.554700 0.008008 0.013033
0 0.875000 0.058129 0.010156 0.011730
0 0.284180 0.696502 0.010547 0.016161
0 0.324609 0.199671 0.007422 0.009384
0 0.807813 0.084717 0.010156 0.016031
0 0.701172 0.622473 0.014062 0.022417
0 0.837500 0.750721 0.004687 0.006256
0 0.202734 0.857073 0.006836 0.007820
0 0.832813 0.106873 0.010156 0.010427
0 0.939063 0.744465 0.011719 0.016683
0 0.984375 0.367019 0.010938 0.013815
0 0.777734 0.829964 0.009375 0.010948
0 0.010205 0.771574 0.010059 0.013033
0 0.351562 0.535932 0.009961 0.010948
0 0.469531 0.975937 0.009766 0.011469
0 0.939063 0.138154 0.011719 0.015379
0 0.195312 0.222870 0.012012 0.012512
0 0.856250 0.349294 0.011719 0.017465
0 0.559766 0.534889 0.011719 0.013033
0 0.256445 0.477542 0.010156 0.018247
0 0.975000 0.004399 0.007031 0.008798
0 0.247852 0.187680 0.006641 0.010166
0 0.395703 0.324791 0.009375 0.010166
0 0.685937 0.466073 0.011719 0.013555
0 0.590234 0.469201 0.011719 0.017204
0 0.400781 0.478585 0.010547 0.014076
0 0.868750 0.010948 0.007812 0.010557
0 0.981250 0.112087 0.007812 0.009384
0 0.918750 0.409769 0.011719 0.015119
0 0.795703 0.912335 0.008594 0.006256
0 0.726562 0.780437 0.008984 0.010427
0 0.460156 0.373275 0.007422 0.008863
0 0.837500 0.250762 0.003906 0.005474
0 0.844531 0.282302 0.009375 0.009905
0 0.231641 0.017204 0.009375 0.019420
0 0.121387 0.936316 0.009570 0.013555
0 0.434375 0.434271 0.008594 0.013555
0 0.475000 0.140760 0.007422 0.012512
0 0.862500 0.386830 0.007031 0.009905
0 0.642969 0.490054 0.010547 0.011469
0 0.860937 0.051091 0.008594 0.010036
0 0.133008 0.009514 0.007520 0.010166
0 0.023413 0.982193 0.006262 0.008341
0 0.305859 0.575553 0.015430 0.017204
0 0.842188 0.981151 0.005469 0.008341
0 0.603906 0.176472 0.010937 0.015119
0 0.631250 0.360763 0.012500 0.015379
0 0.935156 0.136590 0.009375 0.012773
0 0.063770 0.125902 0.008350 0.010427
0 0.249023 0.744465 0.010156 0.011991
0 0.249609 0.913377 0.015820 0.020853
0 0.846875 0.310976 0.011719 0.009384
0 0.313672 0.947785 0.008203 0.010427
0 0.208203 0.010427 0.008008 0.010818
0 0.932031 0.192372 0.006250 0.008081
0 0.213281 0.493182 0.009766 0.013033
0 0.932031 0.338346 0.009375 0.010166
0 0.275781 0.230690 0.012695 0.018768
0 0.846875 0.329483 0.010937 0.012773
0 0.272266 0.460859 0.008398 0.011991
0 0.820312 0.223913 0.011719 0.014597
0 0.445312 0.575553 0.009375 0.010948
0 0.662500 0.483798 0.003906 0.004692
0 0.867188 0.345645 0.010938 0.015901
0 0.760547 0.489011 0.005469 0.007299
0 0.682031 0.506215 0.008203 0.010427
0 0.650000 0.014467 0.011328 0.014858
0 0.534375 0.968639 0.008984 0.012512
0 0.032813 0.047181 0.008740 0.012121
0 0.325586 0.694938 0.007812 0.011469
0 0.799219 0.572425 0.008203 0.014076
0 0.877344 0.405077 0.014063 0.018768
0 0.827344 0.756456 0.014063 0.022939
0 0.951563 0.257278 0.009375 0.013033
0 0.035571 0.639677 0.012988 0.016683
0 0.171094 0.595364 0.009375 0.015640
0 0.716797 0.673564 0.005469 0.006777
0 0.752344 0.834135 0.009766 0.010948
0 0.763281 0.150666 0.004297 0.004953
0 0.943750 0.237728 0.010156 0.013033
0 0.859375 0.311497 0.011719 0.007820
0 0.851562 0.178818 0.014844 0.020332
0 0.632031 0.318535 0.009766 0.019029
0 0.846875 0.364152 0.010156 0.011991
0 0.906250 0.417589 0.009375 0.013555
0 0.635938 0.196282 0.008203 0.010427
0 0.745313 0.728825 0.008594 0.009384
0 0.911719 0.795556 0.010938 0.014597
0 0.451953 0.119907 0.010937 0.012773
0 0.757812 0.915463 0.011719 0.017725
0 0.887500 0.612568 0.009375 0.012512
0 0.594531 0.170216 0.008203 0.012512
0 0.044531 0.493182 0.008203 0.011469
0 0.942188 0.840391 0.005469 0.006777
0 0.319922 0.172562 0.007227 0.007559
0 0.209375 0.215832 0.010352 0.013555
0 0.657813 0.728825 0.008594 0.013033
0 0.276172 0.242420 0.009961 0.011991
0 0.475000 0.274222 0.013281 0.020593
0 0.837500 0.497353 0.009375 0.011991
0 0.304688 0.698588 0.009766 0.016161
0 0.820312 0.123556 0.010938 0.015901
0 0.278906 0.758020 0.012891 0.018247
0 0.537891 0.350858 0.004688 0.005474
0 0.446094 0.466073 0.008984 0.009905
0 0.950000 0.850817 0.013281 0.020332
0 0.965625 0.098402 0.010938 0.011730
0 0.935938 0.383702 0.016406 0.016683
0 0.245313 0.588586 0.008398 0.009384
0 0.981250 0.138154 0.010938 0.019029
0 0.929688 0.385787 0.007031 0.013033
0 0.170508 0.669914 0.008789 0.010427
0 0.326562 0.579724 0.010352 0.015640
0 0.344531 0.088627 0.011523 0.014597
0 0.743359 0.215050 0.012500 0.019811
0 0.972656 0.085499 0.009375 0.010948
0 0.942188 0.141282 0.010156 0.015901
0 0.700781 0.444177 0.012891 0.015119
0 0.971875 0.997874 0.010156 0.004252
0 0.933594 0.160050 0.010938 0.010687
0 0.211719 0.502566 0.007812 0.011469
0 0.068164 0.444177 0.006250 0.005735
0 0.325391 0.021375 0.011328 0.017725
0 0.776563 0.834135 0.009766 0.012512
0 0.348633 0.858637 0.012891 0.011469
0 0.254297 0.424887 0.009180 0.010427
0 0.960156 0.255454 0.014063 0.015379
0 0.478906 0.972810 0.010547 0.012512
0 0.240234 0.559392 0.009570 0.010427
0 0.050928 0.703280 0.009595 0.017725
0 0.533594 0.944658 0.011719 0.015640
0 0.661719 0.540102 0.008203 0.013555
0 0.862500 0.043010 0.014063 0.020593