0 0.842188 0.942572 0.008594 0.014597
0 0.853125 0.944657 0.007031 0.011469
0 0.859375 0.943615 0.007031 0.010427
0 0.867188 0.944657 0.007031 0.012512
0 0.870313 0.944657 0.008594 0.012512
0 0.832812 0.938401 0.007812 0.011469
0 0.148242 0.305502 0.006250 0.008081
0 0.080566 0.176211 0.010547 0.010166
0 0.432813 0.028413 0.007422 0.007690
0 0.051807 0.108438 0.010474 0.015379
0 0.875000 0.954041 0.010156 0.008341
0 0.483203 0.701194 0.009375 0.017725
0 0.832813 0.944657 0.009375 0.011469
0 0.601562 0.620909 0.007812 0.010427
0 0.311914 0.313322 0.007031 0.008602
0 0.878125 0.945700 0.007812 0.014597
0 0.164160 0.424887 0.009570 0.016683
0 0.266602 0.500481 0.008203 0.014076
0 0.822656 0.967596 0.006250 0.010427
0 0.310547 0.325834 0.009570 0.015119
0 0.307422 0.124599 0.010938 0.015379
0 0.163477 0.523419 0.010254 0.016161
0 0.102148 0.143367 0.010547 0.015640
0 0.471094 0.710578 0.011719 0.012512
0 0.046338 0.231472 0.011060 0.008863
0 0.499219 0.150144 0.007422 0.016422
0 0.482031 0.684512 0.012109 0.013555
0 0.053418 0.041446 0.010474 0.016161
0 0.156348 0.649582 0.010352 0.014597
0 0.895313 0.693374 0.013281 0.010948
0 0.119141 0.227823 0.009863 0.015901
0 0.344336 0.192372 0.012109 0.015901
0 0.903125 0.689725 0.010938 0.009384
0 0.464063 0.697545 0.010938 0.013033
0 0.076270 0.043010 0.009033 0.018377
0 0.022913 0.243463 0.011987 0.016683
0 0.357031 0.168912 0.010547 0.017204
0 0.144434 0.368062 0.012891 0.012251
0 0.164062 0.639677 0.010352 0.009384
0 0.879688 0.942572 0.005469 0.011469
0 0.381641 0.104267 0.010937 0.011860
0 0.277344 0.542188 0.010352 0.014076
0 0.071582 0.174647 0.009912 0.012512
0 0.856250 0.942572 0.008594 0.011469
0 0.290039 0.518206 0.008984 0.014076
0 0.136621 0.274743 0.008594 0.014337
0 0.375781 0.129552 0.010352 0.009384
0 0.046729 0.094361 0.010767 0.010296
0 0.822656 0.944657 0.004687 0.013555
0 0.326562 0.106352 0.010937 0.009384
0 0.086621 0.137111 0.011084 0.013294
0 0.489453 0.142324 0.010156 0.017725
0 0.389844 0.610482 0.012305 0.014597
0 0.115234 0.200714 0.012598 0.016943
0 0.145605 0.283345 0.011133 0.014597
0 0.083984 0.217136 0.009912 0.017204
0 0.819531 0.407683 0.012500 0.015119
0 0.636719 0.104006 0.006250 0.010296
0 0.297656 0.132940 0.010156 0.014597
0 0.463281 0.376925 0.011719 0.014597
0 0.189160 0.636028 0.012109 0.011991
0 0.413672 0.108177 0.010938 0.016292
0 0.169531 0.211401 0.009082 0.018247
0 0.475781 0.119125 0.011719 0.013033
0 0.251758 0.461381 0.010156 0.015640
0 0.376758 0.427494 0.009766 0.015119
0 0.352734 0.356071 0.010742 0.011991
0 0.793750 0.334697 0.012891 0.013815
0 0.739063 0.965511 0.007422 0.008341
0 0.227344 0.478585 0.010352 0.010948
0 0.062061 0.219221 0.011328 0.014076
0 0.626953 0.834135 0.012500 0.015119
0 0.153320 0.268487 0.011621 0.012773
0 0.175391 0.060475 0.011328 0.012642
0 0.662891 0.583894 0.011719 0.014597
0 0.047559 0.221567 0.010645 0.010687
0 0.440625 0.035972 0.010547 0.013946
0 0.108887 0.216875 0.012695 0.015379
0 0.337500 0.734038 0.008398 0.016161
0 0.183203 0.621952 0.010840 0.012512
0 0.896875 0.704322 0.010938 0.010427
0 0.378516 0.594321 0.010742 0.011469
0 0.406250 0.061257 0.010547 0.013033
0 0.452344 0.691289 0.010547 0.013555
0 0.189551 0.209837 0.011328 0.012512
0 0.069922 0.170476 0.008447 0.018247
0 0.090430 0.584937 0.011621 0.017204
0 0.832031 0.576596 0.012500 0.013033
0 0.887500 0.750200 0.012500 0.015640
0 0.221094 0.552093 0.010547 0.011469
0 0.596094 0.569297 0.010547 0.018247
0 0.094727 0.294554 0.012109 0.013033
0 0.396875 0.626122 0.011133 0.014597
0 0.160645 0.691810 0.011523 0.012512
0 0.171680 0.031019 0.010937 0.009254
0 0.800000 0.593278 0.008203 0.011469
0 0.149219 0.496310 0.006152 0.009384
0 0.625781 0.128248 0.012109 0.014337
0 0.627344 0.047963 0.011328 0.009645
0 0.142285 0.228084 0.009766 0.016161
0 0.340625 0.350858 0.009570 0.012512
0 0.913281 0.652710 0.012500 0.016161
0 0.518750 0.022678 0.010547 0.016031
0 0.520312 0.621430 0.008203 0.010427
0 0.589844 0.984279 0.012109 0.013555
0 0.025708 0.448869 0.009021 0.015640
0 0.525781 0.691289 0.007422 0.008863
0 0.125195 0.262231 0.010449 0.014597
0 0.218164 0.451475 0.012109 0.014076
0 0.794922 0.920676 0.011719 0.012512
0 0.142383 0.277871 0.010352 0.014337
0 0.457422 0.302374 0.012500 0.012251
0 0.463281 0.854988 0.012109 0.010948
0 0.521875 0.042749 0.012109 0.011860
0 0.009375 0.576074 0.011859 0.012512
0 0.232031 0.405598 0.012305 0.012512
0 0.434375 0.084717 0.011719 0.012642
0 0.901563 0.078982 0.013281 0.013294
0 0.063379 0.102181 0.011279 0.011991
0 0.764844 0.643848 0.011328 0.012512
0 0.895313 0.222088 0.010938 0.009905
0 0.432031 0.679820 0.009766 0.019289
0 0.057959 0.194979 0.009180 0.017465
0 0.433203 0.877927 0.012500 0.014076
0 0.500781 0.043140 0.013281 0.014076
0 0.507031 0.585980 0.011328 0.015640
0 0.907812 0.641241 0.014062 0.011991
0 0.801563 0.611004 0.014062 0.015119
0 0.896875 0.177254 0.011719 0.012251
0 0.189258 0.126424 0.011230 0.009384
0 0.084180 0.019029 0.010303 0.017725
0 0.080615 0.155879 0.012598 0.009645
0 0.328711 0.759063 0.011719 0.016683
0 0.493359 0.619345 0.010938 0.016161
0 0.115625 0.216354 0.011230 0.014597
0 0.789062 0.517685 0.012109 0.011469
0 0.327734 0.538538 0.010547 0.009384
0 0.181836 0.137632 0.012207 0.011991
0 0.113770 0.926932 0.011719 0.014597
0 0.493359 0.097489 0.011719 0.009254
0 0.046606 0.061126 0.010693 0.010427
0 0.491406 0.544273 0.006641 0.009384
0 0.797266 0.642284 0.011719 0.013033
0 0.070703 0.230690 0.010107 0.009384
0 0.033105 0.078852 0.010742 0.012251
0 0.034229 0.668350 0.009180 0.016161
0 0.020923 0.318535 0.011475 0.014858
0 0.932813 0.099966 0.011719 0.012251
0 0.564063 0.239292 0.011328 0.008863
0 0.295703 0.116258 0.011719 0.013555
0 0.451172 0.376925 0.007812 0.012512
0 0.160156 0.396214 0.009277 0.017204
0 0.321875 0.701194 0.011719 0.010427
0 0.032837 0.726740 0.012061 0.009905
0 0.213672 0.538017 0.011523 0.015119
0 0.714063 0.617260 0.012109 0.013033
0 0.578906 0.224695 0.009766 0.014858
0 0.543750 0.694938 0.012109 0.016683
0 0.305469 0.098011 0.010352 0.016031
0 0.266016 0.433750 0.009961 0.010948
0 0.775000 0.704844 0.011719 0.014076
0 0.013574 0.336782 0.009180 0.017465
0 0.044946 0.668350 0.007910 0.013033
0 0.203516 0.123556 0.008594 0.009123
0 0.136914 0.314625 0.006836 0.009905
0 0.480078 0.563041 0.012500 0.012512
0 0.298828 0.523419 0.011523 0.010948
0 0.865625 0.352422 0.010938 0.010948
0 0.790234 0.432707 0.012500 0.014076
0 0.077539 0.572425 0.010498 0.009905
0 0.562500 0.727782 0.009375 0.017725
0 0.696875 0.062299 0.009766 0.011078
0 0.237695 0.794513 0.011328 0.011991
0 0.049951 0.269530 0.012305 0.015119
0 0.350781 0.369626 0.007617 0.009645
0 0.823438 0.956127 0.007031 0.016683
0 0.684375 0.988450 0.008984 0.011469
0 0.092285 0.744465 0.006250 0.009384
0 0.489844 0.663137 0.010547 0.011991
0 0.432031 0.570340 0.009766 0.018247
0 0.778516 0.923804 0.007812 0.009384
0 0.412500 0.385787 0.012109 0.016683
0 0.637500 0.193936 0.008594 0.015901
0 0.182812 0.286212 0.008887 0.019811
0 0.503125 0.419153 0.011328 0.013033
0 0.078564 0.211140 0.010449 0.015901
0 0.926563 0.143367 0.010156 0.017204
0 0.060156 0.272658 0.010938 0.010166
0 0.871875 0.954041 0.011719 0.006256
0 0.345703 0.153272 0.011523 0.018247
0 0.596875 0.944657 0.011719 0.013555
0 0.069629 0.486926 0.010107 0.017204
0 0.846875 0.395171 0.010937 0.013033
0 0.796484 0.608918 0.010156 0.012512
0 0.260156 0.479106 0.010352 0.011469
0 0.058594 0.234079 0.009912 0.012251
0 0.226953 0.314886 0.011328 0.010166
0 0.865625 0.494225 0.011719 0.014597
0 0.087598 0.150666 0.010498 0.012512
0 0.163281 0.689204 0.012207 0.012512
0 0.396484 0.558349 0.010352 0.014597
0 0.514844 0.978023 0.011719 0.014597
0 0.036523 0.718920 0.010767 0.015640
0 0.626172 0.035320 0.011719 0.015379
0 0.455469 0.211140 0.013281 0.015901
0 0.026904 0.508822 0.009363 0.016683
0 0.313281 0.917548 0.010156 0.015640
0 0.026147 0.255454 0.011865 0.013294
0 0.196484 0.751764 0.011035 0.017204
0 0.216016 0.110002 0.011914 0.017465
0 0.153516 0.734560 0.012012 0.011469
0 0.383203 0.294554 0.010742 0.015640
0 0.182031 0.265098 0.008496 0.009905
0 0.266016 0.460859 0.009375 0.014597
0 0.782031 0.938401 0.012109 0.013555
0 0.821875 0.877405 0.011719 0.015640
0 0.309766 0.300549 0.010547 0.013555
0 0.832813 0.948828 0.010156 0.011469
0 0.408984 0.048093 0.009375 0.013033
0 0.334961 0.094101 0.011719 0.014988
0 0.079395 0.427494 0.010645 0.010948
0 0.544531 0.209576 0.012109 0.013294
0 0.283789 0.269008 0.009766 0.017725
0 0.714453 0.942572 0.010938 0.014597
0 0.082617 0.160050 0.012939 0.011209
0 0.821094 0.884183 0.012500 0.011991
0 0.376172 0.917548 0.011914 0.016683
0 0.373633 0.194458 0.009766 0.018507
0 0.041089 0.219482 0.010986 0.016161
0 0.157422 0.037406 0.012207 0.014597
0 0.645313 0.121471 0.007812 0.008081
0 0.903125 0.102181 0.010156 0.011339
0 0.369531 0.832571 0.012109 0.013555
0 0.163281 0.339910 0.012500 0.014337
0 0.350391 0.594321 0.007617 0.011991
0 0.234570 0.504130 0.011328 0.013555
0 0.184570 0.677734 0.008691 0.016683
0 0.928125 0.098271 0.010938 0.011339
0 0.401953 0.056956 0.010742 0.010948
0 0.269531 0.395171 0.010547 0.017204
0 0.790625 0.712142 0.011719 0.014597
0 0.049902 0.247112 0.010376 0.012251
0 0.053760 0.287255 0.012085 0.014858
0 0.400391 0.025806 0.008789 0.018377
0 0.359375 0.564605 0.009766 0.009384
0 0.571484 0.268226 0.010938 0.016683
0 0.034009 0.292990 0.009619 0.017465
0 0.337500 0.351379 0.007617 0.013815
0 0.250000 0.252326 0.011914 0.016683
0 0.877344 0.314364 0.010938 0.011209
0 0.176758 0.046659 0.011035 0.016292
0 0.144531 0.009775 0.010547 0.010687
0 0.687109 0.016422 0.004687 0.005865
0 0.809375 0.611004 0.010156 0.015119
0 0.783594 0.585980 0.011328 0.013033
0 0.673047 0.666265 0.011719 0.009905
0 0.794531 0.899301 0.010547 0.013555
0 0.267969 0.984279 0.006836 0.011469
0 0.812500 0.476499 0.011719 0.013033
0 0.289844 0.202538 0.011133 0.016161
0 0.507812 0.545316 0.010938 0.011991
0 0.699219 0.637070 0.012109 0.015119
0 0.401563 0.068686 0.008789 0.009905
0 0.296484 0.283345 0.008398 0.015119
0 0.512500 0.638113 0.007422 0.010948
0 0.451563 0.197586 0.010547 0.012251
0 0.394531 0.438963 0.012500 0.013555
0 0.881250 0.378489 0.013281 0.013033
0 0.797656 0.349033 0.011328 0.008863
0 0.298438 0.510386 0.011328 0.015640
0 0.975000 0.577638 0.008594 0.012512
0 0.378320 0.382659 0.008203 0.009905
0 0.306250 0.285170 0.009180 0.016422
0 0.060791 0.017986 0.011719 0.013424
0 0.142578 0.030237 0.011719 0.014467
0 0.083496 0.152230 0.012598 0.012773
0 0.073730 0.103485 0.009717 0.011991
0 0.465625 0.434793 0.011328 0.012512
0 0.500000 0.693896 0.010547 0.010427
0 0.796875 0.618302 0.011328 0.008863
0 0.178125 0.010948 0.011328 0.015249
0 0.139258 0.153794 0.011719 0.013294
0 0.139063 0.237207 0.010449 0.015640
0 0.550781 0.188723 0.011328 0.010427
0 0.439844 0.016161 0.012109 0.015249
0 0.429688 0.632900 0.011719 0.014076
0 0.330078 0.222088 0.010352 0.008602
0 0.979688 0.721526 0.010937 0.013033
0 0.033911 0.959255 0.011963 0.012512
0 0.626953 0.549486 0.010938 0.015119
0 0.850000 0.216614 0.011719 0.015640
0 0.382031 0.400906 0.009961 0.012512
0 0.437500 0.005995 0.008203 0.010818
0 0.504688 0.867500 0.009766 0.016161
0 0.068750 0.234079 0.010498 0.011991
0 0.909375 0.314625 0.010156 0.010948
0 0.150586 0.406641 0.013867 0.009905
0 0.904688 0.110002 0.007812 0.010427
0 0.118164 0.034669 0.011426 0.011339
0 0.527734 0.142846 0.007031 0.009123
0 0.514844 0.902951 0.011328 0.014597
0 0.900000 0.085759 0.011719 0.014858
0 0.853125 0.952999 0.007812 0.009384
0 0.653125 0.787215 0.010937 0.014076
0 0.587500 0.110002 0.009375 0.013294
0 0.015491 0.551572 0.011163 0.009905
0 0.378125 0.646976 0.010156 0.009384
0 0.291211 0.512993 0.012109 0.019289
0 0.083984 0.701716 0.009521 0.018247
0 0.096973 0.125642 0.011182 0.019029
0 0.040625 0.717356 0.012817 0.014076
0 0.176563 0.054088 0.012109 0.018507
0 0.059863 0.544794 0.011670 0.013555
0 0.184570 0.657924 0.010645 0.017204
0 0.224805 0.465551 0.012891 0.013555
0 0.295703 0.278392 0.008789 0.015901
0 0.601562 0.378489 0.009375 0.014076
0 0.177441 0.506737 0.010547 0.009905
0 0.697656 0.625601 0.012891 0.011991
0 0.288281 0.799727 0.010937 0.015119
0 0.572656 0.128770 0.010156 0.013033
0 0.394727 0.075072 0.010547 0.013164
0 0.265234 0.478585 0.010742 0.011991
0 0.434375 0.808068 0.010547 0.013555
0 0.200781 0.018768 0.011816 0.011860
0 0.494531 0.661573 0.010547 0.011469
0 0.365234 0.411333 0.010156 0.013555
0 0.793750 0.825793 0.011719 0.015119
0 0.295117 0.154054 0.007422 0.008341
0 0.975781 0.533846 0.010937 0.014597
0 0.944531 0.065558 0.009375 0.016422
0 0.271875 0.192894 0.010547 0.016943
0 0.591406 0.511950 0.011328 0.014076
0 0.542188 0.719441 0.009766 0.010427
0 0.505469 0.693896 0.010547 0.012512
0 0.761719 0.833092 0.008984 0.015640
0 0.636719 0.039100 0.009375 0.009645
0 0.366211 0.327659 0.009375 0.014597
0 0.902344 0.091885 0.012500 0.011469
0 0.521875 0.486926 0.009375 0.014597
0 0.864844 0.955084 0.010938 0.006256
0 0.499219 0.019550 0.011328 0.014467
0 0.311328 0.911292 0.011914 0.015640
0 0.770313 0.322185 0.012109 0.011991
0 0.858594 0.955084 0.009375 0.006256
0 0.176465 0.801291 0.009180 0.011469
0 0.828125 0.955084 0.009375 0.005213
0 0.907812 0.073769 0.010938 0.009514
0 0.626563 0.972810 0.011328 0.012512
0 0.870313 0.942572 0.005469 0.007299
0 0.080566 0.206970 0.009863 0.016422
0 0.310937 0.265880 0.010352 0.013815
0 0.286328 0.795556 0.011914 0.016683
0 0.319922 0.363891 0.008594 0.009123
0 0.283008 0.546358 0.008594 0.009384
0 0.136914 0.316971 0.004395 0.004953
0 0.600781 0.398299 0.007422 0.008863
0 0.466016 0.068686 0.010156 0.012773
0 0.971094 0.291947 0.010938 0.013294
0 0.614844 0.412375 0.010547 0.016683
0 0.608203 0.420195 0.012500 0.014597
0 0.497266 0.801812 0.010938 0.011991
0 0.613281 0.417067 0.010547 0.015640
0 0.183594 0.575553 0.009082 0.014597
0 0.929688 0.803897 0.010156 0.010948
0 0.929688 0.631857 0.007031 0.007820
0 0.285156 0.173604 0.010742 0.014337
0 0.049634 0.229387 0.011670 0.013294
0 0.351562 0.247634 0.010352 0.011991
0 0.876562 0.963426 0.008594 0.015640
0 0.089355 0.219221 0.009717 0.016683
0 0.137891 0.241638 0.009082 0.014076
0 0.904688 0.447305 0.010156 0.008863
0 0.379297 0.766361 0.011719 0.014076
0 0.314063 0.990535 0.007422 0.007299
0 0.362891 0.564605 0.010156 0.010427
0 0.456250 0.010818 0.008984 0.017204
0 0.086182 0.643848 0.006348 0.009384
0 0.266797 0.493182 0.009570 0.016683
0 0.957813 0.587022 0.010156 0.012512
0 0.023816 0.194979 0.011597 0.016943
0 0.793750 0.604748 0.014062 0.013555
0 0.151367 0.510386 0.007910 0.010427
0 0.130176 0.442091 0.012109 0.011991
0 0.105273 0.494225 0.008887 0.016683
0 0.209961 0.656881 0.011719 0.014597
0 0.075000 0.253108 0.007275 0.011991
0 0.012262 0.593278 0.008606 0.011469
0 0.045850 0.699630 0.012280 0.014076
0 0.007068 0.820580 0.010565 0.015640
0 0.879688 0.967596 0.005469 0.009384
0 0.253516 0.362849 0.011133 0.014858
0 0.273242 0.986364 0.006641 0.014597
0 0.470703 0.118604 0.011719 0.015119
0 0.616406 0.309151 0.012109 0.012512
0 0.354688 0.023199 0.012500 0.014597
0 0.582031 0.519770 0.008984 0.016683
0 0.623438 0.509865 0.007422 0.010948
0 0.079102 0.142064 0.012988 0.015640
0 0.439063 0.093579 0.010156 0.010818
0 0.838281 0.955084 0.009375 0.006256
0 0.157227 0.353465 0.010352 0.015379
0 0.914062 0.312279 0.011719 0.011209
0 0.790625 0.917548 0.013281 0.013555
0 0.599219 0.375361 0.010547 0.014076
0 0.071143 0.833092 0.008496 0.009384
0 0.753125 0.606312 0.009766 0.010427
0 0.572656 0.603705 0.008984 0.015640
0 0.047510 0.274743 0.016919 0.019029
0 0.907812 0.101660 0.010156 0.010296
0 0.382031 0.763233 0.011133 0.011469
0 0.917188 0.616217 0.007031 0.008863
0 0.677344 0.666786 0.012109 0.011469
0 0.375391 0.420195 0.010742 0.017725
0 0.828906 0.371190 0.006250 0.008341
0 0.168359 0.359721 0.007227 0.015640
0 0.630859 0.046529 0.013281 0.012512
0 0.166895 0.504651 0.006250 0.008863
0 0.603906 0.421238 0.011328 0.011991
0 0.085254 0.127466 0.010889 0.017725
0 0.371875 0.609961 0.011523 0.014076
0 0.521094 0.698588 0.011328 0.010948
0 0.291016 0.139196 0.012500 0.011730
0 0.136328 0.526547 0.006348 0.009905
0 0.045654 0.270051 0.011792 0.016422
0 0.800781 0.350858 0.011328 0.010427
0 0.230664 0.602662 0.008203 0.018247
0 0.060156 0.260667 0.012305 0.011730
0 0.330469 0.103224 0.013867 0.014206
0 0.793750 0.570861 0.007422 0.014597
0 0.362500 0.327137 0.009570 0.016161
0 0.789844 0.550529 0.008984 0.011469
0 0.601562 0.369105 0.010547 0.015119
0 0.003198 0.836220 0.006396 0.013555
0 0.523438 0.161092 0.005859 0.008081
0 0.188477 0.996571 0.007324 0.006858
0 0.176465 0.069859 0.011914 0.013555
0 0.691406 0.988450 0.009766 0.013555
0 0.266406 0.428537 0.009180 0.017725
0 0.950000 0.370147 0.007031 0.010687
0 0.560938 0.241378 0.012891 0.011469
0 0.093945 0.955084 0.011279 0.012512
0 0.989844 0.799727 0.012500 0.013555
0 0.003729 0.037145 0.007458 0.008341
0 0.482812 0.314364 0.009766 0.009905
0 0.037451 0.218960 0.007935 0.016943
0 0.484375 0.897737 0.007422 0.008341
0 0.356250 0.249719 0.011133 0.013033
0 0.141406 0.864372 0.009766 0.008863
0 0.328516 0.685033 0.010352 0.014597
0 0.076465 0.127988 0.011035 0.016161
0 0.022681 0.707972 0.010791 0.009905
0 0.340625 0.087845 0.010742 0.016813
0 0.779297 0.927975 0.013281 0.016683
0 0.971875 0.833092 0.010156 0.014076
0 0.003946 0.095274 0.007892 0.010166
0 0.369922 0.401427 0.010937 0.014076
0 0.376563 0.610482 0.010742 0.014597
0 0.454688 0.071162 0.006641 0.012121
0 0.481250 0.290644 0.007031 0.009905
0 0.616406 0.318535 0.010547 0.011730
0 0.468750 0.705365 0.013672 0.017725
0 0.489062 0.898780 0.008203 0.007820
0 0.596875 0.289340 0.009375 0.009123
0 0.928906 0.674606 0.012500 0.013555
0 0.156641 0.266402 0.011816 0.011209
0 0.814062 0.788257 0.009375 0.013033
0 0.056934 0.277871 0.014551 0.017986
0 0.105176 0.431665 0.009180 0.008863
0 0.260938 0.594321 0.006055 0.008863
0 0.054785 0.203842 0.013672 0.021114
0 0.500781 0.414982 0.012109 0.014076
0 0.289453 0.142585 0.010742 0.010948
0 0.605469 0.241899 0.008203 0.015379
0 0.379297 0.023330 0.010156 0.015379
0 0.769531 0.693896 0.010938 0.016683
0 0.553906 0.653232 0.010547 0.013555
0 0.186328 0.590672 0.009668 0.009384
0 0.177148 0.016683 0.014844 0.016552
0 0.084863 0.143367 0.012793 0.015379
0 0.624219 0.235643 0.008203 0.011991
0 0.083154 0.186377 0.011230 0.015119
0 0.908594 0.448347 0.010938 0.008341
0 0.921094 0.573468 0.010937 0.009384
0 0.049878 0.210358 0.009326 0.014076
0 0.072754 0.205927 0.010205 0.013815
0 0.783594 0.507258 0.008203 0.008341
0 0.263281 0.944657 0.008594 0.011469
0 0.164551 0.075854 0.008594 0.011600
0 0.475000 0.969682 0.010547 0.013555
0 0.630469 0.546358 0.011328 0.015119
0 0.528906 0.598492 0.007812 0.008863
0 0.447656 0.050960 0.009375 0.010948
0 0.044458 0.713185 0.012646 0.015119
0 0.924219 0.605269 0.007812 0.011469
0 0.003516 0.533325 0.007033 0.014597
0 0.312109 0.532803 0.007617 0.008863
0 0.518750 0.016683 0.012500 0.018507
0 0.303125 0.739252 0.006836 0.007820
0 0.090723 0.128248 0.015039 0.020593
0 0.533203 0.270051 0.009375 0.011730
0 0.224609 0.057607 0.007422 0.009775
0 0.139063 0.997614 0.008301 0.004773
0 0.896875 0.198368 0.010156 0.008863
0 0.095703 0.935273 0.009961 0.012512
0 0.832813 0.952999 0.010156 0.007299
0 0.889844 0.113130 0.007812 0.008341
0 0.057715 0.067252 0.010986 0.013164
0 0.616406 0.742380 0.008203 0.015119
0 0.150293 0.993182 0.011523 0.013636
0 0.145117 0.338867 0.007715 0.007559
0 0.919531 0.551572 0.010938 0.012512
0 0.495313 0.021114 0.011328 0.013555
0 0.619141 0.307066 0.010938 0.010166
0 0.104004 0.507779 0.011914 0.014076
0 0.546875 0.655838 0.009766 0.012512
0 0.772656 0.894609 0.010937 0.014076
0 0.091016 0.502566 0.008984 0.015119
0 0.392773 0.620388 0.015234 0.020332
0 0.799609 0.616738 0.013281 0.013555
0 0.265234 0.455646 0.009766 0.016161
0 0.361133 0.322706 0.009766 0.014858
0 0.067383 0.957170 0.005664 0.007299
0 0.607031 0.103485 0.009766 0.013424
0 0.081738 0.175690 0.006445 0.007038
0 0.003175 0.072856 0.006349 0.008863
0 0.951563 0.679820 0.010156 0.013555
0 0.686719 0.016422 0.007812 0.010818
0 0.300391 0.112087 0.014648 0.017986
0 0.149023 0.280999 0.012012 0.014858
0 0.989063 0.667829 0.008594 0.012512
0 0.158301 0.014467 0.010742 0.009384
0 0.164648 0.036233 0.018652 0.017204
0 0.717969 0.940487 0.010938 0.011469
0 0.184473 0.642805 0.012891 0.019811
0 0.333984 0.278392 0.009961 0.012512
0 0.437500 0.081328 0.014062 0.016552
0 0.250000 0.961340 0.007422 0.011469
0 0.376563 0.103485 0.010547 0.014206
0 0.344922 0.347991 0.012109 0.013555
0 0.615625 0.003519 0.008984 0.007038
0 0.156641 0.017334 0.012988 0.011730
0 0.856250 0.942572 0.004687 0.007299
0 0.893750 0.414982 0.010937 0.009384
0 0.950781 0.431143 0.007812 0.008341
0 0.341406 0.080807 0.008984 0.016552
0 0.052246 0.235643 0.016162 0.015640
0 0.323438 0.353204 0.007617 0.014076
0 0.853125 0.310715 0.010156 0.014858
0 0.946875 0.058520 0.013281 0.015901
0 0.453906 0.016422 0.010937 0.012773
0 0.006055 0.796599 0.010498 0.008863
0 0.320508 0.457731 0.011328 0.014076
0 0.608594 0.237207 0.010938 0.015901
0 0.387500 0.378489 0.010352 0.015119
0 0.842188 0.941530 0.005469 0.008341
0 0.825000 0.621430 0.007812 0.012512
0 0.857813 0.587022 0.010156 0.013033
0 0.079199 0.118864 0.010400 0.015379
0 0.447656 0.088236 0.007031 0.009123
0 0.684766 0.197586 0.010156 0.009645
0 0.306641 0.125642 0.006055 0.008081
0 0.099658 0.504651 0.011816 0.014076
0 0.536328 0.462945 0.006250 0.009384
0 0.766406 0.783044 0.007031 0.007820
0 0.717187 0.144410 0.011719 0.013033
0 0.376172 0.269790 0.009180 0.016161
0 0.762500 0.932145 0.010547 0.009384