0 0.133008 0.809632 0.008105 0.013555
0 0.158008 0.811717 0.005371 0.011469
0 0.163086 0.812239 0.006738 0.010948
0 0.153320 0.811196 0.004199 0.011469
0 0.182422 0.915463 0.006738 0.008341
0 0.403125 0.604226 0.008008 0.007299
0 0.642969 0.312800 0.007812 0.011209
0 0.125195 0.813281 0.008301 0.010948
0 0.146875 0.810675 0.005859 0.010427
0 0.022437 0.854467 0.009082 0.009384
0 0.634375 0.348251 0.009766 0.009905
0 0.651953 0.321403 0.007812 0.008863
0 0.283594 0.697024 0.009766 0.010427
0 0.414844 0.383702 0.009766 0.013033
0 0.682422 0.555742 0.007812 0.006777
0 0.416406 0.246070 0.008594 0.009905
0 0.123633 0.205927 0.006152 0.009645
0 0.397656 0.179339 0.008789 0.009645
0 0.426953 0.723612 0.007031 0.008341
0 0.375391 0.836220 0.010352 0.011469
0 0.921875 0.428537 0.009375 0.011991
0 0.991406 0.343038 0.009375 0.010687
0 0.437109 0.244245 0.008594 0.011991
0 0.415625 0.177514 0.008984 0.010427
0 0.623438 0.545316 0.006250 0.011991
0 0.747656 0.961340 0.010547 0.011469
0 0.335547 0.680862 0.005664 0.011469
0 0.772266 0.216614 0.010938 0.011469
0 0.087598 0.411333 0.007471 0.011469
0 0.569531 0.518727 0.009766 0.010427
0 0.457031 0.223652 0.008203 0.010427
0 0.357422 0.656881 0.007422 0.008341
0 0.750781 0.988450 0.006641 0.009384
0 0.900000 0.205406 0.008594 0.012251
0 0.898438 0.463987 0.007031 0.009384
0 0.145898 0.851860 0.009863 0.013033
0 0.439063 0.144670 0.008203 0.008341
0 0.432813 0.336000 0.008203 0.011469
0 0.076465 0.314364 0.007666 0.010166
0 0.753125 0.917548 0.010937 0.012512
0 0.792188 0.940487 0.007422 0.009384
0 0.488281 0.596406 0.007812 0.009384
0 0.545313 0.856031 0.007422 0.009384
0 0.760938 0.830485 0.007812 0.007299
0 0.194727 0.836741 0.008691 0.013555
0 0.615625 0.446262 0.010547 0.010948
0 0.249609 0.588065 0.008398 0.008863
0 0.164355 0.897737 0.008984 0.008863
0 0.542188 0.214008 0.008984 0.009384
0 0.397266 0.393086 0.009375 0.010427
0 0.591797 0.593800 0.008594 0.009384
0 0.285156 0.944657 0.004688 0.008341
0 0.638281 0.363891 0.008594 0.014337
0 0.367188 0.303938 0.007617 0.013033
0 0.289453 0.297160 0.005273 0.007559
0 0.302734 0.786172 0.005664 0.007820
0 0.564063 0.320621 0.005469 0.005735
0 0.568359 0.737166 0.007812 0.010948
0 0.615234 0.713185 0.007812 0.011991
0 0.776563 0.229908 0.009766 0.009384
0 0.032935 0.853945 0.006494 0.008341
0 0.702734 0.628729 0.009375 0.008863
0 0.027026 0.081589 0.006152 0.009123
0 0.165234 0.238250 0.009082 0.012251
0 0.380664 0.397778 0.007812 0.009384
0 0.124902 0.804419 0.007617 0.010427
0 0.687891 0.430622 0.008594 0.009905
0 0.539844 0.789300 0.009766 0.008341
0 0.583203 0.678777 0.006250 0.008863
0 0.361133 0.669393 0.005469 0.008341
0 0.407031 0.711100 0.006641 0.011469
0 0.658984 0.662094 0.010937 0.013033
0 0.310547 0.797120 0.005273 0.006256
0 0.145703 0.009123 0.007520 0.013815
0 0.496094 0.063863 0.008203 0.006386
0 0.590234 0.518727 0.010937 0.012512
0 0.647266 0.590150 0.005469 0.009905
0 0.989063 0.197586 0.007031 0.010427
0 0.069727 0.360763 0.010742 0.016683
0 0.563672 0.839348 0.007812 0.008863
0 0.620313 0.447305 0.008984 0.008863
0 0.282813 0.380053 0.006641 0.007299
0 0.709766 0.405598 0.007812 0.008863
0 0.591406 0.590150 0.008594 0.007820
0 0.551562 0.631857 0.010937 0.008863
0 0.659766 0.580766 0.006250 0.006777
0 0.651563 0.328701 0.009766 0.006777
0 0.764453 0.585980 0.008594 0.010427
0 0.303516 0.429058 0.008594 0.011469
0 0.863281 0.727782 0.010938 0.010948
0 0.413672 0.063342 0.007031 0.007950
0 0.524219 0.863851 0.006641 0.009384
0 0.650781 0.601620 0.008984 0.011469
0 0.589063 0.937359 0.005859 0.008341
0 0.871875 0.811196 0.009375 0.013033
0 0.856250 0.685033 0.008594 0.010427
0 0.918750 0.377967 0.009375 0.013555
0 0.294727 0.510907 0.009766 0.014076
0 0.888281 0.202799 0.009375 0.011991
0 0.428516 0.755934 0.008594 0.008341
0 0.131836 0.522898 0.008496 0.011469
0 0.537891 0.827879 0.007812 0.013033
0 0.683594 0.362067 0.007812 0.007299
0 0.007373 0.897737 0.009399 0.010427
0 0.113770 0.813281 0.005273 0.014076
0 0.688281 0.485883 0.008984 0.011991
0 0.072949 0.253890 0.004688 0.008081
0 0.682813 0.694417 0.008203 0.009905
0 0.247266 0.646454 0.009375 0.010948
0 0.803125 0.808589 0.010938 0.012512
0 0.647656 0.329223 0.005859 0.007820
0 0.132812 0.743422 0.010742 0.010427
0 0.601562 0.919633 0.008594 0.010427
0 0.770312 0.847689 0.009766 0.008863
0 0.702344 0.530718 0.007031 0.006777
0 0.644531 0.454082 0.009766 0.013555
0 0.345313 0.820059 0.008789 0.015640
0 0.846875 0.183510 0.010156 0.010687
0 0.664844 0.722569 0.007031 0.006777
0 0.190625 0.079112 0.008496 0.008341
0 0.493750 0.688161 0.008984 0.009384
0 0.537500 0.546880 0.007422 0.011469
0 0.058398 0.763233 0.009961 0.009384
0 0.625781 0.653753 0.007031 0.009905
0 0.524219 0.535932 0.006641 0.009384
0 0.562500 0.204363 0.007422 0.009384
0 0.087793 0.477542 0.008496 0.011469
0 0.427344 0.592236 0.011328 0.012512
0 0.562891 0.790343 0.007812 0.010948
0 0.525000 0.737166 0.007422 0.010427
0 0.937500 0.150926 0.008594 0.010948
0 0.401172 0.373275 0.008789 0.009384
0 0.045898 0.993663 0.011133 0.012512
0 0.991406 0.356593 0.007812 0.009645
0 0.426172 0.318274 0.009375 0.013555
0 0.508594 0.165784 0.010547 0.012773
0 0.021216 0.399863 0.011340 0.012512
0 0.091602 0.822665 0.005127 0.006777
0 0.596094 0.565126 0.008594 0.008341
0 0.451953 0.029455 0.009375 0.008732
0 0.657031 0.335218 0.007422 0.011469
0 0.503125 0.762190 0.010547 0.014597
0 0.167187 0.263013 0.004980 0.007299
0 0.699609 0.473371 0.007031 0.009905
0 0.770313 0.204102 0.007031 0.008341
0 0.615625 0.078982 0.006641 0.007429
0 0.642969 0.307326 0.008203 0.010948
0 0.256055 0.994225 0.008984 0.011550
0 0.733594 0.672521 0.007812 0.007299
0 0.629297 0.431665 0.007812 0.007820
0 0.136426 0.955084 0.006250 0.011469
0 0.130664 0.204624 0.007129 0.015119
0 0.200781 0.268748 0.007227 0.012512
0 0.696875 0.548443 0.008984 0.010948
0 0.425000 0.661052 0.008203 0.011991
0 0.952344 0.391001 0.009375 0.008863
0 0.930469 0.932145 0.007812 0.009384
0 0.546094 0.819537 0.006641 0.009905
0 0.278125 0.480670 0.010156 0.009905
0 0.632422 0.597449 0.009375 0.014076
0 0.481250 0.587022 0.007422 0.009905
0 0.513281 0.580766 0.009375 0.005735
0 0.156152 0.034147 0.007422 0.010427
0 0.904688 0.249719 0.010156 0.012251
0 0.601172 0.545837 0.007812 0.016683
0 0.862500 0.450954 0.008594 0.012512
0 0.334180 0.573468 0.008594 0.008863
0 0.139746 0.454082 0.009180 0.010427
0 0.814844 0.142846 0.009375 0.011730
0 0.684375 0.377967 0.007422 0.011469
0 0.533594 0.569818 0.009766 0.010427
0 0.846875 0.852903 0.008594 0.009905
0 0.564844 0.487447 0.008984 0.008341
0 0.136719 0.221046 0.009277 0.015640
0 0.115430 0.401427 0.009668 0.010948
0 0.571484 0.941530 0.007812 0.008341
0 0.861719 0.481713 0.006250 0.010427
0 0.981250 0.901908 0.008594 0.011991
0 0.151563 0.247634 0.008789 0.007559
0 0.641406 0.354768 0.008984 0.007299
0 0.338477 0.680862 0.006250 0.013033
0 0.678906 0.220003 0.007031 0.008602
0 0.557422 0.218960 0.010156 0.010948
0 0.825000 0.990535 0.008594 0.011469
0 0.501563 0.694938 0.007812 0.011469
0 0.821875 0.938401 0.010156 0.015640
0 0.092090 0.364413 0.010107 0.010427
0 0.490625 0.071162 0.006641 0.007690
0 0.619141 0.712142 0.009375 0.012512
0 0.591406 0.656360 0.008594 0.006256
0 0.276953 0.831007 0.007617 0.007299
0 0.512109 0.702758 0.007031 0.009905
0 0.828125 0.735081 0.010156 0.010948
0 0.442187 0.234079 0.008984 0.011730
0 0.171289 0.834135 0.006348 0.011991
0 0.574219 0.528633 0.009766 0.011991
0 0.437500 0.134504 0.008203 0.010166
0 0.574219 0.789300 0.006641 0.008341
0 0.903125 0.993663 0.010156 0.012512
0 0.039648 0.775745 0.011084 0.013033
0 0.090332 0.752806 0.011230 0.014076
0 0.148242 0.230169 0.008984 0.010948
0 0.052881 0.389958 0.009473 0.008863
0 0.701563 0.451475 0.008984 0.013555
0 0.714453 0.997353 0.007031 0.005294
0 0.571875 0.330526 0.005078 0.009645
0 0.540234 0.051351 0.010156 0.010036
0 0.564063 0.568254 0.011328 0.011991
0 0.857813 0.210098 0.011719 0.015901
0 0.791016 0.126684 0.007812 0.010166
0 0.441406 0.413939 0.008203 0.009384
0 0.517578 0.589108 0.007812 0.009905
0 0.293750 0.371190 0.008398 0.011730
0 0.260742 0.387873 0.005859 0.009384
0 0.039453 0.342517 0.011304 0.011730
0 0.492969 0.603705 0.007422 0.008341
0 0.407031 0.072856 0.007812 0.008863
0 0.052539 0.266402 0.010962 0.011730
0 0.926563 0.343559 0.008594 0.011209
0 0.936719 0.978023 0.010937 0.012512
0 0.260547 0.889396 0.006836 0.007299
0 0.415234 0.713185 0.004687 0.006777
0 0.201562 0.146495 0.009082 0.009645
0 0.472656 0.212183 0.008203 0.009645
0 0.269141 0.870628 0.007812 0.014076
0 0.144434 0.410811 0.006445 0.011469
0 0.624219 0.541145 0.007422 0.013033
0 0.295703 0.996571 0.007617 0.006858
0 0.533594 0.749157 0.007422 0.008341
0 0.853125 0.046790 0.007031 0.007299
0 0.362109 0.898780 0.007812 0.008863
0 0.516016 0.690246 0.005469 0.007820
0 0.345313 0.680341 0.008398 0.008341
0 0.554297 0.821101 0.007031 0.007299
0 0.653125 0.930060 0.004688 0.008341
0 0.408594 0.185595 0.008203 0.008602
0 0.122070 0.988450 0.009473 0.009384
0 0.420703 0.822665 0.011719 0.011991
0 0.216016 0.881055 0.005273 0.005735
0 0.346484 0.772096 0.009766 0.012512
0 0.657813 0.779916 0.006641 0.005735
0 0.208984 0.736124 0.010156 0.015640
0 0.926563 0.282824 0.008594 0.015119
0 0.690625 0.594321 0.008594 0.007820
0 0.589844 0.493182 0.010547 0.010948
0 0.971094 0.292990 0.010938 0.012773
0 0.747656 0.973852 0.009766 0.009384
0 0.179492 0.243202 0.010840 0.012512
0 0.646094 0.647497 0.010547 0.009905
0 0.129492 0.013946 0.007129 0.011730
0 0.166602 0.834135 0.007715 0.011991
0 0.478906 0.946743 0.008594 0.008341
0 0.744922 0.936316 0.007812 0.016683
0 0.314063 0.857073 0.007422 0.007820
0 0.336523 0.580766 0.010156 0.008863
0 0.117969 0.823187 0.008789 0.008341
0 0.551562 0.334436 0.009375 0.010948
0 0.456250 0.223652 0.005078 0.005995
0 0.664062 0.278392 0.010938 0.011209
0 0.648438 0.354768 0.006641 0.006256
0 0.929688 0.935273 0.009375 0.010427
0 0.715625 0.868543 0.011328 0.010948
0 0.304688 0.645412 0.010156 0.014076
0 0.063965 0.055261 0.008838 0.010036
0 0.369141 0.286212 0.008594 0.016161
0 0.975000 0.344602 0.008594 0.009384
0 0.351562 0.670436 0.006836 0.008341
0 0.108008 0.438963 0.007520 0.009905
0 0.513281 0.666265 0.009375 0.010427
0 0.547656 0.516642 0.009766 0.010427
0 0.016333 0.905036 0.008893 0.009905
0 0.984375 0.049005 0.010156 0.012642
0 0.920313 0.940487 0.007812 0.009384
0 0.560156 0.569818 0.011328 0.012512
0 0.561328 0.566169 0.010937 0.009905
0 0.615625 0.533846 0.008203 0.012512
0 0.888281 0.806504 0.007812 0.008341
0 0.704688 0.614653 0.008203 0.011469
0 0.944531 0.086281 0.010937 0.013164
0 0.148828 0.291947 0.006934 0.012773
0 0.357031 0.907121 0.008984 0.009384
0 0.838281 0.868021 0.012500 0.012512
0 0.327930 0.421238 0.010547 0.011991
0 0.585938 0.320621 0.008594 0.015379
0 0.542188 0.151448 0.008594 0.011991
0 0.619531 0.869585 0.008984 0.010948
0 0.382227 0.021375 0.010547 0.013685
0 0.245703 0.996049 0.009570 0.007901
0 0.397461 0.077157 0.008203 0.010818
0 0.190039 0.903993 0.008496 0.009905
0 0.627344 0.106873 0.009375 0.009645
0 0.187891 0.543752 0.008105 0.009384
0 0.267773 0.485362 0.005859 0.008341
0 0.044238 0.288819 0.010718 0.012773
0 0.108008 0.442613 0.009277 0.012512
0 0.573438 0.673564 0.007422 0.010948
0 0.201953 0.088627 0.008789 0.007559
0 0.666406 0.381617 0.009766 0.008863
0 0.541406 0.246070 0.006641 0.006777
0 0.144922 0.398299 0.007031 0.009905
0 0.026953 0.036493 0.006274 0.009254
0 0.934375 0.351379 0.008594 0.011991
0 0.037500 0.396735 0.008008 0.008341
0 0.650000 0.596406 0.009375 0.011991
0 0.590625 0.663137 0.008984 0.007820
0 0.901563 0.434793 0.011719 0.009384
0 0.319531 0.946743 0.006445 0.006256
0 0.589063 0.877927 0.008203 0.010427
0 0.945312 0.959255 0.010156 0.012512
0 0.815625 0.995267 0.007031 0.009465
0 0.635156 0.895131 0.008594 0.011469
0 0.346875 0.378489 0.008984 0.013033
0 0.634375 0.402470 0.009766 0.013033
0 0.436719 0.263534 0.005859 0.008863
0 0.434375 0.616217 0.009375 0.015119
0 0.026147 0.046920 0.006738 0.008081
0 0.208594 0.030237 0.010156 0.009254
0 0.464844 0.613610 0.010156 0.008341
0 0.476562 0.506737 0.007812 0.007820
0 0.446484 0.777309 0.010156 0.011469
0 0.088965 0.447305 0.007080 0.007820
0 0.282813 0.997353 0.007227 0.005294
0 0.140820 0.872713 0.008691 0.011991
0 0.306641 0.653753 0.008789 0.015119
0 0.694531 0.414982 0.006641 0.007299
0 0.002173 0.873756 0.004346 0.013033
0 0.475000 0.135026 0.008203 0.012773
0 0.322266 0.819016 0.009180 0.008341
0 0.156250 0.014337 0.009473 0.010296
0 0.007495 0.967596 0.007690 0.013555
0 0.437109 0.335739 0.010938 0.011469
0 0.566016 0.581809 0.007812 0.008341
0 0.018042 0.397257 0.007922 0.008863
0 0.995313 0.997614 0.007812 0.004773
0 0.669531 0.453561 0.010156 0.013033
0 0.792188 0.578160 0.008984 0.008341
0 0.372852 0.397257 0.007422 0.007820
0 0.203516 0.822144 0.004297 0.006256
0 0.795313 0.577117 0.007031 0.009384
0 0.111914 0.876884 0.007129 0.010948
0 0.588281 0.399342 0.008203 0.013555
0 0.422656 0.579724 0.006641 0.006777
0 0.466797 0.972810 0.006250 0.008341
0 0.404297 0.753849 0.006250 0.007299
0 0.492969 0.064385 0.006641 0.006908
0 0.121484 0.112608 0.007520 0.008602
0 0.020093 0.804940 0.007532 0.008863
0 0.659375 0.603184 0.005859 0.010427
0 0.525000 0.752806 0.008984 0.010948
0 0.563281 0.528112 0.008203 0.013555
0 0.819531 0.119907 0.007812 0.008602
0 0.647656 0.779916 0.006250 0.007820
0 0.363477 0.350858 0.010547 0.017986
0 0.664062 0.421759 0.010938 0.013555
0 0.134961 0.731953 0.008203 0.009905
0 0.096289 0.197586 0.009424 0.007820
0 0.971094 0.962383 0.009375 0.010427
0 0.856250 0.712142 0.010938 0.009905
0 0.336328 0.211401 0.009180 0.009905
0 0.896875 0.485362 0.008594 0.010427
0 0.239844 0.882619 0.009180 0.008341
0 0.692969 0.371190 0.007422 0.011209
0 0.060352 0.952999 0.009229 0.009384
0 0.808594 0.273179 0.007812 0.008081
0 0.837500 0.789821 0.008594 0.014597
0 0.895313 0.261449 0.009375 0.010427
0 0.653906 0.570340 0.005078 0.007299
0 0.335156 0.450954 0.011914 0.014597
0 0.593750 0.829964 0.009375 0.012512
0 0.281641 0.604748 0.008008 0.013033
0 0.987500 0.478063 0.008594 0.009384
0 0.720703 0.321142 0.006250 0.007299
0 0.576953 0.951956 0.008594 0.010427
0 0.326367 0.603705 0.010937 0.009905
0 0.700781 0.561998 0.006641 0.007820
0 0.104590 0.545316 0.006250 0.008863
0 0.882812 0.704844 0.010938 0.010948
0 0.153223 0.409247 0.010352 0.011469
0 0.878125 0.220003 0.010156 0.012251
0 0.445312 0.831007 0.010156 0.010948
0 0.691406 0.664180 0.009375 0.008863
0 0.562500 0.936316 0.008984 0.015640
0 0.153613 0.251283 0.009570 0.010427
0 0.539453 0.555742 0.010156 0.008863
0 0.114453 0.448347 0.008301 0.007820
0 0.535547 0.154836 0.007812 0.008341
0 0.346094 0.893045 0.008594 0.010427
0 0.251172 0.832049 0.006836 0.006777
0 0.945312 0.185074 0.008594 0.009123
0 0.028174 0.743422 0.010986 0.010427
0 0.267383 0.851860 0.008203 0.011991
0 0.553906 0.831007 0.007031 0.008341
0 0.977344 0.403513 0.006250 0.007820
0 0.291602 0.885225 0.010156 0.013033
0 0.553906 0.457210 0.008984 0.008341
0 0.338672 0.572425 0.010156 0.007820
0 0.540625 0.364413 0.007422 0.010687
0 0.867188 0.372754 0.010156 0.009384
0 0.257422 0.821623 0.007617 0.009905
0 0.635156 0.309151 0.008203 0.011730
0 0.114453 0.831007 0.004785 0.014597
0 0.576172 0.581809 0.008594 0.008341
0 0.947656 0.222088 0.007812 0.008081
0 0.879688 0.722569 0.006250 0.008341
0 0.871094 0.646976 0.007812 0.008341
0 0.286719 0.422281 0.008008 0.012512
0 0.162793 0.178818 0.008008 0.012773
0 0.518750 0.854467 0.007422 0.010427
0 0.590625 0.412897 0.008203 0.008863
0 0.026392 0.119907 0.006299 0.008341
0 0.575781 0.831007 0.007812 0.007299
0 0.812500 0.331308 0.007812 0.010427
0 0.864063 0.262752 0.008594 0.008081
0 0.826563 0.471286 0.007031 0.008341
0 0.420313 0.672521 0.007422 0.006777
0 0.064209 0.952999 0.009863 0.009384
0 0.940625 0.294293 0.009375 0.009905
0 0.374219 0.571382 0.006836 0.007820
0 0.326367 0.482755 0.012500 0.011991
0 0.528125 0.587022 0.010156 0.009384
0 0.060059 0.923804 0.008740 0.009384
0 0.669922 0.284909 0.007812 0.010948
0 0.122852 0.193936 0.006836 0.010948
0 0.221484 0.823708 0.007227 0.007299
0 0.344922 0.946743 0.006250 0.007299
0 0.589063 0.576596 0.009766 0.013033
0 0.714844 0.304459 0.009375 0.008341
0 0.276367 0.385787 0.006641 0.009384
0 0.417578 0.746550 0.006250 0.009384
0 0.252344 0.955084 0.008398 0.009384
0 0.717187 0.513514 0.005859 0.008341
0 0.404297 0.653753 0.008594 0.011469
0 0.235938 0.913377 0.010156 0.014597
0 0.526563 0.923804 0.008984 0.010427
0 0.369531 0.124078 0.009375 0.015901
0 0.520312 0.521334 0.008203 0.013555
0 0.253125 0.148580 0.009961 0.008341
0 0.129980 0.209055 0.007812 0.011469
0 0.505469 0.429579 0.006641 0.008863
0 0.449219 0.216875 0.008984 0.012251
0 0.623437 0.296118 0.005859 0.009123
0 0.487891 0.520813 0.009375 0.012512
0 0.166992 0.880012 0.005371 0.006777
0 0.666406 0.773139 0.006641 0.007299
0 0.915625 0.007950 0.010938 0.013294
0 0.219336 0.504651 0.008203 0.013033
0 0.448438 0.705886 0.007422 0.009384
0 0.133594 0.713706 0.006641 0.007299
0 0.063770 0.308890 0.008057 0.010948
0 0.133984 0.180903 0.006641 0.007559
0 0.889063 0.469722 0.009375 0.012512
0 0.521094 0.212704 0.010156 0.012773
0 0.565625 0.421238 0.008984 0.008863
0 0.510156 0.446262 0.005469 0.006777
0 0.088135 0.540102 0.008203 0.008863
0 0.051611 0.221046 0.009570 0.009123
0 0.844531 0.816931 0.009375 0.014597
0 0.785547 0.296118 0.007031 0.006256
0 0.444531 0.669393 0.007422 0.010427
0 0.986719 0.468158 0.009375 0.010427
0 0.627344 0.419153 0.008984 0.016161
0 0.992188 0.342517 0.005469 0.007038
0 0.514844 0.238250 0.005469 0.006256
0 0.172461 0.670436 0.008887 0.008863
0 0.575000 0.278392 0.007422 0.014858
0 0.837500 0.485883 0.007031 0.011991
0 0.613281 0.880533 0.008203 0.011469
0 0.818750 0.220524 0.009375 0.012773
0 0.383398 0.330526 0.011328 0.012773
0 0.799219 0.280478 0.007422 0.010166
0 0.601562 0.038188 0.007031 0.006517
0 0.047461 0.257018 0.008789 0.008602
0 0.582812 0.894609 0.008984 0.008863
0 0.736719 0.300288 0.009375 0.013294
0 0.347266 0.935273 0.008008 0.010427
0 0.996289 0.151708 0.007422 0.015119
0 0.569141 0.662094 0.007031 0.011991
0 0.564063 0.506737 0.010938 0.009384
0 0.279687 0.016683 0.011328 0.012773
0 0.571875 0.844561 0.008203 0.008341
0 0.521875 0.347209 0.007812 0.005474
0 0.193848 0.078461 0.009961 0.008341
0 0.214844 0.865415 0.005664 0.006777
0 0.920313 0.639677 0.008594 0.010427
0 0.927344 0.600577 0.010938 0.011991
0 0.723438 0.201235 0.009766 0.012773
0 0.159180 0.947785 0.009277 0.010427
0 0.484375 0.073117 0.008984 0.009384
0 0.929688 0.132419 0.010156 0.010687
0 0.587500 0.589108 0.008203 0.008341
0 0.976562 0.913377 0.010156 0.009384
0 0.489063 0.748636 0.007812 0.007299
0 0.903125 0.191330 0.010156 0.014597
0 0.848438 0.722569 0.006250 0.009905
0 0.663672 0.555221 0.007812 0.011469
0 0.879688 0.153794 0.009375 0.012251
0 0.088916 0.529154 0.006445 0.009384
0 0.463672 0.585980 0.007812 0.011991
0 0.189844 0.997614 0.007617 0.004773
0 0.356641 0.045356 0.007617 0.013294
0 0.517188 0.564605 0.005078 0.007299
0 0.997852 0.204363 0.004297 0.005213
0 0.625000 0.431665 0.012109 0.012512