0 0.260938 0.829443 0.006641 0.008341
0 0.479688 0.570861 0.006641 0.009384
0 0.545313 0.813281 0.005469 0.008341
0 0.310937 0.595885 0.005273 0.006256
0 0.666406 0.845604 0.006641 0.009905
0 0.312891 0.549486 0.008594 0.016161
0 0.146973 0.595364 0.008594 0.008863
0 0.395898 0.019420 0.008203 0.015901
0 0.246094 0.159268 0.009180 0.012512
0 0.063672 0.769489 0.008936 0.010948
0 0.359180 0.963426 0.008594 0.011469
0 0.424609 0.412897 0.006250 0.013033
0 0.289453 0.828921 0.005664 0.009905
0 0.283398 0.428015 0.010547 0.011469
0 0.914062 0.698588 0.007031 0.008341
0 0.895313 0.527590 0.008594 0.010948
0 0.882812 0.618302 0.008594 0.013033
0 0.039453 0.112608 0.006836 0.007559
0 0.887500 0.850817 0.003125 0.004171
0 0.658594 0.246070 0.006641 0.006517
0 0.839063 0.087584 0.009375 0.011209
0 0.284766 0.828921 0.004297 0.010948
0 0.502344 0.971767 0.005078 0.007299
0 0.471875 0.101399 0.008984 0.009775
0 0.538672 0.527590 0.007812 0.010948
0 0.145605 0.014858 0.006641 0.007690
0 0.278906 0.827879 0.004297 0.011469
0 0.073828 0.764276 0.006445 0.007820
0 0.470703 0.559913 0.009375 0.015119
0 0.120898 0.159528 0.011621 0.014076
0 0.035840 0.084977 0.008057 0.010818
0 0.841406 0.521334 0.009375 0.007820
0 0.148828 0.934231 0.011621 0.016683
0 0.563672 0.442091 0.010938 0.015119
0 0.938281 0.473371 0.007812 0.009905
0 0.623438 0.168391 0.010547 0.011209
0 0.584375 0.512993 0.008203 0.009905
0 0.576953 0.043792 0.009375 0.016813
0 0.551953 0.811717 0.006250 0.009384
0 0.501563 0.992620 0.012109 0.013555
0 0.639844 0.325834 0.009375 0.013294
0 0.329297 0.944658 0.007617 0.010427
0 0.305078 0.245027 0.005469 0.007559
0 0.703516 0.988450 0.004688 0.006256
0 0.082715 0.365977 0.011279 0.013555
0 0.198535 0.211662 0.007617 0.009123
0 0.316016 0.219482 0.005664 0.007038
0 0.080225 0.418110 0.007129 0.011469
0 0.123242 0.176732 0.010254 0.012251
0 0.669531 0.845604 0.010547 0.010948
0 0.595703 0.370147 0.006250 0.007299
0 0.627344 0.829964 0.008594 0.009384
0 0.905469 0.012642 0.006250 0.007820
0 0.045801 0.767404 0.009180 0.014076
0 0.254492 0.175690 0.008203 0.009645
0 0.657813 0.827357 0.008203 0.015640
0 0.144336 0.845083 0.008301 0.016683
0 0.073242 0.697024 0.010645 0.010427
0 0.496094 0.178296 0.005859 0.009123
0 0.533984 0.181946 0.007031 0.007559
0 0.070166 0.662094 0.011035 0.016161
0 0.531250 0.994485 0.007812 0.011029
0 0.065820 0.043140 0.007275 0.008863
0 0.438281 0.886268 0.012109 0.015119
0 0.699219 0.860201 0.009375 0.016683
0 0.592578 0.164742 0.005469 0.007559
0 0.251758 0.829964 0.008984 0.009384
0 0.574219 0.516121 0.010938 0.013033
0 0.434375 0.185074 0.009375 0.013294
0 0.301172 0.218700 0.010352 0.011469
0 0.420703 0.427494 0.009375 0.013033
0 0.861719 0.812239 0.006250 0.008863
0 0.111816 0.124338 0.008984 0.013033
0 0.591406 0.613089 0.005078 0.007820
0 0.632812 0.192372 0.008984 0.015379
0 0.415625 0.761148 0.008984 0.013555
0 0.878125 0.601098 0.010156 0.009384
0 0.169531 0.938401 0.009473 0.012512
0 0.795313 0.221828 0.010547 0.011991
0 0.532031 0.199671 0.009766 0.009123
0 0.625781 0.450433 0.012500 0.013033
0 0.780469 0.342517 0.007422 0.013033
0 0.577344 0.487969 0.009375 0.009384
0 0.416406 0.770011 0.007422 0.010427
0 0.329688 0.358939 0.009180 0.011469
0 0.157227 0.848732 0.009277 0.009905
0 0.273828 0.828921 0.007031 0.010948
0 0.486328 0.177254 0.011719 0.015640
0 0.294531 0.389958 0.006836 0.007820
0 0.060547 0.008863 0.009814 0.011600
0 0.168555 0.838305 0.007812 0.008863
0 0.221875 0.621430 0.010742 0.011991
0 0.414844 0.067773 0.009766 0.011991
0 0.564453 0.496310 0.008594 0.010427
0 0.901563 0.911292 0.012500 0.013555
0 0.578125 0.809632 0.008203 0.010427
0 0.407031 0.770532 0.010547 0.015119
0 0.578125 0.234600 0.008203 0.011209
0 0.899219 0.550008 0.007812 0.012512
0 0.175977 0.375361 0.012598 0.012512
0 0.584375 0.882619 0.008203 0.009384
0 0.215625 0.100617 0.010742 0.012382
0 0.555469 0.562520 0.005859 0.009384
0 0.402344 0.798684 0.010156 0.009905
0 0.427344 0.351901 0.010547 0.013815
0 0.300391 0.475457 0.011719 0.011991
0 0.432813 0.821101 0.012109 0.012512
0 0.632422 0.639156 0.008594 0.011991
0 0.779297 0.368583 0.010938 0.012512
0 0.079395 0.795556 0.008545 0.016683
0 0.739844 0.153794 0.006250 0.007299
0 0.251758 0.821623 0.007422 0.006777
0 0.583594 0.680862 0.008984 0.011469
0 0.482813 0.931103 0.008984 0.012512
0 0.250391 0.210619 0.007617 0.011469
0 0.550781 0.675128 0.012109 0.011469
0 0.032300 0.425930 0.010254 0.012512
0 0.357812 0.561998 0.006641 0.007820
0 0.124609 0.023851 0.008105 0.014337
0 0.320703 0.587544 0.010937 0.014597
0 0.658594 0.327398 0.010547 0.015640
0 0.021936 0.422281 0.010034 0.009905
0 0.546094 0.674085 0.008984 0.010427
0 0.172461 0.552614 0.009375 0.013555
0 0.659766 0.131898 0.009375 0.013294
0 0.526172 0.354507 0.006250 0.007559
0 0.261719 0.824751 0.007422 0.011991
0 0.909375 0.492139 0.011719 0.015119
0 0.550391 0.147798 0.007031 0.008863
0 0.120703 0.407683 0.009277 0.011991
0 0.314648 0.736124 0.009375 0.011469
0 0.520703 0.671478 0.005469 0.006777
0 0.919531 0.244506 0.007812 0.010687
0 0.254297 0.196022 0.005859 0.007299
0 0.072363 0.677734 0.005859 0.008341
0 0.209570 0.729868 0.005078 0.006777
0 0.587500 0.680341 0.009766 0.010427
0 0.345703 0.367541 0.010937 0.014858
0 0.232422 0.089930 0.008398 0.009775
0 0.093164 0.411854 0.006201 0.008863
0 0.945312 0.405077 0.006250 0.007299
0 0.311133 0.948828 0.005859 0.007299
0 0.713281 0.840391 0.007422 0.008863
0 0.765625 0.995267 0.009766 0.009465
0 0.626563 0.695460 0.012109 0.014597
0 0.317578 0.434793 0.006445 0.008863
0 0.283984 0.458253 0.010938 0.015640
0 0.295312 0.218960 0.009180 0.011991
0 0.503906 0.620388 0.009766 0.015640
0 0.571875 0.477021 0.011328 0.015640
0 0.509375 0.766883 0.008984 0.013555
0 0.571875 0.512993 0.009766 0.011991
0 0.191016 0.272136 0.009863 0.011209
0 0.839063 0.514036 0.007031 0.008863
0 0.306641 0.935273 0.007227 0.012512
0 0.314844 0.583894 0.011914 0.014597
0 0.936719 0.036102 0.012500 0.016683
0 0.586719 0.803897 0.008203 0.016161
0 0.879688 0.030498 0.005469 0.009514
0 0.233594 0.473371 0.010547 0.010427
0 0.070410 0.782001 0.010693 0.010427
0 0.088281 0.822665 0.007764 0.010427
0 0.650391 0.501523 0.007031 0.009905
0 0.989844 0.171519 0.004687 0.006517
0 0.187109 0.607876 0.007813 0.010948
0 0.166016 0.567212 0.010059 0.012512
0 0.388281 0.012642 0.008594 0.012251
0 0.747656 0.803897 0.008984 0.016683
0 0.151758 0.464509 0.007715 0.009384
0 0.348438 0.839348 0.010547 0.009905
0 0.386719 0.061517 0.005859 0.008341
0 0.233203 0.771053 0.010156 0.017725
0 0.325977 0.298203 0.007422 0.008081
0 0.882812 0.648018 0.007031 0.007299
0 0.907812 0.138675 0.007031 0.007038
0 0.846094 0.063342 0.010938 0.012382
0 0.030884 0.421238 0.011975 0.014597
0 0.780859 0.721526 0.007812 0.011469
0 0.096094 0.273179 0.006885 0.007559
0 0.330273 0.005507 0.008984 0.011013
0 0.553516 0.707450 0.010937 0.013555
0 0.251563 0.272918 0.007031 0.007820
0 0.559375 0.008863 0.010547 0.011991
0 0.182129 0.797120 0.008594 0.014597
0 0.172461 0.240335 0.006250 0.007559
0 0.651953 0.917548 0.009375 0.011469
0 0.232422 0.495789 0.008594 0.017725
0 0.516406 0.273961 0.009766 0.014076
0 0.952344 0.249198 0.010937 0.015640
0 0.667969 0.014337 0.006641 0.008993
0 0.960938 0.164481 0.005469 0.006777
0 0.123340 0.435835 0.010742 0.017725
0 0.901563 0.921719 0.009375 0.007299
0 0.773828 0.691289 0.006250 0.007820
0 0.497266 0.991578 0.010156 0.012512
0 0.856250 0.395171 0.012500 0.014597
0 0.996484 0.381617 0.007031 0.006777
0 0.383203 0.039882 0.010352 0.009384
0 0.940625 0.384745 0.010156 0.014076
0 0.085156 0.019289 0.010059 0.011600
0 0.907812 0.856031 0.007031 0.007820
0 0.432813 0.997614 0.007812 0.004773
0 0.574219 0.609961 0.006641 0.009905
0 0.921875 0.732474 0.010156 0.009384
0 0.206250 0.222088 0.008008 0.012251
0 0.479688 0.564605 0.007422 0.014597
0 0.076270 0.084456 0.007666 0.009514
0 0.677344 0.212704 0.005859 0.007038
0 0.709375 0.063472 0.009766 0.011730
0 0.113379 0.623516 0.007031 0.008341
0 0.900000 0.021635 0.007031 0.008472
0 0.320312 0.735602 0.010742 0.011469
0 0.879688 0.361545 0.005469 0.007820
0 0.928125 0.285170 0.010156 0.013555
0 0.669141 0.643848 0.007031 0.010427
0 0.079541 0.685033 0.010254 0.010948
0 0.126562 0.100096 0.010742 0.012251
0 0.843750 0.857073 0.007812 0.013033
0 0.839844 0.592236 0.010938 0.011991
0 0.760938 0.345123 0.005469 0.007559
0 0.934375 0.486926 0.009375 0.013033
0 0.535937 0.956127 0.005078 0.006256
0 0.642969 0.458253 0.010547 0.012512
0 0.560937 0.218960 0.005859 0.008081
0 0.667188 0.871671 0.005078 0.007299
0 0.695703 0.921719 0.009375 0.010427
0 0.601953 0.548443 0.008594 0.009905
0 0.608594 0.171519 0.009766 0.009645
0 0.783594 0.720484 0.008203 0.012512
0 0.906250 0.883140 0.008594 0.015119
0 0.653516 0.409769 0.010938 0.016683
0 0.061426 0.418110 0.006396 0.008863
0 0.194531 0.530718 0.007715 0.013033
0 0.376953 0.915463 0.007227 0.007299
0 0.938281 0.058129 0.007812 0.011209
0 0.542188 0.882097 0.005859 0.007820
0 0.080518 0.412375 0.008887 0.016683
0 0.831250 0.586501 0.007812 0.014597
0 0.511719 0.787736 0.005469 0.008341
0 0.973438 0.358678 0.010156 0.013815
0 0.635938 0.642284 0.009766 0.013555
0 0.780469 0.523419 0.006641 0.011991
0 0.198828 0.902951 0.006543 0.009384
0 0.587891 0.883140 0.013281 0.010948
0 0.628906 0.647497 0.010547 0.010948
0 0.881250 0.536974 0.006250 0.010427
0 0.215234 0.473893 0.010547 0.010427
0 0.544531 0.920676 0.008203 0.012512
0 0.223047 0.204363 0.004492 0.008341
0 0.950000 0.156661 0.007031 0.008863
0 0.887500 0.612568 0.010156 0.016683
0 0.664062 0.154836 0.005469 0.007038
0 0.613672 0.170998 0.009375 0.011730
0 0.119336 0.403513 0.009180 0.015640
0 0.554688 0.035190 0.006250 0.009514
0 0.785156 0.526547 0.009766 0.013033
0 0.738281 0.980108 0.006641 0.008341
0 0.684375 0.651668 0.010937 0.010948
0 0.251172 0.926932 0.007422 0.010427
0 0.622656 0.705886 0.011328 0.015119
0 0.817187 0.903993 0.007812 0.010427
0 0.736719 0.652189 0.006250 0.008341
0 0.609766 0.532804 0.010156 0.015640
0 0.172461 0.836220 0.009961 0.012512
0 0.864062 0.631336 0.007812 0.008341
0 0.563281 0.201235 0.006641 0.009905
0 0.631250 0.165784 0.007812 0.011209
0 0.641406 0.193415 0.005859 0.010427
0 0.579688 0.613089 0.009766 0.013033
0 0.026978 0.461902 0.005481 0.007820
0 0.330078 0.359199 0.005273 0.006777
0 0.620703 0.709014 0.007812 0.009905
0 0.603125 0.551572 0.009766 0.008863
0 0.138086 0.551572 0.006934 0.008863
0 0.311328 0.255714 0.006055 0.008863
0 0.019458 0.660009 0.006934 0.009384
0 0.922656 0.190287 0.006250 0.007559
0 0.965625 0.643326 0.011719 0.015119
0 0.159180 0.990535 0.005957 0.007299
0 0.854688 0.587022 0.010156 0.015119
0 0.358008 0.959255 0.008203 0.012512
0 0.710938 0.888353 0.005078 0.007299
0 0.884375 0.443134 0.009375 0.009384
0 0.182812 0.563041 0.011426 0.015119
0 0.148828 0.657924 0.006348 0.008341
0 0.926563 0.235122 0.007031 0.009123
0 0.928906 0.745508 0.009375 0.014597
0 0.780469 0.564084 0.008594 0.008341
0 0.596875 0.986364 0.009766 0.013555
0 0.018701 0.394129 0.006909 0.010948
0 0.157031 0.005474 0.007324 0.010948
0 0.975000 0.800769 0.007812 0.009905
0 0.494531 0.092276 0.008203 0.010557
0 0.316797 0.274482 0.008008 0.010427
0 0.059180 0.678777 0.006934 0.007820
0 0.948438 0.872713 0.007812 0.012512
0 0.931250 0.219482 0.007031 0.008602
0 0.036816 0.083413 0.004663 0.005604
0 0.639063 0.454603 0.010937 0.015119
0 0.136523 0.606312 0.006738 0.008341
0 0.714063 0.064645 0.012891 0.013424
0 0.635547 0.003910 0.007812 0.007820
0 0.719531 0.330005 0.007422 0.009123
0 0.159082 0.933188 0.011523 0.012512
0 0.312500 0.550529 0.004297 0.005735
0 0.043115 0.420717 0.009473 0.010427
0 0.919531 0.254150 0.007812 0.010427
0 0.384961 0.239553 0.006250 0.007299
0 0.645312 0.869585 0.009375 0.015640
0 0.407031 0.931103 0.006641 0.008341
0 0.978906 0.622994 0.006250 0.007299
0 0.378711 0.041446 0.011719 0.011339
0 0.939062 0.724654 0.010938 0.009384
0 0.433594 0.416025 0.006641 0.007820
0 0.163086 0.952999 0.007129 0.009384
0 0.599219 0.992620 0.008594 0.013555
0 0.195312 0.516121 0.007715 0.007820
0 0.900000 0.543752 0.008594 0.018768
0 0.753906 0.332090 0.005859 0.008341
0 0.205859 0.627686 0.006836 0.009384
0 0.337109 0.157443 0.007031 0.009123
0 0.968750 0.479106 0.007031 0.010427
0 0.879688 0.565126 0.005469 0.007820
0 0.242188 0.828921 0.003711 0.013033
0 0.887500 0.850296 0.007031 0.009384
0 0.581641 0.233818 0.012500 0.011991
0 0.405469 0.346687 0.006250 0.010166
0 0.975000 0.136068 0.007031 0.009645
0 0.154883 0.955084 0.005762 0.009384
0 0.187305 0.497353 0.006836 0.009384
0 0.631250 0.003682 0.008594 0.007364
0 0.923437 0.688682 0.005469 0.007299
0 0.675781 0.347469 0.007031 0.006777
0 0.026270 0.414982 0.006909 0.008863
0 0.789844 0.356593 0.006250 0.007038
0 0.550781 0.973852 0.007031 0.007299
0 0.848438 0.221567 0.005469 0.007038
0 0.560156 0.996571 0.005078 0.006858
0 0.587500 0.884183 0.004687 0.005213
0 0.221875 0.974895 0.007617 0.008341
0 0.955469 0.629772 0.009375 0.014597
0 0.167090 0.040925 0.006836 0.008211
0 0.189648 0.348773 0.008398 0.008081
0 0.332031 0.056434 0.007227 0.008602
0 0.598437 0.551050 0.011328 0.009384
0 0.853125 0.826836 0.006250 0.009905
0 0.336719 0.264838 0.006641 0.008602
0 0.294531 0.839348 0.008398 0.005213
0 0.493359 0.368583 0.006250 0.009384
0 0.550000 0.553136 0.007422 0.009384
0 0.032690 0.986364 0.008838 0.017725
0 0.560156 0.905036 0.009375 0.013033
0 0.230469 0.174386 0.004492 0.005213
0 0.046997 0.417067 0.012549 0.010948
0 0.038794 0.437399 0.006201 0.007299
0 0.957813 0.834135 0.009375 0.011991
0 0.995703 0.052524 0.008594 0.013033
0 0.521094 0.871671 0.007422 0.009905
0 0.608984 0.382138 0.007031 0.007299
0 0.481250 0.990535 0.006641 0.009384
0 0.444531 0.298724 0.007031 0.007299
0 0.268164 0.108438 0.007031 0.010166
0 0.488281 0.749678 0.007422 0.008863
0 0.666406 0.834135 0.012109 0.010948
0 0.931250 0.489011 0.007812 0.010948
0 0.654297 0.913377 0.010156 0.012512
0 0.080469 0.239553 0.006104 0.008341
0 0.929688 0.257018 0.007031 0.008863
0 0.822656 0.568776 0.004687 0.008341
0 0.938281 0.461902 0.007812 0.010427
0 0.171094 0.561998 0.009180 0.013555
0 0.832813 0.760105 0.008594 0.009384
0 0.456641 0.944657 0.007031 0.009384
0 0.150195 0.014858 0.011914 0.009514
0 0.850000 0.843519 0.008594 0.014597
0 0.831250 0.593278 0.007031 0.010427
0 0.907813 0.503609 0.007812 0.007820
0 0.418359 0.743423 0.007031 0.009905
0 0.896875 0.892524 0.008594 0.010427
0 0.906250 0.811196 0.007031 0.009905
0 0.712500 0.984279 0.005078 0.006256
0 0.662109 0.836220 0.009375 0.009905
0 0.761328 0.171519 0.005469 0.007299
0 0.451563 0.169955 0.007422 0.009123
0 0.145508 0.046138 0.006152 0.007299
0 0.314453 0.591714 0.016211 0.018768
0 0.531250 0.993663 0.005469 0.006256
0 0.191602 0.847689 0.007910 0.010948
0 0.617188 0.330526 0.005078 0.007038
0 0.994531 0.704844 0.010938 0.017204
0 0.569141 0.120950 0.007031 0.009123
0 0.373438 0.203060 0.005664 0.008863
0 0.552344 0.938401 0.005859 0.006256
0 0.503906 0.665222 0.005859 0.007299
0 0.431250 0.183510 0.010938 0.012512
0 0.154688 0.387873 0.005664 0.007820
0 0.232227 0.089669 0.005078 0.005865
0 0.582031 0.616217 0.011328 0.010948
0 0.935938 0.482755 0.011719 0.015119
0 0.458594 0.668350 0.007031 0.009384
0 0.939063 0.737166 0.007812 0.009905
0 0.659766 0.500481 0.009375 0.010427
0 0.300000 0.077679 0.007227 0.010427
0 0.308203 0.244506 0.007617 0.011469
0 0.757812 0.721005 0.008594 0.011469
0 0.562500 0.114433 0.007031 0.009905
0 0.032617 0.803897 0.006860 0.007820