0 0.107031 0.236164 0.009082 0.011730
0 0.745313 0.288819 0.008203 0.008863
0 0.301563 0.805461 0.008398 0.015640
0 0.313672 0.811717 0.008398 0.010427
0 0.328906 0.808068 0.007617 0.010427
0 0.312109 0.814845 0.007422 0.009384
0 0.945312 0.553657 0.007031 0.011469
0 0.321289 0.809111 0.008984 0.011991
0 0.475781 0.344081 0.008594 0.016161
0 0.352344 0.543230 0.008398 0.009384
0 0.452344 0.711621 0.007422 0.010427
0 0.050439 0.409769 0.008594 0.014076
0 0.815625 0.814845 0.003906 0.009384
0 0.337891 0.551050 0.009766 0.013555
0 0.073242 0.222610 0.005518 0.008602
0 0.720703 0.126424 0.007031 0.011991
0 0.146387 0.630814 0.007031 0.006777
0 0.292969 0.805461 0.009180 0.016683
0 0.531641 0.251283 0.008594 0.019289
0 0.894531 0.506737 0.007812 0.009905
0 0.907812 0.270312 0.005469 0.009384
0 0.532813 0.468679 0.009766 0.016683
0 0.563672 0.255454 0.007812 0.010427
0 0.591406 0.026327 0.005469 0.007820
0 0.810938 0.505694 0.005469 0.005735
0 0.526563 0.727782 0.007812 0.011991
0 0.390234 0.345645 0.006250 0.008341
0 0.856250 0.593278 0.010156 0.014076
0 0.807031 0.266402 0.009375 0.015640
0 0.495313 0.160571 0.010547 0.008863
0 0.297461 0.807547 0.010937 0.017725
0 0.526172 0.628729 0.008594 0.014076
0 0.464063 0.348251 0.010547 0.009905
0 0.583594 0.631857 0.008984 0.009384
0 0.152148 0.455646 0.007324 0.008863
0 0.403906 0.344341 0.008203 0.015640
0 0.751953 0.725697 0.009375 0.011469
0 0.612500 0.808068 0.009766 0.015119
0 0.310156 0.130855 0.008203 0.010687
0 0.283203 0.811196 0.006055 0.014076
0 0.550781 0.637070 0.009766 0.015119
0 0.546094 0.142846 0.009766 0.013294
0 0.159766 0.678777 0.006543 0.008863
0 0.889063 0.955084 0.007812 0.011469
0 0.550000 0.946743 0.007422 0.015640
0 0.610938 0.485362 0.008984 0.010427
0 0.950000 0.686076 0.008594 0.015119
0 0.285156 0.823708 0.006055 0.009905
0 0.638281 0.597970 0.006641 0.008341
0 0.362500 0.270572 0.009570 0.011469
0 0.464063 0.169434 0.009375 0.014858
0 0.857813 0.477542 0.009375 0.012512
0 0.576172 0.374318 0.010156 0.014597
0 0.682813 0.844561 0.007422 0.011991
0 0.363672 0.320621 0.008398 0.012512
0 0.803125 0.214268 0.008594 0.008602
0 0.097363 0.394129 0.008838 0.010948
0 0.745313 0.762190 0.010156 0.016161
0 0.027148 0.620388 0.009644 0.011469
0 0.246094 0.453561 0.010742 0.009384
0 0.551562 0.831007 0.007031 0.011991
0 0.655859 0.532804 0.008594 0.013033
0 0.889063 0.680862 0.007812 0.005735
0 0.073730 0.185595 0.010449 0.011991
0 0.399805 0.070771 0.007422 0.011209
0 0.741016 0.546880 0.007031 0.006256
0 0.641797 0.631857 0.008594 0.012512
0 0.554688 0.156140 0.006641 0.009384
0 0.507812 0.907121 0.006641 0.007299
0 0.096387 0.372233 0.007666 0.007820
0 0.957813 0.309151 0.010156 0.010687
0 0.282227 0.828921 0.006250 0.014076
0 0.307422 0.088627 0.008008 0.010818
0 0.476172 0.376925 0.007812 0.009384
0 0.383398 0.358678 0.008984 0.011730
0 0.544531 0.363370 0.006641 0.010687
0 0.398828 0.946743 0.007812 0.010427
0 0.591406 0.640198 0.008203 0.009905
0 0.437109 0.247112 0.007812 0.012773
0 0.550781 0.246852 0.008594 0.009905
0 0.710547 0.310715 0.010156 0.011730
0 0.708203 0.503609 0.009375 0.015119
0 0.654688 0.318796 0.008984 0.011469
0 0.695703 0.178557 0.007812 0.011991
0 0.451172 0.422281 0.007812 0.013033
0 0.586719 0.331047 0.007812 0.007038
0 0.408594 0.121471 0.009766 0.009645
0 0.020618 0.764797 0.008301 0.007299
0 0.783594 0.369626 0.008984 0.014597
0 0.170313 0.661052 0.008105 0.015119
0 0.501172 0.470243 0.008594 0.014076
0 0.789062 0.604748 0.010547 0.015119
0 0.798047 0.682948 0.010156 0.010948
0 0.722656 0.278914 0.010156 0.013555
0 0.143750 0.838305 0.007520 0.010948
0 0.815625 0.151187 0.005469 0.011730
0 0.626563 0.378489 0.007812 0.010427
0 0.621094 0.542188 0.010547 0.010427
0 0.071777 0.805983 0.009766 0.007820
0 0.507812 0.477021 0.008984 0.013555
0 0.762500 0.801812 0.013281 0.016161
0 0.236719 0.686076 0.007227 0.010948
0 0.340625 0.886268 0.008008 0.008863
0 0.486328 0.850296 0.007031 0.012512
0 0.223047 0.444177 0.004688 0.007820
0 0.582812 0.525505 0.010937 0.015119
0 0.853906 0.970724 0.009375 0.014597
0 0.967188 0.840391 0.006250 0.007299
0 0.777344 0.739252 0.007031 0.010948
0 0.676563 0.719441 0.009766 0.016161
0 0.871875 0.068686 0.009375 0.011730
0 0.860937 0.728825 0.005469 0.006777
0 0.726953 0.624558 0.007031 0.008863
0 0.644922 0.542188 0.007812 0.014076
0 0.645312 0.592236 0.007422 0.015119
0 0.571875 0.512993 0.008984 0.013033
0 0.658984 0.087845 0.010156 0.011339
0 0.319531 0.793471 0.010352 0.016161
0 0.815625 0.818495 0.005469 0.008863
0 0.750391 0.946743 0.007031 0.012512
0 0.272266 0.438963 0.006055 0.008863
0 0.703125 0.876884 0.005859 0.010948
0 0.576562 0.436357 0.009766 0.015640
0 0.044629 0.185595 0.007983 0.011209
0 0.775781 0.530197 0.008203 0.011469
0 0.071680 0.236946 0.009424 0.009384
0 0.914844 0.259103 0.007812 0.011730
0 0.385156 0.288037 0.007422 0.009384
0 0.558594 0.608918 0.010547 0.013033
0 0.366211 0.228344 0.004688 0.010687
0 0.132031 0.604748 0.008496 0.013033
0 0.133203 0.424887 0.010059 0.014597
0 0.726172 0.738209 0.010156 0.011991
0 0.385547 0.228866 0.007812 0.013555
0 0.219531 0.107916 0.011133 0.011469
0 0.686719 0.276307 0.009766 0.009645
0 0.209375 0.243724 0.008984 0.015640
0 0.276563 0.911292 0.009961 0.015640
0 0.389063 0.201756 0.010547 0.014076
0 0.701563 0.059302 0.010156 0.012512
0 0.465625 0.470243 0.009766 0.013033
0 0.451953 0.406119 0.007812 0.009384
0 0.616406 0.471286 0.005859 0.010948
0 0.973438 0.126684 0.008594 0.009905
0 0.232422 0.615696 0.006641 0.009384
0 0.373437 0.202799 0.009961 0.010166
0 0.440234 0.128770 0.010156 0.013815
0 0.015051 0.554178 0.009210 0.011469
0 0.837500 0.879491 0.009375 0.013555
0 0.724219 0.813281 0.008594 0.014076
0 0.035742 0.220003 0.007031 0.010166
0 0.477344 0.886268 0.009766 0.011991
0 0.160059 0.468158 0.009375 0.010948
0 0.582812 0.448347 0.008594 0.011469
0 0.684375 0.362327 0.009375 0.010166
0 0.635156 0.656360 0.009766 0.010427
0 0.176563 0.836220 0.009570 0.011991
0 0.401563 0.492661 0.008789 0.011469
0 0.081689 0.800769 0.007422 0.014597
0 0.698047 0.701716 0.009375 0.010948
0 0.789844 0.845604 0.009766 0.010948
0 0.075195 0.441049 0.008252 0.012512
0 0.903125 0.601098 0.010156 0.013555
0 0.262109 0.654274 0.007031 0.011469
0 0.202734 0.010427 0.009277 0.011078
0 0.600781 0.348251 0.007422 0.009645
0 0.914844 0.551572 0.007812 0.013033
0 0.165234 0.502045 0.009863 0.010427
0 0.718359 0.587022 0.007812 0.015119
0 0.049976 0.209316 0.010010 0.015640
0 0.929688 0.395171 0.008594 0.014076
0 0.982813 0.300549 0.011719 0.015119
0 0.687500 0.195500 0.007422 0.014337
0 0.917188 0.489533 0.006250 0.010427
0 0.211328 0.131116 0.010742 0.013033
0 0.674609 0.337303 0.007031 0.011730
0 0.552344 0.481191 0.008594 0.011469
0 0.700781 0.311236 0.007422 0.010427
0 0.464063 0.437921 0.009375 0.014076
0 0.624219 0.421238 0.007422 0.009905
0 0.200781 0.245027 0.009961 0.014597
0 0.495313 0.435835 0.008984 0.013555
0 0.914844 0.269530 0.006250 0.008602
0 0.299609 0.405598 0.008008 0.014597
0 0.453125 0.389958 0.008594 0.011991
0 0.839063 0.746551 0.008594 0.007820
0 0.824219 0.801812 0.010938 0.013033
0 0.893750 0.287255 0.007031 0.009905
0 0.521875 0.345123 0.008984 0.011209
0 0.727344 0.521856 0.008203 0.009384
0 0.485938 0.379531 0.007422 0.006777
0 0.261328 0.080416 0.010352 0.011209
0 0.669531 0.994485 0.009766 0.011029
0 0.423438 0.049527 0.009375 0.012773
0 0.774219 0.444177 0.006641 0.009384
0 0.642578 0.620388 0.007031 0.011469
0 0.364258 0.186377 0.008594 0.017204
0 0.851562 0.582330 0.008594 0.010427
0 0.582031 0.779916 0.007422 0.013033
0 0.113770 0.511429 0.009180 0.012512
0 0.449219 0.595885 0.008984 0.016683
0 0.480469 0.144931 0.007812 0.009384
0 0.201562 0.186638 0.008008 0.011469
0 0.099707 0.248155 0.010156 0.010687
0 0.093750 0.235643 0.007715 0.011469
0 0.392188 0.358939 0.008984 0.013033
0 0.537109 0.503609 0.008594 0.014076
0 0.775391 0.235643 0.008594 0.014337
0 0.587500 0.235122 0.007422 0.011209
0 0.531250 0.186638 0.008203 0.014597
0 0.696875 0.670436 0.008984 0.011991
0 0.757812 0.784608 0.011328 0.012512
0 0.026099 0.469201 0.007361 0.013033
0 0.636328 0.578681 0.010156 0.011991
0 0.157617 0.955084 0.006641 0.009384
0 0.946875 0.063342 0.006250 0.006647
0 0.769531 0.703280 0.008203 0.011469
0 0.576172 0.788257 0.010156 0.013033
0 0.959375 0.304980 0.009375 0.014337
0 0.391602 0.375361 0.010938 0.014597
0 0.556641 0.504651 0.007812 0.011991
0 0.072852 0.279956 0.007666 0.011730
0 0.576563 0.321663 0.009375 0.012773
0 0.810156 0.787215 0.009375 0.013555
0 0.694531 0.304459 0.008203 0.010687
0 0.492188 0.629250 0.005859 0.009384
0 0.832812 0.896695 0.007812 0.014597
0 0.793750 0.235643 0.008203 0.011730
0 0.232031 0.873756 0.007422 0.009905
0 0.372461 0.228866 0.005469 0.010427
0 0.676562 0.651668 0.008984 0.011991
0 0.270313 0.075463 0.008789 0.014337
0 0.472266 0.170476 0.007031 0.012773
0 0.770312 0.749678 0.009766 0.012512
0 0.906250 0.394650 0.011719 0.016683
0 0.848438 0.170998 0.007031 0.013294
0 0.277148 0.679820 0.008203 0.008341
0 0.939062 0.313843 0.007031 0.008341
0 0.214844 0.620909 0.009375 0.012512
0 0.848438 0.420195 0.007031 0.014597
0 0.532422 0.155358 0.008594 0.013033
0 0.453906 0.295075 0.007422 0.007559
0 0.206641 0.335218 0.008398 0.017986
0 0.812500 0.647497 0.008594 0.009905
0 0.595313 0.380574 0.007422 0.010948
0 0.437891 0.077809 0.007812 0.013815
0 0.523438 0.771574 0.008203 0.007820
0 0.173828 0.896695 0.008008 0.016161
0 0.750781 0.742380 0.009766 0.017204
0 0.044873 0.160571 0.008618 0.010687
0 0.539453 0.497353 0.008594 0.009384
0 0.607031 0.193415 0.008984 0.010687
0 0.197656 0.118343 0.009375 0.012773
0 0.539844 0.159528 0.008203 0.010166
0 0.744141 0.824751 0.009375 0.014076
0 0.269141 0.406119 0.008789 0.011469
0 0.747656 0.435835 0.007422 0.010948
0 0.623438 0.203320 0.006641 0.010687
0 0.132520 0.454603 0.009180 0.008863
0 0.688672 0.295596 0.010156 0.010948
0 0.262109 0.306544 0.010937 0.010166
0 0.878125 0.254932 0.008594 0.009905
0 0.725000 0.752806 0.007812 0.014597
0 0.108398 0.152230 0.010059 0.016422
0 0.705469 0.168912 0.008203 0.010166
0 0.532031 0.654274 0.007422 0.011469
0 0.751172 0.133722 0.009375 0.010948
0 0.141016 0.385266 0.008691 0.012512
0 0.493750 0.174647 0.012109 0.015640
0 0.814844 0.491097 0.009375 0.009905
0 0.519922 0.366237 0.011719 0.016161
0 0.597656 0.769489 0.008984 0.013033
0 0.327930 0.550529 0.011328 0.013555
0 0.417188 0.121210 0.007422 0.011469
0 0.040405 0.305502 0.006836 0.007038
0 0.914062 0.477542 0.008594 0.010427
0 0.594531 0.395693 0.008984 0.010427
0 0.907031 0.669393 0.007812 0.011991
0 0.318359 0.218960 0.010156 0.011469
0 0.389453 0.901908 0.009570 0.010427
0 0.133984 0.642284 0.010645 0.014076
0 0.189063 0.723612 0.008496 0.009384
0 0.924219 0.594842 0.009375 0.012512
0 0.152344 0.086541 0.009668 0.012121
0 0.482813 0.651668 0.011328 0.013033
0 0.032373 0.449390 0.009180 0.016161
0 0.163086 0.187680 0.007422 0.013815
0 0.610547 0.601620 0.009375 0.014076
0 0.630078 0.486926 0.010156 0.013033
0 0.616797 0.871671 0.005469 0.006777
0 0.573047 0.724654 0.006250 0.007820
0 0.105176 0.401427 0.006445 0.009905
0 0.338672 0.805983 0.005664 0.007820
0 0.178516 0.145452 0.005762 0.007559
0 0.135352 0.163178 0.008301 0.007559
0 0.894531 0.936316 0.007812 0.012512
0 0.649219 0.852903 0.007031 0.010948
0 0.603516 0.405598 0.007031 0.006777
0 0.913281 0.245288 0.007812 0.008863
0 0.708203 0.803897 0.009375 0.012512
0 0.525781 0.264316 0.012109 0.011730
0 0.383203 0.266141 0.010352 0.011991
0 0.712109 0.306023 0.008594 0.008602
0 0.353320 0.112087 0.009375 0.007820
0 0.093457 0.139718 0.012451 0.010166
0 0.017261 0.527069 0.007483 0.010427
0 0.892188 0.208273 0.007812 0.010948
0 0.088428 0.151187 0.010840 0.012251
0 0.757422 0.939444 0.007812 0.014597
0 0.602344 0.413939 0.008984 0.013033
0 0.284375 0.120428 0.009766 0.013294
0 0.510156 0.368062 0.008594 0.011991
0 0.176660 0.193936 0.011523 0.010687
0 0.470313 0.328962 0.008594 0.014337
0 0.076123 0.133983 0.008691 0.016161
0 0.762109 0.971767 0.007812 0.011469
0 0.121289 0.114694 0.007129 0.008341
0 0.219922 0.284648 0.009570 0.010948
0 0.450000 0.367541 0.008984 0.011730
0 0.885156 0.428537 0.010938 0.016683
0 0.759375 0.394129 0.011328 0.009905
0 0.648047 0.445219 0.006250 0.011991
0 0.063281 0.436357 0.010107 0.016683
0 0.895313 0.329483 0.005469 0.008341
0 0.126758 0.985322 0.008008 0.010427
0 0.280859 0.396214 0.009180 0.009905
0 0.859375 0.631857 0.010156 0.009905
0 0.559375 0.365195 0.008203 0.010948
0 0.040820 0.431665 0.010815 0.013033
0 0.738281 0.496310 0.011328 0.013033
0 0.770313 0.477542 0.008984 0.013555
0 0.833594 0.075333 0.006250 0.010818
0 0.112695 0.246070 0.011035 0.010687
0 0.283984 0.457210 0.010547 0.013555
0 0.583203 0.148059 0.009375 0.012251
0 0.058936 0.236425 0.010059 0.009384
0 0.051660 0.127206 0.009424 0.011469
0 0.294531 0.396214 0.008594 0.009905
0 0.747656 0.469201 0.006641 0.011469
0 0.588281 0.320881 0.007422 0.012512
0 0.293750 0.862287 0.008008 0.011991
0 0.506641 0.162917 0.010156 0.011469
0 0.743750 0.726740 0.012109 0.013555
0 0.478906 0.197325 0.009766 0.010948
0 0.551562 0.911292 0.007422 0.010427
0 0.707812 0.490054 0.008984 0.010948
0 0.852344 0.630814 0.010938 0.010427
0 0.956250 0.628208 0.010937 0.013555
0 0.948438 0.197586 0.008594 0.006517
0 0.395703 0.887311 0.008594 0.010948
0 0.390234 0.229387 0.009570 0.016422
0 0.434375 0.163178 0.008984 0.011209
0 0.738281 0.278392 0.007812 0.011730
0 0.407031 0.294032 0.010937 0.012251
0 0.057275 0.961340 0.007324 0.009384
0 0.189746 0.349294 0.011133 0.011730
0 0.063770 0.086541 0.007080 0.011339
0 0.512500 0.316450 0.007812 0.014337
0 0.663281 0.503609 0.011328 0.013033
0 0.832813 0.756456 0.008594 0.008341
0 0.321875 0.140760 0.011133 0.015379
0 0.926562 0.203842 0.007812 0.005995
0 0.344531 0.425409 0.010938 0.013033
0 0.864063 0.037797 0.006250 0.007429
0 0.814062 0.519249 0.006250 0.010427
0 0.481250 0.888875 0.008984 0.013555
0 0.814062 0.613089 0.008594 0.009384
0 0.937500 0.740294 0.007812 0.011991
0 0.742578 0.147538 0.006250 0.009384
0 0.725000 0.784608 0.012500 0.011469
0 0.784375 0.409769 0.008203 0.009384
0 0.657031 0.827879 0.007422 0.010948
0 0.527344 0.502566 0.010547 0.013033
0 0.554688 0.569297 0.005469 0.009384
0 0.950000 0.780959 0.007812 0.013033
0 0.771094 0.572425 0.007422 0.008863
0 0.383984 0.726740 0.010156 0.016161
0 0.914062 0.876884 0.008594 0.010948
0 0.758594 0.661052 0.006250 0.008341
0 0.486719 0.119386 0.008594 0.012512
0 0.992969 0.229387 0.007812 0.013294
0 0.819531 0.257539 0.009375 0.017204
0 0.820312 0.838305 0.011719 0.009905
0 0.120117 0.178296 0.008887 0.014076
0 0.269141 0.033365 0.008203 0.012121
0 0.932813 0.764276 0.009375 0.010948
0 0.745313 0.630814 0.008203 0.007820
0 0.155273 0.600577 0.010156 0.014076
0 0.108984 0.146756 0.009277 0.008341
0 0.223828 0.555221 0.008398 0.011469
0 0.131641 0.341213 0.008105 0.014076
0 0.637500 0.634985 0.010156 0.016683
0 0.340430 0.166827 0.011328 0.013294
0 0.706641 0.951956 0.007812 0.010427
0 0.676562 0.296639 0.010547 0.009645
0 0.875000 0.771574 0.007812 0.016161
0 0.565625 0.612046 0.006641 0.010427
0 0.350391 0.565126 0.008398 0.009905
0 0.556641 0.144149 0.009375 0.011469
0 0.682031 0.625080 0.008984 0.014597
0 0.432422 0.656881 0.007812 0.008863
0 0.588672 0.679820 0.007031 0.007820
0 0.074316 0.347209 0.008301 0.010687
0 0.770313 0.864893 0.010938 0.011469
0 0.299219 0.551572 0.011523 0.010948
0 0.632812 0.619345 0.008984 0.010948
0 0.400000 0.197586 0.008398 0.014337
0 0.408594 0.152230 0.006641 0.009384
0 0.600781 0.505694 0.009766 0.011991
0 0.783984 0.231212 0.010156 0.010427
0 0.846875 0.586501 0.007812 0.010427
0 0.028076 0.997614 0.007935 0.004773
0 0.230078 0.160050 0.009570 0.012251
0 0.119531 0.198107 0.007715 0.008341
0 0.882812 0.993964 0.010156 0.012072
0 0.633594 0.239814 0.009766 0.009905
0 0.539062 0.833613 0.009375 0.011469
0 0.587891 0.254411 0.009375 0.014337
0 0.809375 0.577638 0.008594 0.013033
0 0.059375 0.815888 0.008252 0.009384
0 0.606250 0.515078 0.007812 0.013033
0 0.419531 0.352943 0.012109 0.013294
0 0.048047 0.310976 0.004858 0.010427
0 0.268750 0.495267 0.007812 0.015119
0 0.920313 0.038839 0.007812 0.007299
0 0.471484 0.935273 0.010156 0.010427
0 0.237305 0.800769 0.009375 0.013033
0 0.203906 0.639156 0.006641 0.008863
0 0.043652 0.284648 0.008179 0.014597
0 0.773828 0.775224 0.007812 0.010427
0 0.606250 0.264838 0.010156 0.011991
0 0.449609 0.287776 0.007031 0.009905
0 0.291406 0.397257 0.008789 0.009905
0 0.814062 0.467115 0.008594 0.010948
0 0.019971 0.637592 0.007825 0.012512
0 0.625391 0.669914 0.007812 0.012512
0 0.850000 0.228866 0.009375 0.010687
0 0.390430 0.185595 0.009766 0.012773
0 0.395508 0.340953 0.008203 0.010687
0 0.438281 0.344341 0.011719 0.010948
0 0.969531 0.259624 0.007812 0.010687
0 0.068457 0.268487 0.008154 0.012251
0 0.226562 0.058780 0.007812 0.011209
0 0.739062 0.403513 0.006250 0.007299
0 0.587109 0.888353 0.007812 0.016161
0 0.548828 0.802333 0.006250 0.012512
0 0.112793 0.774181 0.009570 0.015640
0 0.157617 0.829964 0.008887 0.009905
0 0.790625 0.212183 0.009766 0.011730
0 0.080176 0.209576 0.011377 0.015379
0 0.837500 0.245027 0.010156 0.013294
0 0.065527 0.289862 0.013428 0.011730
0 0.389453 0.123035 0.009570 0.009905
0 0.111133 0.250762 0.011328 0.011730
0 0.725000 0.660009 0.008984 0.011469
0 0.434375 0.229387 0.009375 0.010687
0 0.714844 0.744465 0.008984 0.016683
0 0.528906 0.070901 0.004297 0.010296
0 0.927344 0.351901 0.010938 0.012251
0 0.623047 0.768447 0.008594 0.013033
0 0.250781 0.217136 0.011133 0.018247
0 0.834375 0.910249 0.010156 0.010427
0 0.671094 0.702758 0.010938 0.014597
0 0.581250 0.169434 0.007422 0.010948
0 0.577344 0.395171 0.008984 0.011991
0 0.776172 0.481713 0.007812 0.009905
0 0.646484 0.561477 0.008594 0.011469
0 0.471875 0.357635 0.010938 0.009384
0 0.788281 0.681905 0.008203 0.011469
0 0.950781 0.101660 0.009375 0.014337
0 0.608594 0.129291 0.007422 0.010687
0 0.149707 0.326355 0.010742 0.017725
0 0.641406 0.681905 0.008203 0.009905
0 0.652344 0.695460 0.010547 0.015119
0 0.836719 0.074681 0.006250 0.009905
0 0.251172 0.159007 0.012109 0.014858
0 0.877344 0.535932 0.010938 0.014076
0 0.831250 0.494225 0.007031 0.009905
0 0.343359 0.228866 0.008789 0.010166
0 0.115430 0.182988 0.011035 0.012251
0 0.380469 0.581288 0.007031 0.009384
0 0.785156 0.722569 0.008203 0.012512
0 0.225977 0.045877 0.006641 0.011339
0 0.496875 0.271876 0.008203 0.006777
0 0.696094 0.182988 0.009766 0.015640
0 0.468750 0.216354 0.008203 0.013294
0 0.457812 0.250762 0.010547 0.013815
0 0.069043 0.280217 0.010010 0.012512
0 0.451953 0.319578 0.011719 0.015379
0 0.669531 0.601620 0.009375 0.015119
0 0.900781 0.129291 0.007812 0.011991
0 0.139258 0.628729 0.011523 0.011991
0 0.563281 0.297160 0.009766 0.011730
0 0.169336 0.239292 0.007324 0.010687
0 0.666016 0.984279 0.010938 0.010427
0 0.714063 0.193154 0.010547 0.013033
0 0.183887 0.298724 0.010352 0.013815
0 0.953906 0.940487 0.009375 0.008341
0 0.666797 0.087063 0.009375 0.014337
0 0.303516 0.753849 0.010742 0.011991
0 0.442969 0.406119 0.006641 0.009384
0 0.664844 0.348251 0.010156 0.010166
0 0.739844 0.689204 0.007422 0.009384
0 0.282813 0.342517 0.011523 0.013555
0 0.915625 0.173083 0.005469 0.007559
0 0.486719 0.593800 0.010547 0.010427
0 0.825781 0.464509 0.010938 0.009384
0 0.640234 0.485883 0.008594 0.010427
0 0.464063 0.936316 0.005859 0.011469
0 0.099414 0.348773 0.008594 0.011730
0 0.897656 0.644890 0.009375 0.009384
0 0.479688 0.387873 0.008203 0.011991
0 0.792188 0.301331 0.007031 0.012512
0 0.868750 0.182728 0.007031 0.008341
0 0.067480 0.314364 0.008691 0.010166
0 0.528516 0.672521 0.007031 0.006777
0 0.383203 0.707450 0.012109 0.012512
0 0.023828 0.301852 0.012061 0.013294
0 0.528906 0.379531 0.009766 0.009905
0 0.635156 0.564084 0.008984 0.009905
0 0.534766 0.850817 0.007812 0.012512
0 0.324219 0.110002 0.006055 0.008602
0 0.456250 0.804940 0.008203 0.016161
0 0.685547 0.703801 0.009375 0.008863
0 0.778125 0.431665 0.008203 0.010948
0 0.747656 0.499438 0.008984 0.009905
0 0.940625 0.490054 0.008594 0.008863
0 0.714844 0.189505 0.008984 0.008863
0 0.614062 0.528633 0.012500 0.010948
0 0.525781 0.765319 0.007812 0.009384
0 0.821875 0.421759 0.005469 0.007299
0 0.704688 0.646454 0.007422 0.008341
0 0.699609 0.787215 0.008594 0.016683
0 0.081250 0.394650 0.007520 0.012512
0 0.174414 0.154836 0.008301 0.013815
0 0.385156 0.920676 0.007227 0.008341
0 0.571094 0.102181 0.007422 0.009123
0 0.733984 0.300288 0.009375 0.011209
0 0.271484 0.623516 0.009961 0.008863
0 0.921875 0.467115 0.010156 0.013033
0 0.629297 0.542709 0.009375 0.010427
0 0.732031 0.893567 0.007422 0.013033
0 0.521094 0.192894 0.009766 0.010687
0 0.206250 0.626644 0.008789 0.011991
0 0.447656 0.803897 0.008984 0.014076
0 0.582812 0.789300 0.008203 0.009905
0 0.446094 0.466073 0.012891 0.013033
0 0.108398 0.039361 0.008008 0.009775
0 0.097559 0.336782 0.009180 0.010166
0 0.158398 0.810153 0.009668 0.014076
0 0.208984 0.753849 0.008008 0.010948
0 0.896875 0.418110 0.012500 0.011991
0 0.527344 0.227302 0.010156 0.014337
0 0.461719 0.415503 0.008203 0.010427
0 0.131641 0.379010 0.007324 0.010427
0 0.121680 0.566169 0.009863 0.008341
0 0.646094 0.749678 0.010547 0.013033
0 0.840625 0.880012 0.010156 0.009905
0 0.287891 0.053306 0.006250 0.009645
0 0.163477 0.282302 0.007715 0.009905
0 0.578125 0.205666 0.009375 0.011469
0 0.100000 0.120950 0.007324 0.010427
0 0.093848 0.807025 0.009375 0.010948
0 0.426562 0.810675 0.010547 0.011469
0 0.471094 0.835177 0.008594 0.011469
0 0.891406 0.270572 0.004687 0.011991
0 0.496875 0.347730 0.008203 0.009905
0 0.014307 0.230430 0.008826 0.008081
0 0.795313 0.920676 0.008203 0.010427
0 0.968750 0.706929 0.009375 0.011469
0 0.714844 0.816409 0.008203 0.011469
0 0.607422 0.159007 0.010156 0.009645
0 0.915625 0.669393 0.005469 0.007820
0 0.603906 0.737688 0.008594 0.011469
0 0.378125 0.180903 0.007422 0.011209
0 0.867969 0.503609 0.006250 0.009384
0 0.678516 0.536974 0.009375 0.015640
0 0.619922 0.398299 0.007812 0.009905
0 0.381641 0.245027 0.007617 0.013815
0 0.104688 0.779916 0.006836 0.006777
0 0.769531 0.975937 0.007422 0.011469
0 0.882812 0.469201 0.010156 0.012512
0 0.826563 0.900865 0.008594 0.013033
0 0.100977 0.056825 0.008105 0.009645
0 0.432422 0.668350 0.008594 0.010948
0 0.661719 0.589108 0.008984 0.013033
0 0.011566 0.154836 0.005798 0.010166
0 0.535547 0.734560 0.010937 0.011469
0 0.082910 0.433750 0.009326 0.010948
0 0.070850 0.731432 0.004980 0.008341
0 0.478906 0.301852 0.007812 0.011209
0 0.626563 0.243463 0.007422 0.012773
0 0.737891 0.595885 0.008594 0.010427
0 0.640234 0.396735 0.007812 0.007299
0 0.606250 0.255454 0.009766 0.014076
0 0.201562 0.797641 0.008398 0.009905
0 0.260742 0.477542 0.007031 0.010427
0 0.256641 0.738209 0.008008 0.010948
0 0.412500 0.671478 0.007422 0.012512
0 0.407422 0.213747 0.007812 0.009123
0 0.212891 0.554178 0.008008 0.012512
0 0.893750 0.528633 0.008594 0.011991
0 0.149805 0.376403 0.010742 0.014076
0 0.081934 0.179339 0.007178 0.015379
0 0.287500 0.178818 0.009766 0.015640
0 0.279102 0.442613 0.009766 0.008341
0 0.449219 0.137632 0.008984 0.007820
0 0.700781 0.894609 0.007422 0.012512
0 0.796875 0.668350 0.008203 0.011469
0 0.332813 0.565126 0.009180 0.010427
0 0.490625 0.890960 0.008203 0.011469
0 0.908594 0.364413 0.010938 0.008341
0 0.200586 0.760626 0.007812 0.011469
0 0.390430 0.552093 0.010937 0.014597
0 0.838281 0.874277 0.009375 0.011469
0 0.195117 0.198628 0.010840 0.013294
0 0.325781 0.093970 0.010156 0.011730
0 0.667188 0.214008 0.009375 0.008341
0 0.152734 0.210880 0.010449 0.011469
0 0.980469 0.843519 0.012500 0.011469
0 0.881250 0.350597 0.007812 0.014076
0 0.128906 0.553657 0.009277 0.014597
0 0.887500 0.497353 0.007812 0.008341
0 0.381641 0.188202 0.008398 0.014337
0 0.614844 0.961340 0.010547 0.012512
0 0.920313 0.391001 0.010156 0.016683
0 0.297656 0.740294 0.009180 0.008341
0 0.308984 0.100878 0.010742 0.011469
0 0.050391 0.246591 0.007202 0.009123
0 0.876562 0.392043 0.009375 0.013033
0 0.379688 0.265359 0.009766 0.011991
0 0.014819 0.261449 0.008459 0.009905
0 0.602344 0.435835 0.010156 0.011991
0 0.610938 0.555742 0.011328 0.015119
0 0.128320 0.070641 0.009277 0.008732
0 0.307813 0.752806 0.008984 0.011991
0 0.753516 0.436878 0.005469 0.009905
0 0.088281 0.752806 0.006934 0.009905
0 0.642969 0.961340 0.006641 0.009384
0 0.250977 0.955084 0.009375 0.011469
0 0.425781 0.622994 0.008203 0.008341
0 0.881250 0.522898 0.008594 0.011469
0 0.552344 0.771574 0.008984 0.011469
0 0.543750 0.820580 0.007422 0.013033
0 0.609375 0.760105 0.009766 0.013033
0 0.102637 0.384745 0.010693 0.012512
0 0.702734 0.654796 0.009375 0.009905
0 0.808594 0.945700 0.009375 0.012512
0 0.389648 0.927975 0.009375 0.009384
0 0.080762 0.747593 0.007910 0.008863
0 0.857031 0.224174 0.007812 0.009905
0 0.487500 0.443134 0.012891 0.009905
0 0.617969 0.459817 0.007422 0.010427
0 0.639844 0.561998 0.008984 0.011991
0 0.682813 0.857073 0.008203 0.011469
0 0.183203 0.855509 0.008496 0.008341
0 0.090332 0.680862 0.007764 0.009384
0 0.340430 0.247373 0.009766 0.009905
0 0.550391 0.362327 0.009375 0.012251
0 0.274023 0.893567 0.009375 0.013033
0 0.493750 0.515078 0.010938 0.011991
0 0.692187 0.734560 0.008984 0.012512
0 0.845312 0.938401 0.008594 0.010427
0 0.820312 0.615174 0.007031 0.007299
0 0.373242 0.660530 0.008594 0.010427
0 0.771484 0.735602 0.010156 0.011469
0 0.559375 0.293511 0.012109 0.014858
0 0.832813 0.315407 0.007031 0.009645
0 0.056641 0.023721 0.008838 0.013685
0 0.251953 0.179600 0.006445 0.007299
0 0.537109 0.630814 0.010938 0.010427
0 0.468750 0.661573 0.008203 0.012512
0 0.489844 0.876884 0.009375 0.010948
0 0.277344 0.170998 0.010156 0.010427
0 0.727344 0.637070 0.008594 0.013033
0 0.285742 0.157443 0.012500 0.009645
0 0.114941 0.292468 0.010742 0.012512
0 0.640234 0.843519 0.009375 0.010948
0 0.126562 0.405598 0.007324 0.006777
0 0.978125 0.564084 0.007031 0.007820
0 0.918750 0.862287 0.007812 0.010427
0 0.255273 0.055261 0.007812 0.014597
0 0.202148 0.692853 0.010449 0.011469
0 0.271094 0.180903 0.009180 0.010166
0 0.296680 0.443655 0.010938 0.010427
0 0.500000 0.455646 0.007422 0.011469
0 0.526953 0.778873 0.005469 0.008863
0 0.481641 0.157704 0.012500 0.011991
0 0.307617 0.523419 0.007422 0.010948
0 0.295313 0.483798 0.008789 0.010948
0 0.350000 0.349033 0.008789 0.012512
0 0.039526 0.523419 0.010449 0.009905
0 0.551562 0.228605 0.008984 0.010948
0 0.251563 0.663658 0.011328 0.013555
0 0.333594 0.813281 0.008203 0.010948
0 0.714844 0.699630 0.010547 0.013555
0 0.146094 0.946743 0.006641 0.009384
0 0.561719 0.460859 0.012109 0.015119
0 0.417578 0.079894 0.005469 0.007038
0 0.470313 0.577638 0.007812 0.010427
0 0.416406 0.646454 0.007031 0.007820
0 0.260156 0.485883 0.007422 0.009384
0 0.971875 0.693374 0.008594 0.012512
0 0.553125 0.182206 0.008984 0.008863
0 0.141016 0.855509 0.008301 0.009384
0 0.682031 0.345123 0.010156 0.014337
0 0.172559 0.209055 0.009375 0.014597
0 0.614062 0.258582 0.009375 0.011209
0 0.778516 0.540102 0.010156 0.009384
0 0.618750 0.370147 0.009375 0.010687
0 0.021033 0.938401 0.006665 0.007299
0 0.831250 0.261188 0.009375 0.012773
0 0.673438 0.564084 0.008984 0.009905
0 0.946094 0.876884 0.010938 0.011991
0 0.924219 0.848732 0.009375 0.011469
0 0.372266 0.321663 0.008398 0.014337
0 0.669141 0.749678 0.007812 0.009905
0 0.386328 0.346948 0.008984 0.007820
0 0.338281 0.837263 0.007227 0.007299
0 0.565625 0.557828 0.008984 0.009384
0 0.166406 0.251283 0.010059 0.012773
0 0.571094 0.569297 0.007422 0.010427
0 0.617188 0.580766 0.006641 0.010948
0 0.978125 0.572425 0.008594 0.010948
0 0.576563 0.293511 0.010547 0.017204
0 0.084473 0.122514 0.007861 0.007299
0 0.454688 0.380053 0.008984 0.011469
0 0.465234 0.114172 0.007031 0.008602
0 0.589063 0.777830 0.007812 0.009384
0 0.285547 0.389958 0.006250 0.010427
0 0.021509 0.540102 0.008936 0.010948
0 0.151367 0.665222 0.008984 0.010427
0 0.585938 0.343038 0.008594 0.012773
0 0.247461 0.849253 0.010937 0.011469
0 0.698438 0.780959 0.007422 0.009905
0 0.151758 0.653753 0.009473 0.010427
0 0.059424 0.415503 0.008398 0.009384
0 0.701953 0.914420 0.005469 0.006256
0 0.544531 0.160050 0.010938 0.011209
0 0.812500 0.493182 0.010938 0.011469
0 0.937500 0.854988 0.007031 0.008863
0 0.119531 0.907121 0.007617 0.007299
0 0.472266 0.413418 0.008594 0.014597
0 0.965625 0.312800 0.008594 0.012512
0 0.120508 0.987407 0.006348 0.008341
0 0.193555 0.509343 0.008398 0.011469
0 0.772656 0.890439 0.006250 0.010427
0 0.696875 0.919633 0.010547 0.007299
0 0.370117 0.137632 0.010937 0.015379
0 0.284375 0.730910 0.008398 0.008863
0 0.288867 0.605790 0.008984 0.011991
0 0.843750 0.589108 0.007812 0.008863
0 0.739844 0.631857 0.009766 0.008341
0 0.157813 0.663137 0.006543 0.008863
0 0.221094 0.127466 0.008789 0.012512
0 0.619922 0.480670 0.007812 0.008863
0 0.074707 0.795035 0.007471 0.010427
0 0.612500 0.576596 0.009766 0.014076
0 0.960938 0.274222 0.010938 0.012773
0 0.522656 0.261188 0.010547 0.008863
0 0.208594 0.760626 0.009961 0.009384
0 0.545313 0.926932 0.008594 0.012512
0 0.385938 0.458774 0.007422 0.010948
0 0.846875 0.826315 0.010156 0.010427
0 0.560156 0.822665 0.007812 0.011991
0 0.432422 0.497353 0.007031 0.008341
0 0.672656 0.204624 0.008203 0.007820
0 0.351172 0.070119 0.008008 0.008602
0 0.928125 0.737166 0.007031 0.012512
0 0.781250 0.719441 0.008984 0.013033
0 0.907812 0.068555 0.010938 0.012121
0 0.200000 0.237207 0.011523 0.014597
0 0.355859 0.802333 0.008008 0.012512
0 0.033984 0.181424 0.009106 0.009123
0 0.227734 0.320621 0.010742 0.017725
0 0.058594 0.183770 0.010449 0.015119
0 0.091211 0.429058 0.010303 0.012512
0 0.917188 0.789300 0.009375 0.008341
0 0.451172 0.650104 0.008594 0.013555
0 0.625000 0.326877 0.008984 0.013555
0 0.533594 0.128248 0.008984 0.010687
0 0.733203 0.717877 0.010938 0.009384
0 0.764063 0.377446 0.009766 0.012512
0 0.590234 0.978023 0.008594 0.011469
0 0.272070 0.691289 0.008594 0.008863
0 0.086377 0.648540 0.005371 0.009905
0 0.366016 0.245548 0.006641 0.011991
0 0.515625 0.445219 0.008203 0.013555
0 0.499609 0.337303 0.007812 0.016161
0 0.907812 0.540102 0.010156 0.014597
0 0.907031 0.260406 0.006250 0.011469
0 0.511719 0.729346 0.008203 0.005213
0 0.520312 0.328441 0.008594 0.017465
0 0.900781 0.644369 0.009375 0.011991
0 0.358984 0.283084 0.011523 0.011991
0 0.108398 0.808068 0.012305 0.013555
0 0.258594 0.052394 0.009961 0.012773
0 0.262109 0.647497 0.007227 0.017204
0 0.607812 0.236164 0.009766 0.011730
0 0.535156 0.202278 0.009375 0.011730
0 0.745313 0.897216 0.008594 0.009384
0 0.137012 0.769489 0.008203 0.010948
0 0.100781 0.283084 0.009229 0.010687
0 0.339648 0.238250 0.008984 0.007559
0 0.178516 0.246070 0.007715 0.008863
0 0.177930 0.102963 0.008691 0.011339
0 0.585156 0.764797 0.008203 0.008341
0 0.271094 0.330526 0.009570 0.008863
0 0.925000 0.161614 0.008594 0.010166
0 0.976562 0.353465 0.010156 0.011209
0 0.214844 0.640198 0.009570 0.011991
0 0.757422 0.844561 0.010156 0.009905
0 0.239648 0.663137 0.009375 0.011991
0 0.357617 0.336782 0.008594 0.014076
0 0.219141 0.120950 0.011133 0.011469
0 0.185547 0.396214 0.008203 0.008863
0 0.292187 0.800769 0.008789 0.009905
0 0.707422 0.611004 0.007812 0.011991
0 0.350391 0.204102 0.009961 0.013555
0 0.239063 0.838827 0.010156 0.010427
0 0.451563 0.127206 0.008984 0.012251
0 0.721094 0.196543 0.006250 0.007038
0 0.194141 0.680862 0.009668 0.011991
0 0.281641 0.100357 0.010742 0.011469
0 0.014490 0.507258 0.009082 0.010427
0 0.557031 0.181946 0.010547 0.009123
0 0.477734 0.796599 0.006250 0.006777
0 0.143457 0.873235 0.009570 0.012512
0 0.355078 0.212444 0.009766 0.014597
0 0.416016 0.186638 0.009375 0.011209
0 0.875781 0.145452 0.007812 0.008602
0 0.864063 0.865415 0.008594 0.009905
0 0.476562 0.592236 0.011328 0.011469
0 0.553125 0.263013 0.010547 0.015640
0 0.130957 0.657402 0.007812 0.011469
0 0.766797 0.444177 0.006250 0.009384
0 0.133887 0.694417 0.009570 0.013033
0 0.287500 0.419674 0.009570 0.012512
0 0.553906 0.449390 0.010938 0.015119
0 0.251953 0.420195 0.008008 0.009384
0 0.609766 0.155879 0.008594 0.012512
0 0.768750 0.846647 0.009375 0.014076
0 0.470313 0.297682 0.008984 0.012512
0 0.982813 0.377967 0.008594 0.015640
0 0.840625 0.316710 0.010938 0.011469
0 0.113086 0.011339 0.007812 0.011730
0 0.677344 0.056043 0.008984 0.010818
0 0.271875 0.471286 0.010352 0.013555
0 0.471484 0.802855 0.008594 0.008863
0 0.824219 0.821101 0.006250 0.011469
0 0.035107 0.807025 0.006226 0.009905
0 0.317969 0.895652 0.007617 0.010427
0 0.583594 0.059041 0.009766 0.011730
0 0.307813 0.452518 0.011523 0.011991
0 0.653125 0.103224 0.010156 0.011730
0 0.033105 0.466073 0.010937 0.013033
0 0.187500 0.522377 0.007715 0.011991
0 0.104102 0.791907 0.012793 0.010427
0 0.331836 0.383702 0.011328 0.012512
0 0.380469 0.148580 0.011914 0.010166
0 0.807813 0.901908 0.009375 0.012512
0 0.077832 0.052655 0.005908 0.008211
0 0.676953 0.672521 0.010938 0.011991
0 0.293750 0.444177 0.008984 0.008341
0 0.455078 0.224174 0.009375 0.010687
0 0.314063 0.547401 0.009180 0.010427
0 0.338477 0.829443 0.006250 0.013555
0 0.173828 0.827879 0.009375 0.007820
0 0.336719 0.489011 0.006055 0.009384
0 0.835938 0.374318 0.007031 0.011991
0 0.177637 0.674085 0.009570 0.010427
0 0.757031 0.655838 0.007031 0.010948
0 0.825781 0.243463 0.009375 0.010687
0 0.760547 0.768968 0.007031 0.014597
0 0.960938 0.848211 0.007031 0.009384
0 0.033301 0.255975 0.009204 0.008602
0 0.653125 0.443655 0.009766 0.013555
0 0.848437 0.436878 0.011719 0.015640
0 0.558594 0.844040 0.011328 0.011469
0 0.088623 0.385787 0.007812 0.011991
0 0.712891 0.119907 0.008594 0.011991
0 0.118359 0.059693 0.008301 0.011469
0 0.264844 0.319057 0.010937 0.011209
0 0.665625 0.535410 0.008984 0.010427
0 0.241992 0.872192 0.008203 0.011469
0 0.396875 0.587022 0.008594 0.011469
0 0.547266 0.669393 0.009375 0.010948
0 0.898438 0.608918 0.007812 0.009905
0 0.321484 0.241378 0.011133 0.016683
0 0.676562 0.096968 0.008203 0.008341
0 0.375977 0.886268 0.008203 0.011469
0 0.789844 0.669914 0.008984 0.009384
0 0.176367 0.371190 0.008496 0.010687
0 0.915625 0.846647 0.008594 0.012512
0 0.464844 0.212704 0.012109 0.016161
0 0.601562 0.278132 0.010547 0.012512
0 0.138477 0.101399 0.009766 0.011991
0 0.778125 0.965511 0.010156 0.012512
0 0.671875 0.477542 0.009766 0.015119
0 0.682813 0.803897 0.010547 0.011991
0 0.060254 0.921719 0.006494 0.008341
0 0.151074 0.936316 0.008789 0.011469
0 0.022266 0.578681 0.007617 0.008341
0 0.021960 0.521856 0.006812 0.007299
0 0.932813 0.789300 0.008594 0.009384
0 0.174609 0.137632 0.007422 0.010166
0 0.566406 0.588065 0.008984 0.010427
0 0.157813 0.405598 0.006934 0.009905
0 0.757422 0.697024 0.008594 0.011469
0 0.957813 0.729346 0.010156 0.011469
0 0.265039 0.789300 0.008984 0.012512
0 0.571094 0.412897 0.009375 0.011991
0 0.613672 0.790864 0.008594 0.010427
0 0.028784 0.816409 0.011243 0.007820
0 0.828125 0.183249 0.010156 0.011991
0 0.301367 0.176211 0.012109 0.013294
0 0.649219 0.236164 0.011328 0.014597
0 0.823438 0.246070 0.010156 0.006517
0 0.111523 0.206448 0.006738 0.009123
0 0.072559 0.292990 0.009229 0.009905
0 0.783594 0.907121 0.009375 0.009384
0 0.251953 0.061778 0.010742 0.016031
0 0.453906 0.275786 0.010547 0.013555
0 0.621875 0.529676 0.010547 0.009905
0 0.369531 0.079894 0.008398 0.010166
0 0.622656 0.602662 0.009766 0.011469
0 0.346289 0.224434 0.011719 0.008863
0 0.835938 0.393607 0.007031 0.012512
0 0.881250 0.263274 0.008594 0.010687
0 0.238672 0.563041 0.007617 0.008863
0 0.811719 0.829443 0.009375 0.014597
0 0.520312 0.249458 0.008203 0.016683
0 0.245312 0.853945 0.011719 0.011991
0 0.636719 0.681905 0.011719 0.010948
0 0.889063 0.259624 0.008594 0.010948
0 0.069531 0.076636 0.007959 0.010166
0 0.150000 0.146495 0.008203 0.014858
0 0.682031 0.735081 0.008594 0.013033
0 0.289844 0.072465 0.009961 0.012773
0 0.797656 0.731953 0.008984 0.010427
0 0.173633 0.071814 0.010742 0.009645
0 0.577344 0.193936 0.008203 0.012251
0 0.818750 0.623516 0.008594 0.011991
0 0.700000 0.718920 0.008203 0.011469
0 0.860937 0.314625 0.008594 0.009905
0 0.386328 0.029977 0.006055 0.008863
0 0.065625 0.786172 0.006689 0.009905
0 0.912500 0.461381 0.008594 0.016683
0 0.845312 0.760105 0.008594 0.011991
0 0.084766 0.657402 0.007275 0.007299
0 0.920313 0.764797 0.008594 0.010427
0 0.629687 0.204884 0.007422 0.010948
0 0.098438 0.272658 0.010596 0.009384
0 0.987500 0.857073 0.011719 0.013555
0 0.416406 0.135026 0.010156 0.010948
0 0.231250 0.147538 0.008008 0.013294
0 0.672656 0.194458 0.008203 0.010166
0 0.557422 0.240335 0.007812 0.008341
0 0.832813 0.385787 0.009375 0.011991
0 0.025732 0.298724 0.012378 0.008863
0 0.183301 0.029455 0.008984 0.009645
0 0.711719 0.778873 0.006641 0.010948
0 0.556250 0.782001 0.007812 0.010948
0 0.593750 0.627686 0.008203 0.011469
0 0.917188 0.778873 0.007031 0.008863
0 0.576953 0.712142 0.006250 0.011469
0 0.255859 0.092797 0.007812 0.013033
0 0.037256 0.370147 0.009473 0.013033
0 0.941406 0.661052 0.007812 0.014076
0 0.964063 0.271354 0.010156 0.013033
0 0.671094 0.085499 0.010547 0.011339
0 0.788281 0.725697 0.008984 0.010948
0 0.037451 0.518206 0.009814 0.010948
0 0.252539 0.645412 0.009766 0.016161
0 0.900000 0.811196 0.008594 0.011469
0 0.712500 0.655317 0.007422 0.014597
0 0.439063 0.614132 0.008984 0.010948
0 0.629687 0.771053 0.007031 0.014597
0 0.614453 0.277871 0.007812 0.010427
0 0.007507 0.271615 0.009943 0.009645
0 0.121875 0.739252 0.006250 0.007820
0 0.813281 0.395171 0.007812 0.008863
0 0.681250 0.861244 0.008984 0.016161
0 0.220313 0.176993 0.007422 0.011469
0 0.970312 0.602141 0.010156 0.014597
0 0.531250 0.226259 0.011719 0.014076
0 0.309570 0.252326 0.007422 0.011730
0 0.587500 0.381617 0.008984 0.010427
0 0.403125 0.096056 0.009180 0.009645
0 0.716016 0.435835 0.009375 0.010948
0 0.603906 0.417589 0.010547 0.012512
0 0.750000 0.502045 0.009766 0.012512
0 0.393359 0.761148 0.009570 0.015640
0 0.367773 0.749678 0.007812 0.009905
0 0.392773 0.236686 0.008984 0.014076
0 0.101758 0.230951 0.009473 0.016422
0 0.254883 0.460859 0.010547 0.013033
0 0.188477 0.236164 0.008594 0.011991
0 0.900000 0.435835 0.007031 0.011991
0 0.877344 0.331569 0.009375 0.010687
0 0.487891 0.779916 0.007031 0.011991
0 0.982813 0.629772 0.009375 0.009905
0 0.128125 0.466073 0.012207 0.013033
0 0.178223 0.137632 0.006250 0.008081
0 0.330469 0.284648 0.007617 0.009905
0 0.768750 0.552093 0.007422 0.010427
0 0.820312 0.022026 0.006250 0.011209
0 0.622656 0.453561 0.009766 0.008863
0 0.823438 0.813281 0.007031 0.006256
0 0.439063 0.484841 0.010547 0.014076
0 0.873438 0.984279 0.008594 0.015640
0 0.558984 0.984279 0.010937 0.013555
0 0.319922 0.687118 0.009375 0.011991
0 0.751172 0.587544 0.006250 0.011469
0 0.519531 0.779916 0.007812 0.009905
0 0.717188 0.487447 0.008594 0.013555
0 0.099805 0.790343 0.008643 0.008341
0 0.708203 0.321663 0.008594 0.009384
0 0.953906 0.214529 0.009375 0.009384
0 0.338672 0.812239 0.006055 0.014597
0 0.914844 0.229126 0.010938 0.011991
0 0.377539 0.385787 0.007422 0.011991
0 0.325391 0.192633 0.009180 0.011469
0 0.624219 0.231472 0.008984 0.011730
0 0.784375 0.601620 0.010547 0.014597
0 0.142480 0.886789 0.007227 0.010427
0 0.407031 0.345123 0.007422 0.015379
0 0.132031 0.255454 0.006543 0.007038
0 0.809375 0.615174 0.010156 0.009384
0 0.057031 0.310715 0.007568 0.014597
0 0.034277 0.242420 0.010425 0.011209
0 0.532031 0.896695 0.007422 0.008863
0 0.870313 0.382138 0.011719 0.010427
0 0.201758 0.654796 0.009375 0.011991
0 0.558594 0.131376 0.007812 0.009905
0 0.343750 0.528633 0.008203 0.011991
0 0.851562 0.932145 0.009375 0.009384
0 0.920313 0.628729 0.008594 0.016161
0 0.806250 0.940487 0.007812 0.010427
0 0.127148 0.667308 0.011816 0.009905
0 0.541406 0.114694 0.008594 0.009645
0 0.623437 0.521334 0.007812 0.009905
0 0.742188 0.239032 0.007422 0.009905
0 0.497656 0.578681 0.009766 0.008341
0 0.602344 0.119907 0.008984 0.008863
0 0.131250 0.320099 0.010059 0.014337
0 0.665625 0.656881 0.008203 0.008863
0 0.753906 0.489011 0.006641 0.011469
0 0.314844 0.828400 0.009375 0.011469
0 0.072070 0.387873 0.007373 0.008863
0 0.588281 0.160050 0.007812 0.009123
0 0.316211 0.682948 0.009766 0.010948
0 0.685547 0.787736 0.005469 0.009384
0 0.467187 0.353986 0.009766 0.011730
0 0.925781 0.628208 0.009375 0.014597
0 0.344922 0.470243 0.007227 0.008863
0 0.667188 0.725697 0.006641 0.009384
0 0.176465 0.363891 0.008008 0.010427
0 0.461328 0.212704 0.009375 0.012251
0 0.825000 0.909207 0.010938 0.013555
0 0.747266 0.588586 0.008594 0.009384
0 0.887500 0.198107 0.007812 0.010687
0 0.241602 0.859159 0.013281 0.011469
0 0.689063 0.104267 0.005859 0.009645
0 0.562891 0.815367 0.009375 0.015119
0 0.667969 0.283606 0.010547 0.010687
0 0.851562 0.702758 0.007031 0.007820
0 0.906250 0.187680 0.007812 0.012512
0 0.195996 0.450433 0.009961 0.009905
0 0.734375 0.713706 0.008203 0.009384
0 0.807813 0.814845 0.008594 0.012512
0 0.493750 0.247634 0.007812 0.013033
0 0.378125 0.289862 0.008789 0.011730
0 0.770313 0.491097 0.009375 0.009905
0 0.926563 0.553136 0.009375 0.013555
0 0.908594 0.434793 0.010938 0.010948
0 0.272852 0.517163 0.007422 0.015119
0 0.283594 0.147016 0.008789 0.009123
0 0.910938 0.489533 0.008594 0.009384
0 0.306250 0.302374 0.008594 0.014858
0 0.624609 0.559913 0.011719 0.014076
0 0.165820 0.863329 0.010449 0.013033
0 0.546875 0.044183 0.005078 0.011209
0 0.078027 0.387351 0.006055 0.011469
0 0.155469 0.043271 0.007520 0.011339
0 0.766797 0.406119 0.007812 0.012512
0 0.134277 0.580766 0.009570 0.012512
0 0.651563 0.818495 0.009375 0.010948
0 0.156250 0.921719 0.008398 0.014597
0 0.473437 0.340431 0.010937 0.015379
0 0.825781 0.736124 0.007812 0.011991
0 0.440625 0.570340 0.008984 0.009905
0 0.268359 0.489011 0.008008 0.010948
0 0.131836 0.306023 0.007812 0.010948
0 0.119922 0.353986 0.008105 0.012773
0 0.888281 0.563562 0.006250 0.008341
0 0.881250 0.620909 0.009375 0.011469
0 0.870313 0.341213 0.008594 0.012512
0 0.831250 0.672521 0.007031 0.007820
0 0.014673 0.468158 0.010181 0.009384
0 0.378711 0.070641 0.007812 0.009254
0 0.954687 0.762190 0.006250 0.009384
0 0.065332 0.361806 0.008105 0.011209
0 0.130859 0.289340 0.007324 0.007559
0 0.290625 0.881055 0.008008 0.007820
0 0.111719 0.595364 0.008691 0.011991
0 0.088867 0.506737 0.010498 0.010427
0 0.488281 0.193936 0.008594 0.013815
0 0.264844 0.147538 0.010547 0.011730
0 0.002505 0.871671 0.004449 0.007820
0 0.601562 0.255193 0.010547 0.013555
0 0.850000 0.673042 0.008594 0.007299
0 0.447656 0.418110 0.008984 0.012512
0 0.203516 0.782001 0.006836 0.007820
0 0.225391 0.297160 0.009180 0.012773
0 0.744922 0.927975 0.007812 0.012512
0 0.839844 0.005344 0.007812 0.008602
0 0.170410 0.581288 0.008398 0.009384
0 0.748438 0.063342 0.004687 0.006908
0 0.750781 0.971767 0.010156 0.011469
0 0.921094 0.502566 0.010937 0.010948
0 0.614453 0.151448 0.010938 0.013555
0 0.739844 0.968639 0.010547 0.012512
0 0.008850 0.542709 0.009863 0.010427
0 0.431641 0.114694 0.009375 0.008341
0 0.785937 0.278914 0.005859 0.012251
0 0.628125 0.629772 0.007031 0.013033
0 0.051953 0.338085 0.009814 0.010427
0 0.621875 0.462945 0.007031 0.010948
0 0.616797 0.511950 0.010156 0.013033
0 0.795313 0.705886 0.008203 0.008863
0 0.662500 0.366498 0.007812 0.012251
0 0.276367 0.868543 0.007812 0.009905
0 0.817188 0.238510 0.007031 0.011991
0 0.366602 0.523419 0.010156 0.011991
0 0.470313 0.324531 0.007812 0.009905
0 0.567969 0.638113 0.009375 0.013555
0 0.497656 0.502566 0.011719 0.010427
0 0.851562 0.840391 0.008594 0.008863
0 0.620313 0.542188 0.004687 0.007299
0 0.914062 0.444698 0.008594 0.011469
0 0.851562 0.540623 0.010156 0.011469
0 0.214844 0.542709 0.011133 0.012512
0 0.648438 0.405598 0.007422 0.010427
0 0.592969 0.146756 0.009375 0.013033
0 0.452734 0.097359 0.008594 0.008081
0 0.078662 0.070119 0.008594 0.006777
0 0.163574 0.891481 0.010352 0.016161
0 0.929688 0.998135 0.007812 0.003730
0 0.678516 0.577117 0.009375 0.011469
0 0.516406 0.489011 0.010547 0.012512
0 0.529688 0.942572 0.008594 0.013555
0 0.012744 0.250762 0.007892 0.012251
0 0.651563 0.518206 0.008203 0.013033
0 0.934375 0.221046 0.008594 0.009384
0 0.463281 0.399342 0.008203 0.008341
0 0.120801 0.037275 0.009180 0.010818
0 0.363281 0.304198 0.008789 0.016161
0 0.349219 0.261449 0.011328 0.014076
0 0.665625 0.566690 0.008203 0.015640
0 0.821875 0.151708 0.007812 0.011209
0 0.084766 0.127727 0.009131 0.014337
0 0.002277 0.172562 0.004553 0.008863
0 0.682813 0.338867 0.008594 0.011730
0 0.092480 0.110523 0.007959 0.010948
0 0.112988 0.864372 0.008203 0.011991
0 0.535937 0.665222 0.008594 0.009905
0 0.925000 0.580766 0.010156 0.010948
0 0.868750 0.233818 0.010156 0.010427
0 0.161133 0.454603 0.008789 0.009384
0 0.301758 0.656360 0.008984 0.010427
0 0.760156 0.736124 0.007422 0.010948
0 0.779688 0.772096 0.009766 0.013555
0 0.010864 0.668350 0.008014 0.009905
0 0.543750 0.889917 0.007422 0.012512
0 0.250195 0.022417 0.007812 0.011600
0 0.426953 0.075854 0.010156 0.014076
0 0.035449 0.306544 0.009058 0.009384
0 0.601172 0.264316 0.010938 0.011730
0 0.542188 0.211662 0.009766 0.010166
0 0.849219 0.757499 0.007812 0.012512
0 0.879688 0.226259 0.008594 0.010166
0 0.455859 0.044704 0.007031 0.012773
0 0.033252 0.238510 0.007788 0.014076
0 0.960938 0.261188 0.008594 0.007299
0 0.556250 0.512993 0.008203 0.013033
0 0.082275 0.087063 0.006934 0.011339
0 0.939844 0.004008 0.006250 0.008016
0 0.451563 0.201756 0.008984 0.010948
0 0.223438 0.418110 0.008008 0.010948
0 0.112891 0.657924 0.008203 0.011991
0 0.709766 0.994706 0.007812 0.010427
0 0.019800 0.821623 0.006152 0.007299
0 0.507812 0.688161 0.010547 0.009905
0 0.721094 0.615696 0.008203 0.008341
0 0.109375 0.762191 0.008887 0.007820
0 0.982813 0.740294 0.010156 0.008341
0 0.149609 0.406119 0.007617 0.011469
0 0.300391 0.979066 0.008984 0.012512
0 0.709766 0.636028 0.011719 0.010948
0 0.659766 0.118864 0.008594 0.010948
0 0.918750 0.370147 0.011719 0.010687
0 0.102441 0.202799 0.008643 0.011209
0 0.341797 0.530718 0.007227 0.007820
0 0.296094 0.946743 0.009766 0.009384
0 0.610938 0.301852 0.005859 0.008602
0 0.388867 0.288558 0.008594 0.011469
0 0.786328 0.777831 0.008594 0.013033
0 0.140918 0.661573 0.006445 0.011469
0 0.953906 0.198107 0.009375 0.007038
0 0.205859 0.902951 0.006641 0.010948
0 0.527344 0.723612 0.008984 0.009905
0 0.895313 0.801291 0.010938 0.011469
0 0.853906 0.637070 0.010938 0.010948
0 0.996484 0.346166 0.007031 0.010427
0 0.965625 0.848211 0.009375 0.009384
0 0.187988 0.736124 0.007812 0.011991
0 0.787109 0.246591 0.007031 0.008602
0 0.138867 0.286734 0.008105 0.016943
0 0.910938 0.304459 0.005469 0.007559
0 0.880469 0.737166 0.009375 0.015640
0 0.645703 0.623516 0.009375 0.016161
0 0.060938 0.086541 0.007959 0.011600
0 0.432422 0.119907 0.010937 0.011469
0 0.710156 0.703801 0.013672 0.016161
0 0.453125 0.569297 0.010156 0.009905
0 0.532031 0.071292 0.007422 0.010687
0 0.614844 0.776788 0.009375 0.014597
0 0.505469 0.915463 0.008203 0.011469
0 0.352148 0.578681 0.009766 0.013555
0 0.032422 0.286734 0.011206 0.016161
0 0.594141 0.405598 0.010156 0.010948
0 0.768750 0.473893 0.007422 0.011469
0 0.894531 0.104267 0.009375 0.013946
0 0.778125 0.878969 0.010547 0.008863
0 0.450000 0.653753 0.008203 0.010948
0 0.621094 0.721526 0.010547 0.014076
0 0.121289 0.409769 0.010742 0.013033
0 0.867188 0.703280 0.007031 0.006256
0 0.555469 0.811717 0.007422 0.011469
0 0.174609 0.129291 0.007129 0.015379
0 0.903906 0.896173 0.007812 0.011469
0 0.476953 0.318014 0.009375 0.012512
0 0.384766 0.388915 0.009180 0.011991
0 0.101074 0.037275 0.006055 0.007429
0 0.394922 0.166827 0.010156 0.015379
0 0.099609 0.372754 0.009814 0.009384
0 0.214063 0.579202 0.006250 0.010427
0 0.395117 0.233036 0.008594 0.010948
0 0.564844 0.595885 0.009375 0.012512
0 0.497656 0.689204 0.008984 0.013033
0 0.191602 0.507779 0.006250 0.009905
0 0.083691 0.798163 0.008350 0.014597
0 0.879688 0.212965 0.005469 0.007820
0 0.265625 0.740294 0.009375 0.009384
0 0.432031 0.809632 0.009766 0.012512
0 0.065918 0.223131 0.011084 0.010166
0 0.813281 0.277089 0.009375 0.013555
0 0.058203 0.651146 0.010791 0.014597
0 0.705469 0.702758 0.007031 0.010948
0 0.782031 0.384745 0.009375 0.010948
0 0.666406 0.181164 0.009375 0.010427
0 0.101953 0.292468 0.009326 0.013294
0 0.595313 0.978023 0.011328 0.012512
0 0.446094 0.073247 0.008594 0.010427
0 0.946875 0.144931 0.009375 0.009384
0 0.215234 0.737688 0.010352 0.010427
0 0.308008 0.857073 0.008594 0.008863
0 0.703125 0.155358 0.009375 0.010948
0 0.427344 0.816409 0.010547 0.010948
0 0.218555 0.094622 0.011328 0.014467
0 0.532813 0.801812 0.007422 0.010948
0 0.714453 0.963426 0.010156 0.011469
0 0.052832 0.764276 0.005981 0.006777
0 0.784375 0.919633 0.010547 0.011469
0 0.591406 0.042749 0.005078 0.009123
0 0.009906 0.431665 0.009680 0.008863
0 0.309766 0.119386 0.007617 0.010166
0 0.970312 0.590150 0.008594 0.007820
0 0.349609 0.190548 0.007617 0.011469
0 0.278516 0.538017 0.006250 0.007820
0 0.077686 0.351379 0.012109 0.015901
0 0.288086 0.440006 0.007422 0.010948
0 0.907812 0.622473 0.009375 0.012512
0 0.539844 0.578681 0.008984 0.014597
0 0.720313 0.208012 0.008203 0.011730
0 0.212891 0.378489 0.007617 0.010948
0 0.716406 0.602662 0.008984 0.009905
0 0.753906 0.839348 0.009766 0.010948
0 0.231250 0.674606 0.009961 0.011469
0 0.794531 0.520292 0.009766 0.013033
0 0.169922 0.251544 0.008301 0.012512
0 0.153809 0.034147 0.009570 0.011078
0 0.910156 0.961340 0.010938 0.015640
0 0.386328 0.254932 0.008203 0.012251
0 0.156836 0.387873 0.007227 0.007299
0 0.453125 0.545316 0.007422 0.013033
0 0.892188 0.162396 0.007812 0.007299
0 0.057715 0.289601 0.010107 0.011991
0 0.056934 0.100878 0.009961 0.016161
0 0.152441 0.783044 0.007812 0.009905
0 0.269922 0.362327 0.009570 0.012251
0 0.294922 0.368583 0.008789 0.010427
0 0.488281 0.070119 0.009766 0.010557
0 0.218945 0.570340 0.008203 0.011991
0 0.864063 0.846647 0.005469 0.007820
0 0.576172 0.247634 0.007812 0.011991
0 0.789453 0.286734 0.009375 0.015119
0 0.776563 0.247112 0.009766 0.005995
0 0.353125 0.538017 0.009180 0.017204
0 0.068213 0.251022 0.010840 0.016683
0 0.107813 0.707450 0.006543 0.010427
0 0.369922 0.381617 0.007617 0.008863
0 0.125293 0.454603 0.008594 0.009905
0 0.306250 0.119386 0.008594 0.009905
0 0.286133 0.655838 0.007031 0.005735
0 0.257031 0.782001 0.009180 0.008863
0 0.028613 0.855509 0.004565 0.008341
0 0.734375 0.876884 0.007812 0.014076
0 0.968750 0.890439 0.007812 0.009905
0 0.183594 0.877927 0.009375 0.010427
0 0.738672 0.695981 0.008594 0.009384
0 0.975000 0.389958 0.009375 0.010948
0 0.895313 0.020723 0.007031 0.012251
0 0.728125 0.321663 0.008203 0.009645
0 0.823438 0.967596 0.007031 0.012512
0 0.712500 0.869064 0.008594 0.013555
0 0.632812 0.961340 0.008203 0.011469
0 0.192676 0.970724 0.005664 0.008341
0 0.412500 0.208273 0.008203 0.014076
0 0.721875 0.291947 0.010547 0.012773
0 0.314258 0.995267 0.007422 0.009465
0 0.393750 0.223392 0.008789 0.015640
0 0.958594 0.881055 0.010938 0.010948
0 0.264062 0.350858 0.011914 0.013294
0 0.522656 0.718398 0.009766 0.011469
0 0.736719 0.634985 0.010156 0.011469
0 0.588672 0.103745 0.007031 0.013033
0 0.746875 0.903993 0.008984 0.008341
0 0.194727 0.387873 0.007520 0.011991
0 0.526563 0.755934 0.008203 0.007299
0 0.857813 0.044574 0.007812 0.009254
0 0.848438 0.248155 0.007031 0.009123
0 0.501563 0.906079 0.010156 0.010427
0 0.347266 0.410811 0.010547 0.011991
0 0.717188 0.576596 0.007422 0.009905
0 0.578516 0.298464 0.010937 0.014597
0 0.353906 0.787736 0.007227 0.011469
0 0.600781 0.271876 0.010547 0.009905
0 0.680469 0.357635 0.007031 0.011730
0 0.164062 0.370147 0.006445 0.010166
0 0.077832 0.730910 0.008301 0.006777
0 0.437500 0.687118 0.008203 0.013033
0 0.651563 0.371190 0.008594 0.008863
0 0.921875 0.244766 0.007812 0.008863
0 0.100195 0.753328 0.007861 0.013555
0 0.687500 0.881055 0.008203 0.014076
0 0.372656 0.181424 0.008008 0.010427
0 0.614062 0.187420 0.007422 0.009905
0 0.667969 0.203842 0.008594 0.007820
0 0.022119 0.587022 0.008923 0.010948
0 0.613672 0.345645 0.007812 0.008602
0 0.084863 0.353465 0.010986 0.009123
0 0.692578 0.864893 0.007812 0.009384
0 0.442969 0.496310 0.008203 0.009905
0 0.462891 0.432707 0.010156 0.020332
0 0.579688 0.888353 0.007812 0.016161
0 0.743750 0.660530 0.008203 0.012512
0 0.129492 0.779395 0.008887 0.011469
0 0.760938 0.783044 0.008203 0.010427
0 0.974219 0.615174 0.007812 0.009905
0 0.975000 0.137893 0.007812 0.011991
0 0.813281 0.606833 0.007812 0.009905
0 0.589063 0.359721 0.007422 0.012773
0 0.574609 0.471286 0.010156 0.013033
0 0.814844 0.087323 0.004687 0.007168
0 0.317578 0.857073 0.007227 0.009905
0 0.059180 0.956127 0.005029 0.006256
0 0.457812 0.307587 0.011328 0.012512
0 0.317188 0.087845 0.008789 0.009384
0 0.121484 0.520292 0.008984 0.010948
0 0.069531 0.364673 0.008350 0.008863
0 0.308008 0.900865 0.009375 0.013555
0 0.109961 0.027631 0.006934 0.009514
0 0.417188 0.162135 0.005859 0.010166
0 0.580078 0.442613 0.010938 0.013555
0 0.283203 0.365455 0.010742 0.010427
0 0.088037 0.620388 0.007910 0.011991
0 0.118945 0.395171 0.009473 0.014597
0 0.906250 0.053306 0.008594 0.009123
0 0.480078 0.738209 0.007031 0.007820
0 0.442187 0.870107 0.008203 0.011469
0 0.612500 0.459817 0.008203 0.009905
0 0.263281 0.866979 0.009375 0.010427
0 0.585938 0.394129 0.006641 0.011991
0 0.860938 0.098923 0.007812 0.008081
0 0.553125 0.493182 0.011328 0.011991
0 0.034375 0.514036 0.010254 0.012512
0 0.238672 0.795035 0.011133 0.017725
0 0.280078 0.039882 0.009375 0.008602
0 0.564063 0.964468 0.007422 0.010427
0 0.049463 0.204624 0.009473 0.011469
0 0.849219 0.626644 0.012500 0.012512
0 0.473047 0.299767 0.010937 0.011991
0 0.643359 0.822665 0.007031 0.013555
0 0.528906 0.625601 0.012891 0.013555
0 0.636328 0.669393 0.009375 0.010948
0 0.668750 0.838305 0.008594 0.014076
0 0.653125 0.622994 0.010547 0.008341
0 0.282813 0.591193 0.013086 0.015119
0 0.282031 0.806504 0.006641 0.014597
0 0.482031 0.804940 0.006250 0.007299
0 0.696094 0.054740 0.005859 0.011469
0 0.284375 0.715270 0.008789 0.008863
0 0.544922 0.221046 0.008594 0.009123
0 0.903125 0.353465 0.008594 0.011469
0 0.352344 0.775224 0.010938 0.012512
0 0.011005 0.017725 0.007336 0.012121
0 0.728125 0.380574 0.007031 0.006777
0 0.162695 0.543230 0.009082 0.011991
0 0.950781 0.494225 0.009375 0.009905
0 0.235352 0.059562 0.007812 0.009123
0 0.558984 0.061648 0.006250 0.010166
0 0.868750 0.677734 0.007812 0.011991
0 0.064258 0.731432 0.006006 0.010427
0 0.703906 0.162135 0.010156 0.007299
0 0.821875 0.536974 0.008594 0.013033
0 0.869531 0.852903 0.007812 0.010948
0 0.748438 0.713185 0.009766 0.011991
0 0.300000 0.440006 0.008789 0.011469
0 0.041943 0.223392 0.006860 0.009905
0 0.148047 0.961340 0.007129 0.011469
0 0.458594 0.271615 0.009766 0.011469
0 0.614844 0.202538 0.010156 0.013555
0 0.064648 0.706929 0.008252 0.008341
0 0.928125 0.814324 0.009375 0.005735
0 0.276953 0.204363 0.009570 0.010687
0 0.680469 0.606312 0.010547 0.010427
0 0.764844 0.714228 0.008984 0.010948
0 0.717188 0.986364 0.006250 0.009384
0 0.110156 0.364413 0.008789 0.006256
0 0.218945 0.565126 0.008984 0.011991
0 0.423828 0.077939 0.012500 0.014206
0 0.386133 0.194979 0.013281 0.013555
0 0.680469 0.192894 0.008594 0.011730
0 0.935938 0.612046 0.006250 0.006777
0 0.026318 0.254150 0.009192 0.009905
0 0.385547 0.381095 0.008789 0.009384
0 0.521094 0.713706 0.008984 0.013555
0 0.790625 0.802855 0.009766 0.009905
0 0.702734 0.978023 0.009375 0.011469
0 0.210547 0.572425 0.007031 0.006777
0 0.280078 0.520292 0.007227 0.010948
0 0.801563 0.154054 0.007422 0.009905
0 0.231641 0.104006 0.008789 0.011469
0 0.630469 0.536974 0.008984 0.011991
0 0.063379 0.924847 0.007275 0.008341
0 0.838281 0.343038 0.010938 0.013555
0 0.946875 0.854988 0.007031 0.008341
0 0.786719 0.394650 0.008203 0.014597
0 0.557813 0.697024 0.008203 0.010427
0 0.471875 0.662094 0.009375 0.014597
0 0.401953 0.629772 0.007227 0.005213
0 0.445312 0.246591 0.008203 0.013815
0 0.400781 0.038057 0.011328 0.010818
0 0.321484 0.187680 0.006055 0.017465
0 0.258398 0.377446 0.010156 0.010427
0 0.148438 0.737688 0.007715 0.010427
0 0.333398 0.494225 0.006641 0.010948
0 0.318555 0.186116 0.007422 0.015379
0 0.514844 0.040143 0.008984 0.010427
0 0.294922 0.297160 0.009180 0.011209
0 0.194531 0.163178 0.007324 0.010427
0 0.349219 0.778873 0.010547 0.010427
0 0.244336 0.380053 0.009375 0.013555
0 0.554297 0.884704 0.013281 0.011469
0 0.875000 0.198628 0.008594 0.010948
0 0.474219 0.147016 0.007812 0.008602
0 0.292383 0.349294 0.007422 0.009384
0 0.271094 0.927975 0.008398 0.011469
0 0.265625 0.783044 0.007617 0.008341
0 0.232422 0.618302 0.009180 0.010948
0 0.138379 0.293250 0.008008 0.012512
0 0.090039 0.796077 0.009863 0.011469
0 0.288672 0.668872 0.009570 0.013555
0 0.840625 0.685554 0.008594 0.008341
0 0.213086 0.044835 0.008594 0.011860
0 0.039722 0.979066 0.005859 0.010427
0 0.939844 0.158486 0.010938 0.010687
0 0.632812 0.059693 0.010547 0.016031
0 0.532813 0.614132 0.008203 0.009384
0 0.946875 0.911292 0.010156 0.011469
0 0.975000 0.131898 0.010156 0.009645
0 0.714063 0.636028 0.011719 0.013555
0 0.742188 0.563041 0.008984 0.010948
0 0.020215 0.248676 0.009912 0.011730
0 0.391797 0.243463 0.007422 0.009905
0 0.349609 0.104527 0.008008 0.007820
0 0.358984 0.234340 0.007422 0.009384
0 0.871094 0.285430 0.010938 0.011991
0 0.383203 0.278392 0.009375 0.013294
0 0.269531 0.455646 0.010352 0.015640
0 0.778516 0.909207 0.010156 0.010427
0 0.562109 0.502566 0.009375 0.014076
0 0.773438 0.458253 0.008203 0.011469
0 0.216406 0.476499 0.008398 0.012512
0 0.785156 0.607354 0.011719 0.012512
0 0.441406 0.890439 0.007422 0.009384
0 0.498437 0.882097 0.007812 0.010427
0 0.706250 0.866457 0.010156 0.013033
0 0.227734 0.175168 0.010352 0.012512
0 0.564844 0.173604 0.008594 0.011469
0 0.027246 0.690768 0.010352 0.007299
0 0.862500 0.798684 0.007031 0.007820
0 0.516406 0.145974 0.010547 0.009645
0 0.728125 0.758541 0.009766 0.013555
0 0.960938 0.769489 0.008594 0.009384
0 0.865625 0.382138 0.010156 0.010427
0 0.932813 0.347730 0.010156 0.008602
0 0.166406 0.051091 0.010254 0.013033
0 0.755078 0.773660 0.010156 0.014597
0 0.164844 0.083544 0.010449 0.012251
0 0.686719 0.352422 0.007422 0.009384
0 0.413281 0.453039 0.008984 0.011469
0 0.002325 0.728825 0.004651 0.007299
0 0.912500 0.113651 0.007812 0.014337
0 0.052979 0.145974 0.008008 0.011991
0 0.518750 0.678777 0.007422 0.009905
0 0.182812 0.332872 0.007910 0.008863
0 0.606250 0.369105 0.008203 0.011469
0 0.689844 0.192372 0.010937 0.014337
0 0.828125 0.418110 0.007812 0.011469
0 0.162891 0.283606 0.003320 0.004171
0 0.013293 0.169955 0.006958 0.008341
0 0.259570 0.409247 0.010547 0.013555
0 0.683594 0.959255 0.010547 0.014597
0 0.184180 0.445219 0.004492 0.008863
0 0.947656 0.923804 0.009375 0.009384
0 0.514453 0.722569 0.010937 0.010427
0 0.592187 0.459817 0.005859 0.008863
0 0.721484 0.223392 0.007031 0.010427
0 0.307227 0.287776 0.008594 0.010687
0 0.501563 0.754892 0.008203 0.010427
0 0.833594 0.846647 0.009375 0.010948
0 0.238086 0.594321 0.008203 0.014076
0 0.015430 0.088887 0.007239 0.007950
0 0.965625 0.766361 0.009375 0.008863
0 0.591406 0.381617 0.006250 0.011469
0 0.098828 0.506737 0.008350 0.008341
0 0.567188 0.957170 0.007812 0.007299
0 0.971875 0.778352 0.010156 0.010427
0 0.012469 0.754892 0.009607 0.009905
0 0.546875 0.568254 0.008984 0.010948
0 0.322266 0.894609 0.008398 0.011469
0 0.187598 0.177254 0.011328 0.014858
0 0.353906 0.203320 0.008008 0.011209
0 0.589844 0.445219 0.009766 0.013033
0 0.324023 0.547401 0.010938 0.013555
0 0.285547 0.572946 0.007227 0.008341
0 0.335156 0.287516 0.006836 0.010948
0 0.365234 0.387873 0.008008 0.013033
0 0.571875 0.589108 0.008984 0.010948
0 0.298828 0.022287 0.007812 0.013033
0 0.659375 0.645412 0.008594 0.010948
0 0.044995 0.361285 0.008740 0.010427
0 0.544531 0.721005 0.007031 0.011469
0 0.726562 0.863851 0.006641 0.006256
0 0.694531 0.617260 0.010156 0.014076
0 0.817188 0.584937 0.008594 0.009905
0 0.398828 0.942572 0.008789 0.012512
0 0.756641 0.256496 0.007812 0.009645
0 0.291016 0.401427 0.010352 0.010427
0 0.573438 0.087063 0.006641 0.008732
0 0.740625 0.556785 0.008984 0.012512
0 0.465234 0.915463 0.007812 0.009384
0 0.729688 0.662094 0.007812 0.009384
0 0.117188 0.217396 0.008594 0.009645
0 0.564453 0.896695 0.010156 0.008341
0 0.732031 0.238771 0.008203 0.012773
0 0.514453 0.105831 0.008594 0.008341
0 0.403906 0.038970 0.007812 0.010427
0 0.117578 0.163438 0.009277 0.011469
0 0.301953 0.243463 0.010352 0.011209
0 0.846875 0.624558 0.008594 0.009905
0 0.745313 0.687118 0.007422 0.010948
0 0.607813 0.423323 0.008203 0.011991
0 0.293359 0.785129 0.009180 0.012512
0 0.348047 0.785129 0.010156 0.010948
0 0.152539 0.640198 0.008008 0.010427
0 0.365625 0.191590 0.009961 0.012512
0 0.675000 0.703280 0.010547 0.015640
0 0.990625 0.506737 0.009375 0.009384
0 0.091504 0.360763 0.007959 0.010166
0 0.143652 0.831007 0.007617 0.014076
0 0.127637 0.691289 0.008398 0.011991
0 0.879688 0.822665 0.007031 0.007820
0 0.637500 0.658966 0.010547 0.013555
0 0.755859 0.456689 0.007031 0.008863
0 0.615625 0.371711 0.010937 0.011730
0 0.607813 0.518206 0.008594 0.010948
0 0.294141 0.938401 0.008398 0.010427
0 0.166895 0.025024 0.010547 0.010557
0 0.360938 0.258060 0.008008 0.012512
0 0.660937 0.393086 0.010547 0.011991
0 0.077881 0.971767 0.008398 0.009384
0 0.143555 0.427494 0.007520 0.010948
0 0.797656 0.638113 0.008203 0.008863
0 0.169727 0.264056 0.008594 0.010948
0 0.332813 0.619345 0.008789 0.013555
0 0.931250 0.322967 0.008594 0.010427
0 0.088281 0.347730 0.010156 0.013033
0 0.575391 0.596406 0.009375 0.010948
0 0.507422 0.435835 0.009375 0.011991
0 0.448438 0.919633 0.006641 0.009384
0 0.147949 0.134504 0.008984 0.010166
0 0.018738 0.260406 0.008862 0.011469
0 0.099512 0.112608 0.007568 0.008341
0 0.507031 0.679820 0.010938 0.013033
0 0.571094 0.661573 0.007422 0.010427
0 0.794922 0.804419 0.008594 0.009384
0 0.922656 0.887311 0.009375 0.011469
0 0.120898 0.856031 0.004590 0.009905
0 0.389844 0.951956 0.008398 0.010427
0 0.853125 0.163178 0.006250 0.005995
0 0.233984 0.718398 0.009961 0.012512
0 0.621875 0.290122 0.008984 0.008863
0 0.843750 0.695460 0.008594 0.011469
0 0.453125 0.527590 0.008984 0.014076
0 0.026221 0.695981 0.011597 0.011469
0 0.139258 0.772096 0.007324 0.009384
0 0.158594 0.580766 0.006445 0.008341
0 0.634375 0.804940 0.010156 0.014076
0 0.421484 0.119125 0.009375 0.008341
0 0.028027 0.259103 0.010559 0.011209
0 0.269531 0.438963 0.010742 0.011991
0 0.733594 0.035451 0.004297 0.009123
0 0.521094 0.875841 0.009766 0.013033
0 0.663281 0.563562 0.008203 0.014597
0 0.284375 0.894609 0.007617 0.011991
0 0.731641 0.622994 0.010156 0.012512
0 0.890625 0.480670 0.010156 0.010948
0 0.603125 0.451475 0.008984 0.010427
0 0.352344 0.217396 0.012109 0.011730
0 0.267188 0.990535 0.011133 0.009384
0 0.125586 0.441570 0.009668 0.009384
0 0.063330 0.064906 0.008203 0.009123
0 0.372266 0.192112 0.008594 0.010948
0 0.887500 0.176472 0.007812 0.014076
0 0.396875 0.201235 0.011133 0.016422
0 0.629687 0.210098 0.011328 0.008341
0 0.398438 0.661573 0.005664 0.008341
0 0.982813 0.623516 0.008594 0.014076
0 0.045898 0.351901 0.009692 0.012251
0 0.939063 0.665222 0.011719 0.017204
0 0.040039 0.352683 0.009790 0.013033
0 0.140039 0.754892 0.004004 0.010948
0 0.591406 0.790864 0.007422 0.009384
0 0.966406 0.542188 0.009375 0.010948
0 0.993750 0.119125 0.009375 0.010948
0 0.558984 0.456167 0.013281 0.013555
0 0.403906 0.484841 0.008789 0.013555
0 0.393555 0.481713 0.009766 0.010948
0 0.454688 0.196282 0.007812 0.013033
0 0.423828 0.222610 0.008594 0.009645
0 0.627344 0.078982 0.009375 0.010818
0 0.857813 0.122514 0.007812 0.011991
0 0.502734 0.444698 0.008594 0.012512
0 0.493750 0.137111 0.008594 0.013555
0 0.644531 0.826315 0.007422 0.014597
0 0.329688 0.567212 0.011914 0.013555
0 0.194336 0.778873 0.008301 0.014076
0 0.735156 0.519249 0.008203 0.010948
0 0.634375 0.773660 0.008984 0.008863
0 0.567187 0.162396 0.008203 0.008341
0 0.233984 0.606312 0.006641 0.007299
0 0.027734 0.530718 0.009448 0.010948
0 0.444531 0.879491 0.007422 0.007299
0 0.150586 0.120950 0.008203 0.013555
0 0.545313 0.128770 0.008203 0.011730
0 0.707813 0.989492 0.007812 0.008341
0 0.173633 0.691289 0.008594 0.007820
0 0.973438 0.760105 0.009375 0.014076
0 0.553906 0.739252 0.008203 0.008341
0 0.850000 0.054870 0.007812 0.011730
0 0.671094 0.795556 0.010156 0.008863
0 0.856250 0.264316 0.007812 0.010166
0 0.966406 0.138154 0.007812 0.009384
0 0.871875 0.109220 0.009375 0.010948
0 0.344922 0.078982 0.007227 0.007950
0 0.914062 0.412375 0.008594 0.011469
0 0.152637 0.104788 0.007227 0.010557
0 0.121387 0.872713 0.007617 0.010427
0 0.607031 0.550529 0.010547 0.013033
0 0.682422 0.248416 0.011719 0.011469
0 0.539062 0.739252 0.011328 0.010427
0 0.521094 0.203581 0.008203 0.012512
0 0.017798 0.062560 0.007117 0.005474
0 0.483203 0.105831 0.007812 0.008863
0 0.975000 0.841433 0.011719 0.011991
0 0.923437 0.728825 0.007031 0.009384
0 0.328125 0.226780 0.009375 0.011209
0 0.946875 0.548444 0.009375 0.015640
0 0.976562 0.272136 0.010938 0.014858
0 0.381445 0.470243 0.009766 0.011469
0 0.020166 0.631857 0.009668 0.009384
0 0.626953 0.786172 0.008594 0.011991
0 0.900781 0.969682 0.007812 0.011469
0 0.016943 0.622473 0.004688 0.007299
0 0.920313 0.645412 0.008594 0.009905
0 0.865625 0.878969 0.010156 0.015119
0 0.814062 0.594321 0.007031 0.010948
0 0.102930 0.272136 0.008008 0.009123
0 0.667969 0.026588 0.009766 0.012642
0 0.133789 0.143367 0.007422 0.009645
0 0.566016 0.059432 0.009375 0.011600
0 0.357031 0.942572 0.008398 0.015640
0 0.560156 0.896695 0.010547 0.010948
0 0.492188 0.769489 0.007422 0.007820
0 0.031250 0.814324 0.010938 0.010948
0 0.443359 0.417589 0.007812 0.012512
0 0.912500 0.978023 0.010156 0.009384
0 0.210547 0.220524 0.008203 0.013033
0 0.419531 0.482234 0.008984 0.015640
0 0.974219 0.543230 0.007812 0.013033
0 0.119141 0.637070 0.006738 0.014076
0 0.787500 0.529676 0.007422 0.010948
0 0.189746 0.836741 0.009180 0.008341
0 0.028003 0.363370 0.009705 0.011209
0 0.611719 0.943615 0.008203 0.012512
0 0.633594 0.945700 0.008203 0.010427
0 0.357812 0.161353 0.008594 0.012512
0 0.632031 0.398299 0.007422 0.010427
0 0.686719 0.697545 0.010938 0.016161
0 0.917969 0.625601 0.007812 0.015119
0 0.803906 0.753849 0.009375 0.010948
0 0.657813 0.242420 0.009766 0.010687
0 0.842188 0.773660 0.010156 0.007820
0 0.480469 0.789821 0.005078 0.009384
0 0.734375 0.229648 0.007031 0.008863
0 0.183398 0.893567 0.008105 0.010948
0 0.973438 0.709014 0.010156 0.014076
0 0.996875 0.210358 0.005469 0.009384
0 0.265234 0.760105 0.007422 0.010948
0 0.455469 0.930060 0.005859 0.009384
0 0.932813 0.496310 0.007812 0.009905
0 0.895313 0.146756 0.010156 0.007820
0 0.451953 0.179600 0.008594 0.011991
0 0.743750 0.654796 0.007422 0.014076
0 0.525000 0.994485 0.007812 0.011029
0 0.839063 0.065167 0.008594 0.010036
0 0.500781 0.508822 0.010156 0.011991
0 0.249219 0.526547 0.008789 0.011991
0 0.701562 0.077027 0.007812 0.010427
0 0.651563 0.158486 0.009766 0.013815
0 0.519141 0.927975 0.008594 0.011469
0 0.401172 0.651668 0.009961 0.010948
0 0.195117 0.715270 0.009082 0.006777
0 0.834375 0.460859 0.007812 0.013033
0 0.643750 0.569297 0.007812 0.010948
0 0.545312 0.894609 0.007812 0.011991
0 0.781250 0.967596 0.009766 0.013555
0 0.876562 0.069989 0.009375 0.013294
0 0.560156 0.862808 0.007422 0.013555
0 0.264453 0.476499 0.015820 0.018768
0 0.792188 0.296118 0.008203 0.011209
0 0.382227 0.053437 0.006641 0.010296
0 0.720703 0.227562 0.008594 0.010427
0 0.784375 0.829964 0.010547 0.011469
0 0.185254 0.279956 0.007617 0.011730
0 0.391797 0.588065 0.009766 0.013033
0 0.612891 0.473371 0.008594 0.013033
0 0.489062 0.839348 0.006641 0.007820
0 0.717187 0.997614 0.005859 0.004773
0 0.728125 0.137111 0.007031 0.008863
0 0.025146 0.234600 0.009888 0.012773
0 0.460938 0.262492 0.007422 0.011991
0 0.723437 0.619345 0.012109 0.009905
0 0.648438 0.557828 0.007812 0.014597
0 0.622656 0.379531 0.009766 0.014076
0 0.654687 0.243984 0.009766 0.009384
0 0.743750 0.905036 0.008594 0.009905
0 0.301953 0.547401 0.010937 0.013555
0 0.934375 0.101660 0.008594 0.009645
0 0.845312 0.216354 0.007031 0.008602
0 0.093799 0.248676 0.007813 0.012251
0 0.069580 0.311236 0.010742 0.012512
0 0.497656 0.606833 0.009375 0.009905
0 0.511328 0.645412 0.007031 0.012512
0 0.140820 0.089930 0.010449 0.009384
0 0.789844 0.665744 0.007812 0.008341
0 0.169531 0.822144 0.008398 0.012512
0 0.579688 0.675649 0.008203 0.010948
0 0.302930 0.255714 0.008203 0.011991
0 0.621875 0.429579 0.010547 0.010427
0 0.081592 0.685033 0.008008 0.011991
0 0.541797 0.743423 0.007812 0.010948
0 0.127441 0.396214 0.007617 0.011991
0 0.097363 0.379010 0.011084 0.010427
0 0.133887 0.003324 0.008008 0.006647
0 0.932813 0.210098 0.009375 0.013815
0 0.940625 0.095143 0.006250 0.008211
0 0.045166 0.990535 0.008105 0.008341
0 0.891406 0.949871 0.010938 0.016683
0 0.013452 0.296118 0.009381 0.010948
0 0.412109 0.404555 0.008594 0.015640
0 0.447656 0.996049 0.006641 0.007901
0 0.598438 0.350076 0.011719 0.014076
0 0.703906 0.939444 0.008984 0.010427
0 0.914062 0.608918 0.010156 0.016683
0 0.860937 0.802855 0.007031 0.009905
0 0.641797 0.589108 0.010156 0.014076
0 0.145508 0.716313 0.008691 0.007820
0 0.854688 0.308630 0.010156 0.012773
0 0.484375 0.441049 0.010938 0.009384
0 0.703906 0.632900 0.011328 0.013555
0 0.834375 0.923804 0.010156 0.013555
0 0.186035 0.487447 0.004688 0.009384
0 0.084375 0.360242 0.010742 0.011469
0 0.923437 0.087193 0.005469 0.006517
0 0.174023 0.246852 0.010059 0.010427
0 0.514844 0.470243 0.008203 0.014076
0 0.543750 0.845604 0.008984 0.013555
0 0.860937 0.722048 0.007031 0.009384
0 0.050977 0.368583 0.007568 0.010427
0 0.664062 0.247112 0.005859 0.005995
0 0.002174 0.505694 0.004349 0.006777
0 0.503906 0.303938 0.008203 0.011730
0 0.137891 0.128770 0.007520 0.013033
0 0.070215 0.739252 0.007764 0.007299
0 0.602734 0.854988 0.010938 0.015119
0 0.143164 0.897737 0.008496 0.008863
0 0.290625 0.297160 0.009180 0.012251
0 0.821875 0.639156 0.008594 0.008863
0 0.467969 0.927975 0.010547 0.011469
0 0.181641 0.430101 0.006836 0.011469
0 0.730078 0.603705 0.008594 0.011469
0 0.997266 0.190287 0.005469 0.009123
0 0.508594 0.697545 0.010156 0.009905
0 0.320117 0.822665 0.010156 0.008341
0 0.607031 0.279956 0.007422 0.012251
0 0.564063 0.097359 0.007422 0.008081
0 0.282813 0.738209 0.007812 0.004692
0 0.716406 0.495267 0.008203 0.006777
0 0.135059 0.568254 0.011523 0.010427
0 0.910937 0.230430 0.011719 0.013815
0 0.278125 0.591193 0.012305 0.013033
0 0.492969 0.348251 0.008203 0.010687
0 0.964063 0.682948 0.010937 0.016161
0 0.049121 0.350337 0.010181 0.010166
0 0.478906 0.369105 0.010547 0.013294
0 0.461719 0.547401 0.007422 0.013033
0 0.917969 0.560956 0.009375 0.013033
0 0.298047 0.765319 0.012109 0.011991
0 0.662500 0.644369 0.009766 0.010427
0 0.136523 0.672521 0.006152 0.010948
0 0.787500 0.291426 0.007812 0.011209
0 0.158789 0.211140 0.009570 0.011730
0 0.960156 0.836220 0.007812 0.010948
0 0.829687 0.376403 0.010938 0.012512
0 0.765625 0.681905 0.008984 0.011991
0 0.051074 0.772617 0.008643 0.008863
0 0.778906 0.198628 0.008594 0.007820
0 0.257422 0.968639 0.008398 0.014597
0 0.591406 0.346427 0.007812 0.013033
0 0.278320 0.402470 0.010937 0.013033
0 0.319141 0.828921 0.008203 0.011469
0 0.074512 0.335218 0.010498 0.013815
0 0.364844 0.669393 0.008789 0.011469
0 0.696094 0.865415 0.007812 0.008863
0 0.963281 0.315928 0.010938 0.013815
0 0.455469 0.368062 0.010547 0.013815
0 0.535156 0.780959 0.008203 0.007820
0 0.639063 0.370669 0.008203 0.008081
0 0.575000 0.778873 0.008203 0.013033
0 0.188281 0.225216 0.010059 0.013294
0 0.544531 0.991578 0.008984 0.010427
0 0.916406 0.793471 0.009375 0.010948
0 0.518750 0.632378 0.009766 0.012512
0 0.982813 0.027631 0.007031 0.009514
0 0.599609 0.239814 0.007031 0.012251
0 0.260547 0.554700 0.007812 0.010948
0 0.671484 0.515078 0.007812 0.008863
0 0.419531 0.996571 0.006641 0.006858
0 0.283203 0.446262 0.011914 0.015640
0 0.199414 0.102181 0.008691 0.016161
0 0.613672 0.397257 0.009375 0.013033
0 0.283789 0.528633 0.006641 0.009384
0 0.807813 0.934231 0.008594 0.013555
0 0.789453 0.796599 0.009375 0.010948
0 0.472656 0.722569 0.005859 0.008341
0 0.399414 0.043271 0.011328 0.012382
0 0.632031 0.207491 0.009766 0.009384
0 0.767578 0.841433 0.010156 0.011469
0 0.621094 0.468158 0.008984 0.009905
0 0.652344 0.512993 0.007812 0.011991
0 0.829687 0.415503 0.007031 0.008341
0 0.557031 0.608918 0.005078 0.007820
0 0.997852 0.072465 0.004297 0.007429
0 0.472656 0.003975 0.003906 0.007950
0 0.903125 0.751764 0.010156 0.011469
0 0.068750 0.650625 0.008643 0.014597
0 0.129395 0.714228 0.008203 0.007820
0 0.996875 0.815367 0.006250 0.008341
0 0.415625 0.328962 0.009766 0.014858
0 0.839063 0.071944 0.010156 0.009254
0 0.764844 0.767404 0.008984 0.013033
0 0.398828 0.487447 0.009570 0.016683
0 0.023010 0.250762 0.011499 0.011209
0 0.043018 0.515078 0.008887 0.011991
0 0.116406 0.704844 0.009473 0.009384
0 0.328516 0.282563 0.008789 0.010687
0 0.131836 0.280478 0.008398 0.010687
0 0.541797 0.194458 0.008594 0.010427
0 0.817188 0.655838 0.009375 0.007299
0 0.817188 0.104267 0.005469 0.008732
0 0.287891 0.270572 0.008203 0.011209
0 0.461328 0.287255 0.007812 0.008602
0 0.685938 0.837263 0.008203 0.011991
0 0.280469 0.391001 0.009180 0.010948
0 0.184375 0.818495 0.009863 0.009905
0 0.646875 0.455646 0.007812 0.007820
0 0.906250 0.533846 0.008594 0.011991
0 0.235156 0.056043 0.007227 0.010036
0 0.470313 0.887311 0.008203 0.013033
0 0.338672 0.775745 0.011328 0.014076
0 0.707422 0.711100 0.008594 0.010948
0 0.954687 0.603705 0.007031 0.011469
0 0.383203 0.236164 0.008789 0.010166
0 0.183789 0.570340 0.005957 0.008863
0 0.047461 0.104788 0.007910 0.008341
0 0.666406 0.632900 0.007031 0.011469
0 0.112793 0.740816 0.008008 0.009384
0 0.356641 0.014206 0.007031 0.008863
0 0.496875 0.969682 0.008594 0.009384
0 0.896875 0.818495 0.011719 0.010427
0 0.216406 0.423323 0.005273 0.009905
0 0.303516 0.343820 0.006641 0.010427
0 0.967188 0.695460 0.008594 0.011991
0 0.523438 0.832049 0.007031 0.011469
0 0.984375 0.802333 0.010156 0.013555
0 0.366797 0.402470 0.008398 0.010948
0 0.209766 0.990535 0.005469 0.006256
0 0.258008 0.728825 0.008594 0.007820
0 0.174023 0.119386 0.006348 0.009645
0 0.379687 0.381095 0.008398 0.007299
0 0.989062 0.813281 0.007812 0.013033
0 0.460547 0.773660 0.006250 0.009905
0 0.040039 0.347991 0.010742 0.008341
0 0.653125 0.395171 0.006641 0.010948
0 0.530469 0.840391 0.006641 0.008863
0 0.938281 0.861244 0.009375 0.011991
0 0.429688 0.147538 0.008984 0.009645
0 0.360742 0.344602 0.007812 0.009645
0 0.568750 0.946743 0.008203 0.013555
0 0.921875 0.874799 0.008594 0.011991
0 0.136719 0.168391 0.010059 0.012773
0 0.286328 0.588586 0.008398 0.015640
0 0.314063 0.666265 0.009961 0.014076
0 0.485938 0.627686 0.010547 0.009905
0 0.342578 0.594321 0.008398 0.010948
0 0.340430 0.621430 0.008984 0.011991
0 0.084131 0.971767 0.007910 0.009384
0 0.543750 0.139978 0.011328 0.014076
0 0.030225 0.487969 0.006152 0.010427
0 0.626172 0.431143 0.008594 0.007299
0 0.596094 0.786172 0.008203 0.011469
0 0.542578 0.047572 0.007031 0.011730
0 0.732813 0.557306 0.010156 0.011469
0 0.733984 0.338346 0.008594 0.009123
0 0.469531 0.535932 0.008203 0.015119
0 0.341797 0.787215 0.005469 0.009905
0 0.885156 0.462945 0.009375 0.011991
0 0.118555 0.059171 0.004785 0.007038
0 0.964063 0.609961 0.009375 0.011991
0 0.035498 0.755934 0.006909 0.008863
0 0.451563 0.996571 0.008594 0.006858
0 0.278711 0.497353 0.008984 0.009905
0 0.842188 0.331047 0.007812 0.010687
0 0.814062 0.241899 0.013281 0.011209
0 0.223438 0.478063 0.009766 0.012512
0 0.764844 0.671478 0.008594 0.009905
0 0.741797 0.203320 0.004687 0.012251
0 0.070508 0.039491 0.006641 0.007820
0 0.545313 0.705886 0.007422 0.009905
0 0.741406 0.222349 0.006641 0.007299
0 0.551562 0.748114 0.008594 0.008341
0 0.021558 0.926932 0.007373 0.008341
0 0.521094 0.131376 0.009766 0.010166
0 0.892187 0.343299 0.007031 0.008863
0 0.631250 0.477542 0.010547 0.014597
0 0.784375 0.913377 0.010547 0.009384
0 0.939844 0.316450 0.010938 0.013815
0 0.149609 0.032583 0.012793 0.012382
0 0.932813 0.351379 0.011719 0.013033
0 0.115234 0.135026 0.010254 0.011991
0 0.897656 0.340171 0.006250 0.011991
0 0.621094 0.005604 0.009766 0.010427
0 0.074463 0.353986 0.008398 0.014076
0 0.821875 0.286734 0.010156 0.014858
0 0.077637 0.780959 0.005420 0.007299