0 0.170801 0.798684 0.006836 0.011469
0 0.163574 0.798163 0.007227 0.010427
0 0.175488 0.798163 0.007227 0.010427
0 0.146875 0.795035 0.008887 0.013555
0 0.158594 0.797641 0.004980 0.009905
0 0.126270 0.801812 0.006055 0.015119
0 0.128516 0.817452 0.006348 0.013555
0 0.137500 0.795556 0.008008 0.015119
0 0.126563 0.819537 0.006250 0.014597
0 0.157422 0.805461 0.007520 0.006256
0 0.448438 0.703801 0.007422 0.011469
0 0.669531 0.501523 0.010156 0.010948
0 0.270703 0.486926 0.006055 0.007299
0 0.070020 0.360763 0.010596 0.016683
0 0.163867 0.803897 0.010254 0.007820
0 0.281641 0.381095 0.008398 0.009384
0 0.937500 0.975937 0.012500 0.013555
0 0.616406 0.078982 0.006641 0.007820
0 0.971875 0.292208 0.012500 0.013033
0 0.789844 0.631857 0.009375 0.009384
0 0.226562 0.909207 0.009766 0.014597
0 0.345313 0.819537 0.008789 0.016161
0 0.362500 0.576074 0.007422 0.015640
0 0.136328 0.800769 0.009863 0.010948
0 0.870313 0.810153 0.010156 0.014076
0 0.439844 0.413418 0.008594 0.010427
0 0.862500 0.450954 0.008594 0.014597
0 0.184766 0.797641 0.004199 0.010948
0 0.794922 0.737166 0.007812 0.009905
0 0.145703 0.851860 0.011426 0.014597
0 0.921094 0.568254 0.007812 0.009905
0 0.637891 0.367019 0.008594 0.014597
0 0.703906 0.628729 0.007812 0.007820
0 0.562891 0.203060 0.007812 0.011469
0 0.277734 0.384745 0.009570 0.010948
0 0.235156 0.913377 0.009766 0.015640
0 0.652344 0.589629 0.009766 0.007299
0 0.414844 0.380574 0.008984 0.008341
0 0.650781 0.262492 0.008203 0.014076
0 0.926563 0.601620 0.010938 0.010948
0 0.326953 0.484841 0.010938 0.013555
0 0.164160 0.898259 0.009961 0.009384
0 0.685156 0.693896 0.009766 0.010427
0 0.849219 0.180642 0.010938 0.014597
0 0.369531 0.886268 0.008398 0.015640
0 0.532813 0.569297 0.010156 0.010427
0 0.858594 0.149623 0.012500 0.011730
0 0.789844 0.636028 0.011719 0.014076
0 0.283594 0.696502 0.009961 0.010948
0 0.292773 0.369626 0.010547 0.014858
0 0.814844 0.619866 0.010938 0.013555
0 0.752734 0.917548 0.010156 0.009384
0 0.127832 0.207491 0.009570 0.013294
0 0.521875 0.214790 0.010547 0.008863
0 0.400781 0.372233 0.007617 0.009384
0 0.945312 0.957169 0.010156 0.015640
0 0.594141 0.831528 0.009375 0.015640
0 0.416797 0.246591 0.008594 0.010687
0 0.052441 0.883661 0.011377 0.011469
0 0.920313 0.639677 0.008594 0.009384
0 0.569141 0.518206 0.010156 0.010948
0 0.398438 0.393086 0.010352 0.009905
0 0.650000 0.685554 0.009375 0.016683
0 0.519922 0.524462 0.008594 0.014076
0 0.721094 0.678777 0.008984 0.010427
0 0.689063 0.962383 0.008594 0.010427
0 0.539844 0.554178 0.009766 0.011469
0 0.687500 0.429579 0.007422 0.010948
0 0.582422 0.841955 0.008594 0.013555
0 0.898438 0.486926 0.007031 0.009905
0 0.705469 0.614653 0.007812 0.011469
0 0.614844 0.530718 0.008203 0.008863
0 0.453125 0.740294 0.010156 0.006777
0 0.146191 0.800769 0.009961 0.010948
0 0.856250 0.685033 0.007812 0.011991
0 0.373047 0.406641 0.011719 0.009905
0 0.576172 0.152490 0.010156 0.013555
0 0.695703 0.942572 0.010937 0.015640
0 0.939063 0.242942 0.007812 0.013294
0 0.864063 0.696502 0.010938 0.014076
0 0.258398 0.388394 0.009375 0.008341
0 0.416406 0.509865 0.010547 0.014076
0 0.155859 0.143106 0.009863 0.012512
0 0.291797 0.884183 0.010547 0.013033
0 0.434766 0.335218 0.010938 0.010948
0 0.694531 0.528633 0.007031 0.010427
0 0.518750 0.151708 0.011328 0.011469
0 0.945312 0.137111 0.009375 0.008602
0 0.634375 0.348251 0.009375 0.008081
0 0.920313 0.615174 0.007812 0.008863
0 0.670703 0.595364 0.008594 0.007820
0 0.702734 0.530718 0.006250 0.007820
0 0.346680 0.378489 0.008594 0.013033
0 0.957813 0.181424 0.010156 0.011730
0 0.437500 0.244245 0.008594 0.012512
0 0.952344 0.392565 0.010937 0.012512
0 0.652344 0.955084 0.010547 0.009384
0 0.407031 0.070119 0.007422 0.011078
0 0.569531 0.759063 0.009375 0.016161
0 0.658984 0.662094 0.010937 0.013033
0 0.694922 0.618302 0.008594 0.016683
0 0.652344 0.322185 0.007422 0.007820
0 0.625781 0.649582 0.008203 0.016161
0 0.302734 0.135026 0.010547 0.011209
0 0.814844 0.337303 0.006250 0.008081
0 0.276563 0.831528 0.008008 0.008341
0 0.310156 0.796077 0.006836 0.008341
0 0.220508 0.502566 0.009766 0.014076
0 0.975000 0.294554 0.011719 0.012251
0 0.882812 0.703801 0.010938 0.010948
0 0.313867 0.700673 0.009766 0.011991
0 0.086328 0.476499 0.011279 0.014076
0 0.862500 0.726740 0.013281 0.011469
0 0.839063 0.570861 0.009375 0.008341
0 0.021045 0.399863 0.012073 0.012512
0 0.825000 0.501523 0.010156 0.014076
0 0.664062 0.422281 0.010156 0.010948
0 0.939062 0.876884 0.008594 0.013555
0 0.876562 0.184813 0.008594 0.010427
0 0.626953 0.106873 0.009375 0.008081
0 0.193555 0.836220 0.010547 0.014076
0 0.345703 0.892524 0.008594 0.014076
0 0.614062 0.994706 0.010156 0.010427
0 0.683203 0.934231 0.007812 0.013555
0 0.483594 0.072987 0.009766 0.009775
0 0.330078 0.526547 0.011133 0.014076
0 0.572656 0.940487 0.009375 0.009384
0 0.244531 0.996571 0.009180 0.006858
0 0.976562 0.604748 0.007812 0.007820
0 0.733984 0.672521 0.009375 0.007299
0 0.716406 0.628208 0.008984 0.010427
0 0.314063 0.688682 0.008594 0.007299
0 0.856250 0.361285 0.008594 0.012251
0 0.542969 0.760105 0.007422 0.014076
0 0.843750 0.735081 0.009375 0.011991
0 0.413281 0.196022 0.007031 0.008341
0 0.059668 0.921719 0.009375 0.011469
0 0.544141 0.727782 0.007031 0.011991
0 0.930469 0.133983 0.012500 0.012512
0 0.102734 0.596928 0.010645 0.008341
0 0.155566 0.806504 0.006641 0.009384
0 0.381641 0.020071 0.011523 0.013555
0 0.692187 0.661052 0.009375 0.012512
0 0.287500 0.422281 0.007617 0.012512
0 0.789062 0.642805 0.010938 0.010427
0 0.097559 0.436878 0.012158 0.011469
0 0.685938 0.485362 0.008984 0.012512
0 0.782031 0.557306 0.007812 0.008341
0 0.964063 0.334175 0.009375 0.016943
0 0.495313 0.063081 0.009766 0.007168
0 0.239063 0.882619 0.008789 0.008341
0 0.022876 0.852903 0.008435 0.010948
0 0.201562 0.145452 0.009570 0.009645
0 0.262695 0.422281 0.009766 0.011991
0 0.319531 0.612046 0.008984 0.010427
0 0.729688 0.696502 0.011328 0.010948
0 0.383594 0.329744 0.011523 0.013555
0 0.601172 0.918591 0.010156 0.012512
0 0.312891 0.254932 0.007227 0.008602
0 0.592188 0.591714 0.008984 0.009384
0 0.646094 0.451475 0.011328 0.015119
0 0.223438 0.997614 0.008594 0.004773
0 0.455469 0.221046 0.009766 0.013033
0 0.867188 0.683469 0.010156 0.014597
0 0.435938 0.400385 0.012109 0.011991
0 0.339063 0.481713 0.008594 0.007820
0 0.182422 0.915463 0.007324 0.008341
0 0.116211 0.399342 0.010254 0.008863
0 0.208984 0.736124 0.010156 0.015119
0 0.081445 0.318535 0.010498 0.013555
0 0.080957 0.285691 0.007373 0.014597
0 0.398633 0.180121 0.008203 0.009384
0 0.939062 0.633421 0.012500 0.012512
0 0.725000 0.183249 0.010937 0.011469
0 0.692969 0.371190 0.007031 0.011469
0 0.326172 0.729346 0.006836 0.009384
0 0.708594 0.704844 0.006641 0.007820
0 0.565234 0.839869 0.007812 0.009384
0 0.488281 0.519249 0.010938 0.014076
0 0.369531 0.285952 0.008789 0.015119
0 0.317578 0.752806 0.005664 0.011991
0 0.639062 0.399342 0.009766 0.016161
0 0.763281 0.349033 0.008984 0.009384
0 0.122656 0.989492 0.007324 0.008341
0 0.508594 0.446783 0.008594 0.007299
0 0.268359 0.853424 0.007227 0.014597
0 0.287695 0.125381 0.009766 0.013555
0 0.232031 0.890439 0.008789 0.009384
0 0.425000 0.661052 0.008203 0.011991
0 0.588281 0.657924 0.009375 0.009384
0 0.252734 0.643326 0.010547 0.009905
0 0.987500 0.480670 0.009375 0.009905
0 0.563281 0.528633 0.008203 0.014076
0 0.683594 0.376403 0.007031 0.015640
0 0.795313 0.578160 0.010547 0.012512
0 0.542969 0.212183 0.008984 0.011469
0 0.633594 0.338867 0.009766 0.008081
0 0.453516 0.298724 0.009375 0.009645
0 0.796094 0.385787 0.009375 0.010948
0 0.792188 0.940487 0.007422 0.009384
0 0.425000 0.125120 0.008594 0.016683
0 0.159375 0.947785 0.007812 0.008341
0 0.358984 0.655838 0.009961 0.008863
0 0.183984 0.821623 0.005176 0.010948
0 0.397852 0.075854 0.008203 0.010036
0 0.803906 0.809111 0.010547 0.010948
0 0.572656 0.617781 0.007812 0.010427
0 0.471875 0.212965 0.008203 0.008341
0 0.026050 0.385787 0.010156 0.013555
0 0.821875 0.940487 0.010938 0.013555
0 0.970312 0.961340 0.009375 0.015640
0 0.183984 0.802855 0.005566 0.014597
0 0.792188 0.736124 0.009766 0.013033
0 0.837500 0.485883 0.007812 0.015119
0 0.291992 0.172562 0.006641 0.007559
0 0.682813 0.298203 0.006250 0.007559
0 0.334766 0.452518 0.011523 0.012512
0 0.250781 0.584937 0.009570 0.015640
0 0.101367 0.438963 0.009473 0.013033
0 0.142285 0.867500 0.011133 0.015119
0 0.322266 0.709536 0.008398 0.011469
0 0.588281 0.411854 0.010937 0.011991
0 0.433984 0.489011 0.009375 0.010948
0 0.503906 0.762712 0.009375 0.015640
0 0.100391 0.376925 0.008301 0.013555
0 0.307227 0.360763 0.009375 0.016422
0 0.465234 0.614132 0.010156 0.009905
0 0.682813 0.554700 0.008203 0.006777
0 0.526563 0.761148 0.009766 0.014076
0 0.696094 0.541145 0.008984 0.011991
0 0.945312 0.997614 0.008594 0.004773
0 0.154297 0.407162 0.010059 0.008341
0 0.356836 0.907121 0.008203 0.009384
0 0.215625 0.881576 0.007617 0.008341
0 0.113672 0.869585 0.009277 0.013555
0 0.657031 0.335218 0.007031 0.010687
0 0.637109 0.950913 0.007812 0.012512
0 0.570703 0.211140 0.010156 0.011209
0 0.438672 0.470765 0.007031 0.008341
0 0.458203 0.327137 0.008594 0.013033
0 0.819531 0.117822 0.009375 0.011991
0 0.976562 0.912335 0.010938 0.012512
0 0.944531 0.645933 0.007812 0.014597
0 0.362500 0.527590 0.011133 0.015119
0 0.094629 0.363891 0.008984 0.010427
0 0.563281 0.789821 0.007812 0.008341
0 0.771875 0.204884 0.007422 0.008602
0 0.869531 0.680341 0.009375 0.016683
0 0.369922 0.585458 0.009375 0.011469
0 0.928906 0.875320 0.009375 0.012512
0 0.764063 0.584937 0.008203 0.010948
0 0.800000 0.725176 0.008984 0.014597
0 0.827344 0.734038 0.010937 0.011469
0 0.650781 0.247634 0.007812 0.009905
0 0.289453 0.823187 0.009570 0.007299
0 0.862500 0.480670 0.007812 0.011991
0 0.950000 0.397778 0.012500 0.011469
0 0.348828 0.770532 0.010156 0.013555
0 0.200391 0.267966 0.008008 0.016943
0 0.373828 0.394129 0.008789 0.009905
0 0.377734 0.997614 0.008203 0.004773
0 0.348047 0.216614 0.008789 0.013033
0 0.457031 0.224695 0.007812 0.009123
0 0.663672 0.142846 0.007812 0.013294
0 0.205273 0.283345 0.009375 0.013033
0 0.348828 0.495267 0.007812 0.009905
0 0.284180 0.135547 0.012109 0.013033
0 0.063965 0.952999 0.011475 0.009384
0 0.960938 0.425930 0.009375 0.011469
0 0.783594 0.997874 0.008203 0.004252
0 0.158203 0.135026 0.011719 0.014337
0 0.995117 0.356071 0.009766 0.010166
0 0.950000 0.865415 0.008594 0.011991
0 0.541406 0.245027 0.007812 0.010687
0 0.145313 0.907121 0.008203 0.009384
0 0.839063 0.540623 0.009375 0.008341
0 0.182812 0.815367 0.008984 0.016683
0 0.363672 0.656881 0.008789 0.007820
0 0.683594 0.314364 0.008594 0.008602
0 0.716016 0.214268 0.010156 0.009905
0 0.367969 0.539581 0.008203 0.010427
0 0.156445 0.035060 0.007617 0.011469
0 0.965625 0.973852 0.008594 0.008341
0 0.670313 0.380574 0.010937 0.007820
0 0.936719 0.637592 0.010937 0.012512
0 0.862500 0.411333 0.008594 0.013555
0 0.462891 0.305502 0.010156 0.011209
0 0.788281 0.971767 0.010156 0.012512
0 0.887500 0.477021 0.007812 0.013555
0 0.334375 0.665222 0.006836 0.007820
0 0.542188 0.331047 0.007031 0.008602
0 0.152148 0.075072 0.011230 0.011339
0 0.670703 0.882097 0.008594 0.007820
0 0.687891 0.407683 0.007031 0.008341
0 0.630469 0.431665 0.009375 0.009384
0 0.064062 0.052394 0.010938 0.013033
0 0.376953 0.835177 0.010742 0.011991
0 0.030273 0.120950 0.008374 0.010687
0 0.358398 0.004692 0.009766 0.008211
0 0.528906 0.510907 0.009766 0.011991
0 0.275781 0.175429 0.008594 0.012512
0 0.987500 0.196804 0.007031 0.009905
0 0.484375 0.058911 0.010547 0.010687
0 0.483203 0.447826 0.006250 0.008341
0 0.198633 0.810153 0.008594 0.017204
0 0.756250 0.919633 0.011719 0.012512
0 0.893750 0.197064 0.008594 0.009123
0 0.119629 0.308890 0.007617 0.015119
0 0.786719 0.930060 0.005859 0.007299
0 0.786719 0.735081 0.008203 0.011991
0 0.032153 0.886268 0.009668 0.016683
0 0.363477 0.898780 0.009766 0.008341
0 0.798437 0.585980 0.010938 0.009384
0 0.573047 0.842476 0.009375 0.013033
0 0.371289 0.581809 0.008984 0.008863
0 0.392578 0.973852 0.005664 0.007299
0 0.858594 0.606833 0.009375 0.008341
0 0.707812 0.210098 0.008203 0.011209
0 0.388281 0.511429 0.009375 0.009384
0 0.051514 0.643326 0.009302 0.013555
0 0.244531 0.443134 0.007617 0.013033
0 0.778125 0.965511 0.010156 0.009384
0 0.445703 0.651668 0.010937 0.011469
0 0.295312 0.507779 0.008203 0.009384
0 0.837500 0.617781 0.008594 0.012512
0 0.925000 0.563562 0.007031 0.008341
0 0.665625 0.520292 0.009375 0.014076
0 0.438672 0.481713 0.010156 0.008863
0 0.862500 0.148059 0.010156 0.010687
0 0.002139 0.874799 0.004279 0.013033
0 0.697266 0.546880 0.008594 0.012512
0 0.091113 0.764276 0.010498 0.008863
0 0.370313 0.125120 0.009766 0.012773
0 0.865625 0.659488 0.010938 0.011469
0 0.140625 0.448347 0.008691 0.011991
0 0.881250 0.641241 0.008594 0.008863
0 0.418750 0.222088 0.010547 0.013033
0 0.785156 0.885225 0.012109 0.013033
0 0.417188 0.176732 0.008203 0.012512
0 0.603125 0.661573 0.008984 0.011469
0 0.339063 0.485883 0.010156 0.013033
0 0.320312 0.292468 0.010547 0.012773
0 0.204492 0.446262 0.007031 0.013555
0 0.014844 0.845604 0.010510 0.011991
0 0.944531 0.600577 0.010937 0.011991
0 0.515625 0.666265 0.008984 0.008341
0 0.995117 0.925889 0.009766 0.013555
0 0.104883 0.818495 0.008984 0.012512
0 0.391406 0.722569 0.007227 0.008863
0 0.423047 0.510907 0.007812 0.013555
0 0.735938 0.346687 0.007813 0.012773
0 0.339453 0.650625 0.010352 0.015119
0 0.745703 0.506737 0.007031 0.007820
0 0.106543 0.442091 0.009961 0.014597
0 0.309375 0.392043 0.011328 0.011991
0 0.632422 0.625601 0.010938 0.011991
0 0.191602 0.112087 0.008496 0.014337