0 0.209375 0.851860 0.006250 0.012512
0 0.183301 0.849775 0.008984 0.013033
0 0.201953 0.850817 0.009180 0.012512
0 0.194727 0.852381 0.007520 0.013555
0 0.213281 0.852903 0.007227 0.011991
0 0.174414 0.846647 0.008398 0.015119
0 0.421875 0.144670 0.008984 0.015119
0 0.432813 0.663658 0.006641 0.008341
0 0.316016 0.337043 0.009570 0.015119
0 0.537500 0.016422 0.003516 0.004822
0 0.425000 0.334697 0.007422 0.013033
0 0.166992 0.865415 0.006250 0.007820
0 0.187402 0.817452 0.003125 0.004171
0 0.057422 0.113130 0.006689 0.008863
0 0.289648 0.796599 0.005859 0.007299
0 0.163867 0.853424 0.006445 0.015640
0 0.413281 0.910249 0.008203 0.016683
0 0.369727 0.614132 0.007031 0.007299
0 0.173828 0.851339 0.009277 0.011469
0 0.607031 0.194718 0.007422 0.008863
0 0.495313 0.009905 0.008984 0.016292
0 0.006396 0.544273 0.008722 0.011469
0 0.710547 0.277610 0.008594 0.014597
0 0.346484 0.230951 0.008789 0.011730
0 0.738281 0.437921 0.006641 0.007820
0 0.602344 0.212704 0.005859 0.007299
0 0.881250 0.477021 0.011719 0.019811
0 0.307031 0.337303 0.008789 0.017465
0 0.069434 0.224174 0.005225 0.005995
0 0.434375 0.143888 0.008984 0.012512
0 0.592969 0.195500 0.007422 0.014337
0 0.439063 0.678777 0.010547 0.017204
0 0.571484 0.243463 0.007031 0.008341
0 0.386914 0.481191 0.009375 0.010427
0 0.860937 0.530197 0.010156 0.011469
0 0.164551 0.871671 0.006055 0.013033
0 0.077490 0.202278 0.007520 0.009645
0 0.425000 0.911292 0.008984 0.016683
0 0.653125 0.461902 0.008984 0.010948
0 0.600781 0.396214 0.007422 0.010948
0 0.333594 0.785650 0.007031 0.008341
0 0.533594 0.584937 0.010547 0.016683
0 0.337109 0.378489 0.008008 0.011469
0 0.538672 0.051221 0.007812 0.009645
0 0.525000 0.408726 0.012500 0.014076
0 0.725781 0.326877 0.008203 0.016422
0 0.860937 0.711621 0.005469 0.007299
0 0.622656 0.271094 0.008203 0.011991
0 0.901563 0.311236 0.010937 0.017204
0 0.249609 0.466073 0.008789 0.016161
0 0.532031 0.973852 0.010547 0.013555
0 0.487500 0.727782 0.007422 0.013555
0 0.249609 0.236425 0.011328 0.015640
0 0.339844 0.349294 0.011328 0.015901
0 0.110254 0.429579 0.007031 0.009905
0 0.051953 0.927975 0.006689 0.009384
0 0.099023 0.664701 0.005469 0.007299
0 0.327734 0.500481 0.010352 0.013033
0 0.939062 0.718398 0.010938 0.013555
0 0.801563 0.110262 0.011328 0.014597
0 0.416016 0.017725 0.007031 0.008993
0 0.219336 0.852903 0.007422 0.016161
0 0.339062 0.515599 0.008789 0.008341
0 0.974219 0.144670 0.006250 0.008863
0 0.439063 0.493182 0.010156 0.011991
0 0.584766 0.227302 0.009375 0.011730
0 0.532031 0.311236 0.009766 0.017986
0 0.724219 0.509865 0.007812 0.011469
0 0.101270 0.136590 0.006787 0.007820
0 0.082324 0.224174 0.012695 0.011730
0 0.519531 0.460859 0.007031 0.008863
0 0.369922 0.196543 0.006836 0.007038
0 0.533203 0.035711 0.011719 0.014858
0 0.638281 0.644369 0.012109 0.016161
0 0.863281 0.532803 0.009375 0.008863
0 0.935938 0.705886 0.007031 0.010948
0 0.134473 0.902951 0.011914 0.013555
0 0.385938 0.165263 0.006641 0.008081
0 0.732031 0.512471 0.006641 0.008341
0 0.981250 0.027240 0.007031 0.009645
0 0.896875 0.395171 0.010156 0.014597
0 0.632812 0.257018 0.008203 0.008341
0 0.640234 0.453561 0.009375 0.010948
0 0.315625 0.948828 0.006641 0.007299
0 0.895313 0.410811 0.007031 0.009384
0 0.307227 0.631857 0.007031 0.008341
0 0.185156 0.614653 0.004980 0.007299
0 0.877344 0.432186 0.009375 0.015640
0 0.333398 0.356593 0.008594 0.010166
0 0.870313 0.468158 0.011719 0.013555
0 0.571094 0.458253 0.011328 0.014597
0 0.652734 0.076636 0.007812 0.009123
0 0.792969 0.102442 0.012109 0.015249
0 0.736328 0.332611 0.007031 0.008602
0 0.533984 0.394129 0.010156 0.014076
0 0.466797 0.445219 0.007812 0.010948
0 0.689453 0.245027 0.010938 0.016161
0 0.711719 0.790343 0.006250 0.009905
0 0.394531 0.278914 0.011719 0.016943
0 0.067383 0.949871 0.006543 0.008341
0 0.926563 0.535410 0.010156 0.018768
0 0.973438 0.005604 0.006250 0.008081
0 0.932031 0.303938 0.010938 0.015379
0 0.203711 0.326355 0.008984 0.013815
0 0.859375 0.542188 0.011719 0.014076
0 0.246875 0.241378 0.009961 0.011469
0 0.437891 0.137372 0.010156 0.014597
0 0.378516 0.608918 0.010352 0.014597
0 0.187891 0.815888 0.007031 0.009384
0 0.067773 0.203060 0.010107 0.016683
0 0.692969 0.474414 0.008203 0.014076
0 0.433984 0.634985 0.010937 0.014076
0 0.128223 0.902951 0.010547 0.014597
0 0.312695 0.350337 0.005078 0.004692
0 0.416016 0.984279 0.009375 0.015640
0 0.615234 0.650625 0.010938 0.015640
0 0.294336 0.780437 0.010156 0.011469
0 0.444531 0.455646 0.006641 0.008341
0 0.336328 0.498917 0.012695 0.015640
0 0.212891 0.851339 0.003125 0.004171
0 0.066113 0.125120 0.012598 0.012773
0 0.945312 0.944657 0.010938 0.011469
0 0.399023 0.445219 0.006641 0.013033
0 0.817188 0.310976 0.008594 0.011469
0 0.545313 0.924847 0.012109 0.012512
0 0.693359 0.815367 0.006250 0.008863
0 0.347266 0.436357 0.005664 0.007299
0 0.800000 0.565648 0.007031 0.009384
0 0.137305 0.177254 0.010742 0.014597
0 0.727344 0.510907 0.008203 0.010948
0 0.138379 0.900865 0.008984 0.014076
0 0.920313 0.301331 0.010156 0.013815
0 0.102051 0.278914 0.006885 0.008081
0 0.626563 0.764276 0.010938 0.010948
0 0.733594 0.269008 0.010156 0.011209
0 0.169141 0.943615 0.008301 0.010427
0 0.842188 0.553657 0.010156 0.018247
0 0.728906 0.269008 0.008984 0.010427
0 0.424219 0.117822 0.008203 0.010427
0 0.052686 0.183249 0.010645 0.014076
0 0.360156 0.252847 0.010742 0.013815
0 0.658984 0.285691 0.010937 0.015379
0 0.593750 0.402470 0.010156 0.013033
0 0.369531 0.187420 0.007227 0.008863
0 0.392188 0.701716 0.009961 0.014076
0 0.170313 0.863329 0.009668 0.004692
0 0.508594 0.860201 0.010937 0.011991
0 0.505469 0.952999 0.012891 0.016683
0 0.807813 0.639156 0.010937 0.011991
0 0.474219 0.445219 0.007422 0.011469
0 0.362695 0.240335 0.010547 0.009905
0 0.925000 0.719962 0.007031 0.010427
0 0.925000 0.681905 0.007812 0.009905
0 0.889844 0.629772 0.010937 0.013033
0 0.589453 0.467115 0.010938 0.016683
0 0.192383 0.848732 0.009668 0.016683
0 0.116797 0.115215 0.007422 0.008863
0 0.028564 0.535932 0.005688 0.008341
0 0.368359 0.600577 0.009180 0.010948
0 0.149902 0.902951 0.007227 0.009905
0 0.282031 0.748636 0.008008 0.009905
0 0.361328 0.503609 0.005664 0.005735
0 0.775000 0.665222 0.012109 0.010948
0 0.093115 0.777309 0.007227 0.012512
0 0.430469 0.055261 0.005859 0.008863
0 0.122559 0.782001 0.010547 0.014076
0 0.536328 0.037797 0.010938 0.014206
0 0.214844 0.860723 0.011133 0.007299
0 0.433594 0.022417 0.012109 0.014728
0 0.164062 0.154315 0.010840 0.011209
0 0.313281 0.350858 0.007617 0.010427
0 0.627344 0.585458 0.010937 0.012512
0 0.119531 0.144410 0.010742 0.013555
0 0.802344 0.665222 0.010547 0.014076
0 0.301758 0.997353 0.007422 0.005294
0 0.114844 0.876884 0.011426 0.013033
0 0.063184 0.801812 0.012744 0.014076
0 0.085449 0.068686 0.008789 0.013815
0 0.277344 0.219482 0.011523 0.015379
0 0.601562 0.167348 0.009375 0.010687
0 0.153320 0.004953 0.006152 0.006647
0 0.018140 0.526547 0.007422 0.010427
0 0.353125 0.526026 0.010742 0.013555
0 0.928125 0.692332 0.012500 0.011991
0 0.215234 0.623516 0.011133 0.015640
0 0.096387 0.553657 0.010010 0.014076
0 0.539844 0.827357 0.010547 0.012512
0 0.308594 0.341735 0.009766 0.012512
0 0.381641 0.481191 0.012305 0.010427
0 0.671094 0.395171 0.009766 0.011991
0 0.441797 0.871149 0.009375 0.013555
0 0.033105 0.194979 0.009692 0.017204
0 0.429688 0.106091 0.010156 0.010427
0 0.069727 0.224695 0.009082 0.011209
0 0.540625 0.070901 0.007812 0.011209
0 0.074121 0.187941 0.012793 0.013033
0 0.823438 0.360242 0.010156 0.016943
0 0.537109 0.015640 0.007031 0.009514
0 0.774219 0.702758 0.011328 0.013033
0 0.781641 0.109220 0.007031 0.009905
0 0.065625 0.086150 0.011768 0.017465
0 0.294336 0.345645 0.007031 0.008602
0 0.365625 0.223652 0.010937 0.013033
0 0.898438 0.853424 0.007031 0.009384
0 0.868750 0.323488 0.011719 0.010427
0 0.421875 0.585980 0.010156 0.012512
0 0.598828 0.222610 0.008594 0.010687
0 0.092578 0.924847 0.008350 0.016683
0 0.504297 0.859680 0.011719 0.011469
0 0.889063 0.909207 0.010938 0.015640
0 0.964063 0.039361 0.007031 0.008472
0 0.463281 0.940487 0.007422 0.009384
0 0.542578 0.081849 0.008594 0.009384
0 0.415625 0.494225 0.006641 0.009905
0 0.658594 0.049266 0.007812 0.008081
0 0.288672 0.305502 0.006836 0.007820
0 0.810938 0.140760 0.007812 0.008081
0 0.148047 0.465030 0.007910 0.008863
0 0.831250 0.543230 0.007031 0.009905
0 0.954687 0.013555 0.005469 0.007559
0 0.796875 0.593278 0.007422 0.008863
0 0.846875 0.957170 0.010156 0.009384
0 0.068896 0.197064 0.011230 0.016161
0 0.352930 0.493182 0.010937 0.014597
0 0.571875 0.282302 0.010547 0.014597
0 0.417969 0.473893 0.009766 0.011469
0 0.125000 0.778873 0.012207 0.015640
0 0.946875 0.676692 0.010156 0.011469
0 0.176074 0.897216 0.007031 0.007299
0 0.471094 0.623516 0.010547 0.010427
0 0.832813 0.816409 0.007031 0.009384
0 0.803906 0.756977 0.006250 0.007299
0 0.454688 0.161614 0.010938 0.016422
0 0.253125 0.819537 0.009766 0.011469
0 0.104590 0.418110 0.005664 0.008863
0 0.576563 0.907121 0.008594 0.008341
0 0.434375 0.104788 0.008203 0.010427
0 0.804688 0.059693 0.010547 0.013685
0 0.164160 0.876884 0.007812 0.006777
0 0.546094 0.148841 0.011328 0.014076
0 0.675391 0.395171 0.010938 0.011991
0 0.789062 0.137632 0.008203 0.009123
0 0.435156 0.125902 0.008203 0.009905
0 0.157422 0.456167 0.007520 0.008341
0 0.967188 0.137372 0.010156 0.013033
0 0.862500 0.426973 0.010937 0.011469
0 0.843750 0.264316 0.011719 0.015119
0 0.884375 0.326616 0.006250 0.008863
0 0.167383 0.472850 0.005957 0.008341
0 0.570312 0.818495 0.010547 0.014076
0 0.355469 0.454603 0.005859 0.010427
0 0.622656 0.013033 0.005469 0.006647
0 0.878125 0.268487 0.007031 0.011209
0 0.638281 0.489533 0.006641 0.008341
0 0.528125 0.826836 0.007812 0.011991
0 0.848438 0.249198 0.010156 0.012251
0 0.300391 0.018377 0.007227 0.009905
0 0.064941 0.996571 0.009424 0.006858
0 0.937500 0.712664 0.011719 0.014597
0 0.613281 0.173604 0.007812 0.008602
0 0.406250 0.161092 0.007031 0.011730
0 0.568750 0.826836 0.008203 0.009905
0 0.754297 0.013685 0.006250 0.007559
0 0.322461 0.247634 0.005078 0.010166
0 0.209375 0.862808 0.011523 0.007299
0 0.170313 0.961340 0.007520 0.009384
0 0.043677 0.668872 0.008838 0.015640
0 0.312891 0.787215 0.006836 0.008863
0 0.630469 0.240856 0.004297 0.005474
0 0.589063 0.540102 0.007422 0.008341
0 0.132520 0.178296 0.011328 0.015119
0 0.512500 0.035451 0.007031 0.009905
0 0.517969 0.440006 0.005469 0.008863
0 0.281250 0.217918 0.011523 0.016422
0 0.421094 0.469201 0.010156 0.009905
0 0.431250 0.915463 0.007812 0.008341
0 0.247656 0.281520 0.009180 0.008081
0 0.003995 0.009514 0.006488 0.008863
0 0.037817 0.361285 0.013135 0.016683
0 0.325000 0.782523 0.007617 0.009384
0 0.520312 0.818495 0.008203 0.008863
0 0.032080 0.556785 0.007251 0.008863
0 0.329297 0.753328 0.006055 0.008341
0 0.077148 0.190808 0.010889 0.013815
0 0.361328 0.984279 0.010742 0.017725
0 0.926562 0.025024 0.011719 0.014858
0 0.623438 0.266402 0.008984 0.015119
0 0.592187 0.408205 0.009766 0.012512
0 0.131836 0.213747 0.008984 0.009645
0 0.008990 0.526547 0.010217 0.017725
0 0.219727 0.871149 0.006641 0.014597
0 0.357031 0.240335 0.010742 0.010427
0 0.093945 0.057868 0.011768 0.012121
0 0.809375 0.092797 0.008594 0.009514
0 0.318359 0.254411 0.008203 0.016683
0 0.675391 0.278914 0.010156 0.012251
0 0.169824 0.538538 0.007227 0.007299
0 0.159375 0.154315 0.010449 0.012512
0 0.915625 0.423845 0.007031 0.008341
0 0.671094 0.223652 0.012500 0.012773
0 0.227734 0.026067 0.011133 0.014728
0 0.725391 0.504651 0.007812 0.018247
0 0.330469 0.517163 0.006836 0.009384
0 0.339648 0.494746 0.010547 0.013555
0 0.400000 0.453039 0.008594 0.012512
0 0.868750 0.427494 0.010938 0.014076
0 0.043579 0.210098 0.006982 0.009905
0 0.420313 0.581288 0.011328 0.012512
0 0.810938 0.004106 0.006250 0.008211
0 0.644531 0.661052 0.007422 0.009905
0 0.464063 0.450954 0.009766 0.014597
0 0.296484 0.387873 0.005859 0.006777
0 0.532422 0.053567 0.006250 0.011209
0 0.246875 0.170216 0.010352 0.014597
0 0.879688 0.755934 0.006250 0.007820
0 0.119141 0.533846 0.008789 0.012512
0 0.050049 0.793471 0.010376 0.011469
0 0.137891 0.551572 0.007422 0.009905
0 0.719922 0.482755 0.007031 0.007820
0 0.794922 0.148059 0.009375 0.009123
0 0.359570 0.243463 0.012891 0.011469
0 0.191406 0.023199 0.006348 0.007690
0 0.193848 0.923804 0.008594 0.011469
0 0.059131 0.802855 0.009863 0.014076
0 0.426953 0.144149 0.013281 0.018247
0 0.526172 0.590672 0.010937 0.015640
0 0.303906 0.298203 0.005664 0.007559
0 0.027490 0.995789 0.008862 0.008422
0 0.086328 0.181424 0.005957 0.008081
0 0.932031 0.949871 0.007812 0.010427
0 0.692969 0.240596 0.010156 0.011469
0 0.723437 0.798163 0.008203 0.011469
0 0.504687 0.008732 0.009375 0.014337
0 0.526563 0.802855 0.009375 0.011991
0 0.978125 0.732996 0.010938 0.011469
0 0.416406 0.458774 0.010937 0.010427
0 0.703516 0.587544 0.005469 0.006256
0 0.555469 0.022678 0.006641 0.008993
0 0.906250 0.655838 0.007031 0.008341
0 0.326953 0.493703 0.008789 0.015640
0 0.868750 0.770010 0.007812 0.011469
0 0.864063 0.788257 0.007031 0.006777
0 0.967188 0.150666 0.007812 0.009905
0 0.718359 0.508822 0.007812 0.011991
0 0.879688 0.908164 0.009375 0.014597
0 0.337891 0.351379 0.003906 0.005213
0 0.138086 0.090060 0.006934 0.010166
0 0.886719 0.905036 0.012500 0.017725
0 0.232812 0.472329 0.007617 0.007299
0 0.071777 0.166306 0.009131 0.012251
0 0.675391 0.222610 0.010156 0.011209
0 0.205469 0.350858 0.006836 0.009645
0 0.964844 0.727782 0.009375 0.011991
0 0.010950 0.518206 0.009174 0.011991
0 0.356250 0.769489 0.007227 0.009905
0 0.725000 0.730910 0.007422 0.008863
0 0.510938 0.471286 0.005078 0.007299
0 0.834375 0.361285 0.006250 0.009123
0 0.142676 0.525505 0.007617 0.009905
0 0.174023 0.640198 0.006152 0.008341
0 0.007227 0.169434 0.009808 0.013294
0 0.124219 0.079373 0.005664 0.008081
0 0.114941 0.141542 0.009375 0.012512
0 0.806250 0.124338 0.007031 0.009905
0 0.949219 0.188984 0.006250 0.008863
0 0.644141 0.285952 0.007812 0.012512
0 0.803125 0.658966 0.009766 0.014076
0 0.100684 0.624037 0.007080 0.009384
0 0.343750 0.370147 0.008203 0.010948
0 0.543750 0.980108 0.007422 0.011469
0 0.078125 0.539060 0.008936 0.007299
0 0.158789 0.408205 0.012012 0.011469
0 0.337305 0.517163 0.005078 0.005735
0 0.525000 0.475457 0.007422 0.009905
0 0.896094 0.890439 0.006250 0.006777
0 0.202734 0.863329 0.010254 0.006256
0 0.003259 0.033887 0.006519 0.010557
0 0.929688 0.766882 0.009375 0.010427
0 0.038867 0.506737 0.007861 0.009905
0 0.443750 0.131116 0.008203 0.011991
0 0.431641 0.043401 0.007031 0.010166
0 0.083008 0.769489 0.007471 0.009905
0 0.631250 0.241638 0.007422 0.009905
0 0.604688 0.161614 0.007422 0.012773
0 0.200195 0.995267 0.007324 0.009465
0 0.460547 0.942572 0.007812 0.009384
0 0.955469 0.802855 0.006250 0.008863
0 0.455469 0.793471 0.006250 0.008863
0 0.414453 0.489533 0.007812 0.012512
0 0.405469 0.522377 0.005469 0.007820
0 0.371484 0.175950 0.006641 0.009905
0 0.857031 0.527590 0.009375 0.010948
0 0.347266 0.225738 0.008984 0.015119
0 0.793359 0.512993 0.006250 0.008863
0 0.845312 0.841433 0.010156 0.015640
0 0.629687 0.261449 0.010547 0.014597
0 0.478906 0.108959 0.007422 0.009645
0 0.530469 0.907121 0.005859 0.008341
0 0.387500 0.456689 0.007617 0.009905
0 0.031055 0.950913 0.007007 0.009384
0 0.409375 0.458774 0.011328 0.009905
0 0.042139 0.648540 0.006030 0.007299
0 0.167383 0.037275 0.005469 0.007559
0 0.600000 0.406641 0.008984 0.010948
0 0.520312 0.813281 0.008203 0.011991
0 0.718750 0.362849 0.007422 0.010427
0 0.661719 0.284388 0.004687 0.005735
0 0.138086 0.206970 0.007422 0.009645
0 0.426563 0.097229 0.009766 0.008863
0 0.607813 0.185074 0.008984 0.010687
0 0.815625 0.307066 0.010156 0.011730
0 0.423438 0.463987 0.008203 0.014076
0 0.137598 0.550529 0.004297 0.005213
0 0.786719 0.183510 0.004297 0.005474
0 0.010181 0.963426 0.010010 0.012512
0 0.857031 0.542188 0.006250 0.007820
0 0.193359 0.923804 0.004883 0.005213
0 0.849219 0.955084 0.010938 0.011469
0 0.721094 0.565648 0.007422 0.008341
0 0.101270 0.539060 0.010303 0.009905
0 0.979688 0.038057 0.006250 0.008472
0 0.842969 0.872713 0.006250 0.007820
0 0.082129 0.225216 0.005615 0.007299
0 0.881250 0.839348 0.007031 0.007820
0 0.939844 0.542188 0.009375 0.010948
0 0.448438 0.154054 0.008203 0.011991
0 0.169238 0.943615 0.005664 0.006256
0 0.193359 0.032323 0.007617 0.010036
0 0.420703 0.934231 0.010156 0.012512
0 0.457812 0.890439 0.007031 0.007299
0 0.593750 0.257539 0.007031 0.009905
0 0.258594 0.236425 0.006445 0.011469
0 0.806250 0.704322 0.007031 0.008341
0 0.182812 0.862287 0.009473 0.005735
0 0.801563 0.779916 0.007031 0.007820
0 0.240625 0.243984 0.013477 0.016161
0 0.532422 0.601098 0.007812 0.010427
0 0.195605 0.861244 0.009180 0.007299
0 0.062793 0.121992 0.012207 0.016161
0 0.100684 0.127466 0.007227 0.009384
0 0.422656 0.930060 0.010547 0.012512
0 0.530469 0.824751 0.010547 0.013555
0 0.947656 0.614132 0.006250 0.007820
0 0.962500 0.016422 0.005469 0.006126
0 0.349805 0.229387 0.010547 0.017204
0 0.732813 0.406641 0.007422 0.008341
0 0.865625 0.424887 0.011719 0.010427
0 0.162500 0.531761 0.007129 0.009905
0 0.174219 0.628729 0.005762 0.008863
0 0.462500 0.263795 0.006641 0.009123
0 0.327344 0.784608 0.011523 0.012512
0 0.068066 0.919633 0.006885 0.013555
0 0.789844 0.107395 0.012500 0.012251
0 0.057031 0.194458 0.008447 0.012251
0 0.595703 0.005213 0.007031 0.010296
0 0.002866 0.098141 0.005731 0.008602
0 0.820312 0.242420 0.009375 0.010687
0 0.958594 0.015119 0.007812 0.010036
0 0.712500 0.283606 0.003906 0.004953
0 0.674219 0.084847 0.006641 0.009384
0 0.821094 0.750721 0.009375 0.010948
0 0.457031 0.468679 0.008203 0.011469
0 0.432031 0.024242 0.005859 0.007690
0 0.979688 0.603705 0.009375 0.015119
0 0.538672 0.095404 0.008594 0.009905
0 0.605078 0.005409 0.007812 0.010818
0 0.556250 0.809111 0.009375 0.015119
0 0.142383 0.524984 0.004395 0.005213
0 0.967188 0.655838 0.005469 0.006777
0 0.871875 0.798684 0.007031 0.007820
0 0.895313 0.102181 0.010156 0.010687
0 0.926563 0.688161 0.010156 0.014076
0 0.456641 0.273179 0.007812 0.008602
0 0.536719 0.824229 0.009375 0.013555
0 0.593750 0.257018 0.003906 0.005213
0 0.010168 0.637070 0.008856 0.014076
0 0.239258 0.060084 0.007422 0.008863
0 0.592188 0.463987 0.011328 0.016683
0 0.543750 0.824751 0.010547 0.012512
0 0.840625 0.615696 0.007031 0.008341
0 0.840625 0.227302 0.007031 0.008602
0 0.596875 0.166566 0.009766 0.010948
0 0.380469 0.437921 0.005859 0.007820
0 0.357422 0.220524 0.010352 0.015640
0 0.407031 0.093449 0.007031 0.009645
0 0.288086 0.737166 0.007422 0.008863
0 0.414453 0.108177 0.009375 0.009905
0 0.984375 0.804940 0.005469 0.007820
0 0.461719 0.460859 0.010937 0.017204
0 0.575391 0.801812 0.007031 0.010948
0 0.105469 0.691810 0.004395 0.005213
0 0.548047 0.457731 0.006250 0.007820
0 0.571875 0.434793 0.010547 0.014597
0 0.366797 0.223652 0.005273 0.006777
0 0.477344 0.423323 0.007031 0.006777
0 0.720313 0.799727 0.010547 0.012512
0 0.520312 0.065558 0.007422 0.008341
0 0.107227 0.151708 0.007422 0.009123
0 0.236328 0.247112 0.006836 0.008081
0 0.637109 0.286212 0.007031 0.011209
0 0.964063 0.015640 0.007812 0.009645
0 0.605859 0.158225 0.007812 0.009384
0 0.455078 0.425930 0.008594 0.012512
0 0.129688 0.915463 0.007910 0.010427
0 0.057764 0.965511 0.007031 0.007299
0 0.675781 0.948828 0.007812 0.007299
0 0.232031 0.034408 0.008008 0.009254
0 0.068848 0.206970 0.006006 0.005995
0 0.653906 0.063472 0.006641 0.009384
0 0.378516 0.034147 0.009570 0.011600
0 0.557031 0.829964 0.008594 0.009905
0 0.406250 0.160050 0.004687 0.004953
0 0.984375 0.016813 0.010156 0.011991
0 0.437500 0.683469 0.004687 0.006256
0 0.651563 0.631857 0.006641 0.007820
0 0.554688 0.804940 0.008203 0.011991
0 0.598828 0.211922 0.009375 0.011991
0 0.425781 0.327398 0.008203 0.016683
0 0.357422 0.616217 0.007617 0.008341
0 0.724219 0.741337 0.007812 0.010427
0 0.471875 0.419153 0.006641 0.011991
0 0.976562 0.071032 0.008594 0.010427
0 0.106055 0.692332 0.007520 0.010427
0 0.057227 0.518206 0.009180 0.013033
0 0.706250 0.278132 0.011328 0.016161
0 0.589844 0.223913 0.016406 0.015640
0 0.853125 0.871671 0.005469 0.007820
0 0.862500 0.807025 0.008594 0.009905
0 0.879688 0.429058 0.010938 0.015640
0 0.982813 0.046920 0.007031 0.007429
0 0.220703 0.876363 0.008789 0.009384
0 0.156836 0.764797 0.007227 0.009384
0 0.755469 0.546358 0.006250 0.008341
0 0.624219 0.848732 0.006641 0.008863
0 0.290234 0.838305 0.005664 0.006256
0 0.345313 0.772617 0.009961 0.012512
0 0.981250 0.932145 0.007031 0.011469
0 0.920313 0.705365 0.008594 0.008341
0 0.943750 0.915463 0.007812 0.011469
0 0.724219 0.788257 0.008203 0.011469
0 0.995117 0.676170 0.009766 0.017725
0 0.864844 0.519249 0.010938 0.011991