0 0.844870 0.080433 0.015614 0.014307
0 0.172831 0.517644 0.014498 0.021692
0 0.152457 0.531404 0.016447 0.018348
0 0.797788 0.560673 0.012792 0.020040
0 0.282003 0.589894 0.008344 0.015921
0 0.862262 0.563827 0.013872 0.012265
0 0.670288 0.548288 0.014504 0.023138
0 0.407349 0.559606 0.015667 0.013058
0 0.592803 0.566115 0.017955 0.021848
0 0.779993 0.594423 0.011433 0.020235
0 0.997176 0.596962 0.010703 0.020488
0 0.609294 0.599731 0.013037 0.010225
0 0.754063 0.602471 0.013229 0.021626
0 0.631643 0.605500 0.011481 0.015188
0 0.294661 0.611019 0.008743 0.017139
0 0.238393 0.628269 0.009775 0.017489
0 0.154366 0.665173 0.013506 0.014024
0 0.138213 0.655077 0.010375 0.019112
0 0.260461 0.654663 0.012100 0.013512
0 0.809474 0.662510 0.012079 0.021606
0 0.538220 0.672971 0.010733 0.022106
0 0.863487 0.662106 0.016151 0.016281
0 0.305202 0.671990 0.008377 0.016121
0 0.089359 0.688413 0.008938 0.016883
0 0.292860 0.684327 0.015212 0.013513
0 0.322176 0.683115 0.014304 0.019897
0 0.358465 0.685519 0.017316 0.017603
0 0.783256 0.706846 0.015756 0.015499
0 0.163818 0.712990 0.015404 0.021103
0 0.483365 0.736615 0.016509 0.022050
0 0.235375 0.746433 0.017287 0.013896
0 0.268357 0.742760 0.016915 0.013363
0 0.153437 0.744337 0.012115 0.014996
0 0.707075 0.754606 0.018107 0.017161
0 0.760187 0.775904 0.015377 0.020729
0 0.570663 0.783298 0.019034 0.021069
0 0.730648 0.776500 0.013949 0.018975
0 0.587068 0.785779 0.017153 0.020757
0 0.741218 0.837942 0.007479 0.019682
0 0.685663 0.805019 0.015309 0.016248
0 0.579914 0.807317 0.015183 0.018678
0 0.721506 0.831452 0.009771 0.018441
0 0.420699 0.826827 0.008494 0.021239
0 0.510973 0.823192 0.008253 0.016957
0 0.371535 0.852712 0.015207 0.014910
0 0.322457 0.835500 0.013057 0.020259
0 0.756304 0.831673 0.013233 0.020742
0 0.481700 0.836375 0.014867 0.023771
0 0.993120 0.830731 0.014269 0.013774
0 0.940980 0.834308 0.013419 0.015365
0 0.228242 0.848510 0.008073 0.019183
0 0.707550 0.846298 0.014709 0.021681
0 0.578804 0.848000 0.010749 0.019174
0 0.855115 0.859442 0.015201 0.021382
0 0.510965 0.848500 0.007559 0.017508
0 0.478372 0.853260 0.013588 0.018554
0 0.904798 0.856260 0.013834 0.015597
0 0.803610 0.854558 0.014987 0.016429
0 0.177983 0.860750 0.014828 0.018536
0 0.688646 0.859125 0.008904 0.018922
0 0.709179 0.866423 0.015153 0.022429
0 0.300375 0.865692 0.015234 0.020962
0 0.795223 0.863894 0.008348 0.018692
0 0.438898 0.866952 0.015694 0.019991
0 0.205814 0.873702 0.016739 0.013947
0 0.175843 0.878885 0.007509 0.018080
0 0.035122 0.887298 0.016172 0.020254
0 0.736650 0.792933 0.010313 0.021474
0 0.595180 0.896702 0.013825 0.020553
0 0.050598 0.894885 0.015462 0.012877
0 0.532392 0.900240 0.008023 0.015311
0 0.877428 0.912096 0.010538 0.020269
0 0.206304 0.908673 0.013166 0.021755
0 0.848566 0.922837 0.009951 0.021111
0 0.805382 0.927135 0.015874 0.021916
0 0.027716 0.944000 0.008781 0.021626
0 0.053559 0.938740 0.013097 0.020537
0 0.055893 0.956125 0.015076 0.021764
0 0.508948 0.961365 0.008435 0.018226
0 0.206081 0.951683 0.010873 0.022441
0 0.419020 0.946135 0.017578 0.019037
0 0.983465 0.964212 0.012272 0.020790
0 0.856952 0.957163 0.008734 0.017951
0 0.188422 0.953933 0.008868 0.015946
0 0.438501 0.964721 0.013045 0.010085
0 0.758696 0.978683 0.014326 0.024976
0 0.158638 0.972115 0.008770 0.018525
0 0.531326 0.979692 0.014780 0.019093
0 0.313573 0.991808 0.014795 0.014459
0 0.516787 0.947298 0.015501 0.018841
0 0.974748 0.986279 0.015933 0.010919
0 0.400036 0.991144 0.014004 0.017562
0 0.221599 0.988096 0.011616 0.012606
0 0.476304 0.968740 0.017214 0.022127
0 0.739481 0.964337 0.014213 0.024959
0 0.757911 0.956702 0.018548 0.021592
0 0.783487 0.952625 0.014709 0.018122
0 0.292212 0.935913 0.017393 0.021167
0 0.907774 0.918913 0.018941 0.018005
0 0.292803 0.890875 0.018962 0.018461
0 0.464063 0.865769 0.017374 0.020774
0 0.259654 0.805606 0.018177 0.021717
0 0.468934 0.788462 0.014218 0.025399
0 0.165310 0.781760 0.015756 0.013451
0 0.810965 0.784471 0.013029 0.025081
0 0.202918 0.783615 0.015089 0.023180
0 0.398610 0.766654 0.021579 0.024399
0 0.635151 0.756894 0.014918 0.023343
0 0.446160 0.753490 0.009947 0.024161
0 0.379071 0.746683 0.017479 0.012822
0 0.755245 0.739087 0.017328 0.014038
0 0.971218 0.741587 0.011723 0.022641
0 0.822673 0.733923 0.016897 0.015434
0 0.050231 0.726779 0.017051 0.023686
0 0.455922 0.703221 0.016851 0.015997
0 0.009013 0.697769 0.018351 0.020166
0 0.754870 0.686577 0.016319 0.016937
0 0.562269 0.679567 0.015535 0.016528
0 0.426707 0.677788 0.016350 0.020763
0 0.044697 0.679913 0.010042 0.022561
0 0.756520 0.663740 0.017872 0.021773
0 0.048343 0.646308 0.009904 0.020674
0 0.412903 0.641548 0.018549 0.016859
0 0.640677 0.641644 0.017003 0.023021
0 0.973847 0.634221 0.014060 0.020611
0 0.786866 0.626346 0.015917 0.013375
0 0.593112 0.626087 0.013904 0.022868
0 0.563595 0.614692 0.009878 0.021230
0 0.690346 0.605615 0.017803 0.020758
0 0.486751 0.608183 0.014788 0.024450
0 0.403437 0.591731 0.016060 0.019932
0 0.692111 0.582538 0.013426 0.023102
0 0.579330 0.578144 0.013044 0.023409
0 0.843019 0.555587 0.016034 0.017694
0 0.970735 0.551875 0.015772 0.014100
0 0.445735 0.536308 0.016729 0.024175
0 0.201664 0.503462 0.017001 0.019777
0 0.683826 0.499394 0.015383 0.021435
0 0.639921 0.475933 0.017104 0.024015
0 0.852082 0.471365 0.018241 0.024730
0 0.832565 0.468788 0.015368 0.014533
0 0.061974 0.432606 0.014284 0.015208
0 0.510793 0.423346 0.016488 0.015127
0 0.459344 0.419250 0.015302 0.016346
0 0.046571 0.418481 0.017822 0.018207
0 0.627659 0.414923 0.014294 0.019878
0 0.638379 0.396288 0.016586 0.015905
0 0.745778 0.388731 0.013170 0.021304
0 0.724179 0.382356 0.016144 0.024833
0 0.800958 0.361260 0.015320 0.020267
0 0.760965 0.345077 0.016272 0.024825
0 0.492435 0.320692 0.011739 0.020956
0 0.608163 0.306144 0.017124 0.018382
0 0.558127 0.302317 0.016173 0.025098
0 0.540086 0.297981 0.013893 0.024014
0 0.116852 0.257913 0.018152 0.015221
0 0.551405 0.256519 0.016855 0.024263
0 0.114798 0.236808 0.018344 0.024526
0 0.521174 0.225788 0.017069 0.015510
0 0.854784 0.223385 0.018280 0.024079
0 0.544207 0.218529 0.019080 0.026533
0 0.819921 0.212558 0.018657 0.023888
0 0.676643 0.205173 0.016582 0.023243
0 0.201924 0.199471 0.017149 0.024237
0 0.941744 0.191019 0.016018 0.015491
0 0.391016 0.193433 0.014968 0.023913
0 0.569878 0.183346 0.017160 0.022258
0 0.915879 0.178702 0.017708 0.022251
0 0.587918 0.171471 0.012617 0.020681
0 0.470245 0.169817 0.017816 0.018604
0 0.596441 0.161981 0.015633 0.022965
0 0.266643 0.153606 0.011527 0.026543
0 0.293840 0.140942 0.018986 0.024084
0 0.423465 0.139087 0.013577 0.027046
0 0.239164 0.108808 0.015731 0.022029
0 0.359647 0.066231 0.013493 0.022137
0 0.632824 0.049692 0.017929 0.015114
0 0.595137 0.038875 0.013120 0.025450
0 0.373718 0.499481 0.014292 0.022415
0 0.752053 0.851692 0.006924 0.015352
0 0.750447 0.761048 0.016237 0.018434
0 0.574964 0.767673 0.016841 0.013789
0 0.558869 0.594135 0.011754 0.022292
0 0.439661 0.201365 0.014650 0.019066
0 0.346679 0.164490 0.011658 0.021882
0 0.447990 0.235615 0.015551 0.019945
0 0.924438 0.087144 0.014957 0.017268
0 0.922118 0.347971 0.015552 0.019466
0 0.817147 0.434077 0.013948 0.020589
0 0.811650 0.015510 0.016183 0.026912
0 0.255461 0.009279 0.017381 0.018440
0 0.874654 0.013567 0.014575 0.014647
0 0.964690 0.007817 0.016873 0.017523
0 0.851340 0.017788 0.011960 0.019775
0 0.528494 0.043385 0.009953 0.019490
0 0.419611 0.051163 0.009123 0.017689
0 0.403206 0.065510 0.010787 0.019170
0 0.426549 0.064606 0.012428 0.011708
0 0.804085 0.070288 0.011679 0.010583
0 0.897601 0.077606 0.011492 0.020162
0 0.281218 0.073404 0.012058 0.018477
0 0.298610 0.075106 0.014439 0.017316
0 0.979452 0.097663 0.014095 0.017752
0 0.759236 0.092606 0.016216 0.019946
0 0.882997 0.088529 0.014357 0.021434
0 0.332673 0.091769 0.014051 0.020848
0 0.691088 0.096106 0.008169 0.018980
0 0.278941 0.123260 0.008615 0.021842
0 0.776599 0.096221 0.012915 0.013237
0 0.315180 0.102510 0.010776 0.019027
0 0.699460 0.097288 0.009625 0.017746
0 0.390137 0.098933 0.013650 0.010974
0 0.484517 0.100952 0.012292 0.013961
0 0.493530 0.111904 0.013942 0.020431
0 0.296909 0.108096 0.016841 0.015670
0 0.361491 0.111577 0.010494 0.018333
0 0.377284 0.115250 0.008814 0.017299
0 0.188314 0.141788 0.012627 0.022783
0 0.750353 0.125481 0.008441 0.017297
0 0.368725 0.130029 0.014625 0.013950
0 0.583127 0.138885 0.016114 0.019800
0 0.745749 0.141231 0.014029 0.010200
0 0.838840 0.139654 0.015332 0.018771
0 0.226239 0.177115 0.014672 0.015397
0 0.715043 0.192404 0.012298 0.010738
0 0.541023 0.192990 0.013351 0.018866
0 0.308927 0.199971 0.012146 0.017670
0 0.704128 0.199625 0.010241 0.020499
0 0.348040 0.208413 0.010112 0.020117
0 0.714438 0.206077 0.016704 0.015252
0 0.264416 0.223817 0.011135 0.024168
0 0.018739 0.239413 0.013333 0.020283
0 0.179431 0.232856 0.007705 0.019072
0 0.311203 0.258567 0.010510 0.020205
0 0.180418 0.257010 0.013369 0.022234
0 0.059431 0.271010 0.010451 0.016962
0 0.052457 0.285413 0.016719 0.013626
0 0.768991 0.281221 0.015934 0.019051
0 0.638955 0.301327 0.011016 0.018034
0 0.199272 0.321990 0.015820 0.018453
0 0.948638 0.292212 0.014657 0.019760
0 0.397269 0.296750 0.015868 0.014215
0 0.370821 0.304413 0.008212 0.020578
0 0.015807 0.298471 0.015372 0.014525
0 0.083955 0.298990 0.010592 0.017092
0 0.278732 0.318962 0.015377 0.019598
0 0.670627 0.302471 0.015879 0.017055
0 0.204697 0.305894 0.013525 0.021421
0 0.119935 0.320413 0.013871 0.021074
0 0.425706 0.309240 0.012914 0.010176
0 0.294784 0.314490 0.014319 0.018542
0 0.866960 0.329962 0.013768 0.015500
0 0.099661 0.322096 0.010809 0.021172
0 0.240382 0.345798 0.010837 0.018930
0 0.213220 0.322260 0.015341 0.016950
0 0.049978 0.328038 0.008894 0.019264
0 0.468177 0.336519 0.014908 0.019479
0 0.270216 0.339202 0.015570 0.018443
0 0.425187 0.347971 0.014358 0.017982
0 0.255461 0.350337 0.014873 0.016852
0 0.053141 0.361615 0.008736 0.021458
0 0.858768 0.319942 0.014576 0.021027
0 0.895058 0.367356 0.015659 0.014883
0 0.972572 0.366779 0.015560 0.010879
0 0.468163 0.384327 0.014937 0.013301
0 0.825000 0.387087 0.015247 0.019385
0 0.868228 0.387087 0.015244 0.016927
0 0.384107 0.392894 0.012699 0.020762
0 0.923012 0.437173 0.009651 0.019127
0 0.836225 0.401442 0.016271 0.018076
0 0.933206 0.413721 0.011077 0.019592
0 0.875389 0.417673 0.007764 0.021197
0 0.908638 0.419865 0.008821 0.019897
0 0.422442 0.447481 0.008919 0.014956
0 0.807659 0.444923 0.012903 0.012012
0 0.192586 0.440779 0.014043 0.024139
0 0.281707 0.438933 0.017310 0.021586
0 0.536009 0.456433 0.014879 0.021261
0 0.785216 0.453740 0.014965 0.017389
0 0.544906 0.448298 0.010820 0.019536
0 0.928984 0.449837 0.009481 0.018532
0 0.387464 0.451894 0.013972 0.013870
0 0.370014 0.451077 0.007280 0.014793
0 0.253912 0.468058 0.012750 0.024897
0 0.591527 0.484865 0.012097 0.015886
0 0.121232 0.470500 0.008398 0.016913
0 0.403963 0.473279 0.008443 0.015094
0 0.412997 0.474221 0.010253 0.017901
0 0.024035 0.493048 0.015719 0.011252
0 0.019395 0.481615 0.012833 0.009782
0 0.358739 0.488875 0.014662 0.020464
0 0.302529 0.497019 0.014916 0.010518
0 0.991736 0.487279 0.012234 0.011338
0 0.283386 0.494962 0.015189 0.014685
0 0.598509 0.497788 0.009272 0.018079
0 0.241844 0.495933 0.009476 0.017309
0 0.140180 0.499596 0.013058 0.015567
0 0.177118 0.503115 0.013293 0.010089
0 0.292154 0.512048 0.016926 0.020401
0 0.536758 0.475952 0.011989 0.021923
0 0.771520 0.529375 0.011978 0.018627