0 0.920951 0.111962 0.011825 0.018783
0 0.727003 0.533750 0.011068 0.010208
0 0.533782 0.506240 0.013651 0.014699
0 0.628847 0.535606 0.013224 0.021280
0 0.819402 0.531683 0.014717 0.021207
0 0.588012 0.531135 0.009085 0.013475
0 0.598775 0.530308 0.011113 0.020926
0 0.626765 0.488452 0.013914 0.021050
0 0.516282 0.535125 0.006484 0.019865
0 0.193473 0.512404 0.007883 0.014816
0 0.331506 0.504279 0.012162 0.020676
0 0.541088 0.497394 0.016264 0.019650
0 0.975526 0.485769 0.015164 0.018178
0 0.378134 0.484115 0.014909 0.020326
0 0.444258 0.484702 0.013261 0.016968
0 0.709849 0.482010 0.012085 0.017278
0 0.257378 0.478337 0.013931 0.019475
0 0.610915 0.450885 0.014805 0.015416
0 0.271491 0.472423 0.010646 0.018401
0 0.773509 0.430788 0.013263 0.016855
0 0.610562 0.464269 0.013763 0.017774
0 0.912565 0.464087 0.009628 0.018697
0 0.764460 0.470654 0.014498 0.020790
0 0.919301 0.457375 0.015172 0.022563
0 0.822709 0.454317 0.012641 0.022161
0 0.558357 0.519875 0.009056 0.022391
0 0.697831 0.469625 0.013966 0.017474
0 0.047716 0.446288 0.012162 0.021508
0 0.842370 0.442346 0.014591 0.012079
0 0.675202 0.451990 0.007560 0.015736
0 0.920490 0.484500 0.009753 0.019899
0 0.131844 0.439240 0.014135 0.021982
0 0.824532 0.433712 0.010605 0.017331
0 0.254993 0.414721 0.015745 0.013831
0 0.752269 0.429846 0.007881 0.015661
0 0.310893 0.424856 0.015091 0.018156
0 0.205987 0.431971 0.008903 0.019422
0 0.852305 0.446981 0.009918 0.014075
0 0.508610 0.421913 0.009451 0.020598
0 0.142197 0.428202 0.012640 0.019821
0 0.620303 0.420519 0.012605 0.013612
0 0.488480 0.416038 0.013493 0.019758
0 0.412406 0.110827 0.016095 0.018364
0 0.591527 0.417558 0.013339 0.011677
0 0.260043 0.401740 0.013433 0.014570
0 0.372421 0.410471 0.010910 0.021850
0 0.863192 0.409337 0.008094 0.018615
0 0.812536 0.414981 0.016229 0.017724
0 0.802774 0.433413 0.011396 0.019527
0 0.276873 0.408558 0.012722 0.020820
0 0.437608 0.401731 0.012286 0.018597
0 0.460735 0.397808 0.015619 0.018561
0 0.414215 0.407538 0.009866 0.016518
0 0.575677 0.386010 0.009096 0.017646
0 0.141657 0.389923 0.013688 0.018625
0 0.363487 0.373663 0.010595 0.019209
0 0.715259 0.366894 0.015602 0.016390
0 0.197341 0.379731 0.014500 0.019062
0 0.839510 0.369452 0.012165 0.020966
0 0.690756 0.342740 0.006816 0.018269
0 0.452767 0.361798 0.015625 0.013675
0 0.955418 0.358365 0.016581 0.023271
0 0.805836 0.367058 0.011326 0.021090
0 0.480807 0.352144 0.014754 0.019956
0 0.019517 0.347048 0.014235 0.019912
0 0.783963 0.402990 0.013712 0.013176
0 0.604049 0.337731 0.012348 0.018909
0 0.174402 0.334029 0.013166 0.014609
0 0.284611 0.333115 0.015123 0.017930
0 0.865555 0.324933 0.013357 0.012782
0 0.861628 0.300615 0.008717 0.017654
0 0.059114 0.306269 0.016028 0.016541
0 0.731816 0.298798 0.014633 0.013960
0 0.284575 0.310500 0.013563 0.019746
0 0.442363 0.297298 0.011865 0.017292
0 0.258278 0.300029 0.012161 0.021544
0 0.623264 0.297346 0.011809 0.020854
0 0.331441 0.300798 0.011988 0.007731
0 0.517918 0.254260 0.013683 0.012141
0 0.291765 0.290423 0.014564 0.010198
0 0.632133 0.285587 0.010943 0.017273
0 0.977197 0.287192 0.009532 0.018697
0 0.086542 0.284875 0.012583 0.016352
0 0.264020 0.280760 0.011752 0.010971
0 0.741318 0.285817 0.008718 0.021442
0 0.600598 0.287183 0.015375 0.019171
0 0.241664 0.284904 0.012187 0.021736
0 0.453372 0.275673 0.006599 0.014231
0 0.700137 0.294163 0.010372 0.020496
0 0.145901 0.270029 0.014220 0.020491
0 0.469899 0.268212 0.011744 0.016134
0 0.130965 0.264721 0.013232 0.009496
0 0.094135 0.267413 0.013248 0.021718
0 0.506203 0.264048 0.012414 0.015534
0 0.192918 0.263413 0.012468 0.016594
0 0.057241 0.241394 0.013705 0.008896
0 0.702767 0.275365 0.012385 0.015723
0 0.418559 0.255115 0.014770 0.016582
0 0.170922 0.250558 0.012953 0.011387
0 0.604308 0.264865 0.007108 0.016195
0 0.982478 0.348183 0.014123 0.012198
0 0.614510 0.256413 0.010270 0.017936
0 0.171383 0.207625 0.016315 0.017932
0 0.692370 0.262894 0.007752 0.016173
0 0.545461 0.241385 0.011214 0.020230
0 0.515713 0.241269 0.015956 0.020364
0 0.011952 0.219135 0.017012 0.017469
0 0.639589 0.232087 0.012479 0.019939
0 0.566599 0.225173 0.015098 0.016493
0 0.059813 0.229365 0.015404 0.017209
0 0.494633 0.229962 0.006484 0.017231
0 0.424092 0.226952 0.015108 0.021090
0 0.328494 0.229462 0.006412 0.021038
0 0.008134 0.239808 0.013035 0.014972
0 0.582133 0.154885 0.010175 0.014231
0 0.013379 0.206913 0.012879 0.016959
0 0.991390 0.122596 0.013905 0.022966
0 0.609049 0.107615 0.010083 0.019869
0 0.626830 0.105577 0.015144 0.017525
0 0.949524 0.090385 0.016654 0.012364
0 0.897716 0.096942 0.013517 0.016246
0 0.634784 0.110904 0.014127 0.017490
0 0.368184 0.084971 0.014369 0.017068
0 0.240274 0.081471 0.010725 0.021609
0 0.691715 0.099933 0.016347 0.011524
0 0.182586 0.079846 0.013258 0.023749
0 0.901023 0.070308 0.014167 0.012471
0 0.786657 0.072163 0.017179 0.017960
0 0.115094 0.081635 0.011886 0.021976
0 0.381427 0.066923 0.013357 0.008593
0 0.633948 0.052760 0.010836 0.012599
0 0.070764 0.004750 0.013613 0.021191
0 0.623127 0.052221 0.015069 0.019092
0 0.124906 0.049317 0.009781 0.020325
0 0.768293 0.047365 0.015347 0.018472
0 0.665267 0.103385 0.013094 0.012598
0 0.326801 0.048423 0.012534 0.019193
0 0.519820 0.049817 0.013312 0.020420
0 0.758285 0.021163 0.015883 0.020837
0 0.162831 0.034567 0.016711 0.015894
0 0.238934 0.007942 0.012807 0.020064
0 0.562226 0.031356 0.015334 0.016369
0 0.219625 0.028923 0.013268 0.019089
0 0.990036 0.143375 0.011542 0.022752
0 0.184532 0.022462 0.010490 0.015434
0 0.105050 0.027279 0.015243 0.021938
0 0.598451 0.020769 0.012810 0.014111
0 0.907313 0.011760 0.007560 0.019553
0 0.670857 0.009500 0.007853 0.018788
0 0.174791 0.022038 0.014158 0.017390
0 0.253156 0.990952 0.011403 0.018689
0 0.897154 0.542279 0.013982 0.019649
0 0.569481 0.102096 0.016623 0.018652
0 0.585324 0.808385 0.014453 0.019303
0 0.938617 0.216106 0.013917 0.014108
0 0.794683 0.237308 0.013445 0.015358
0 0.659568 0.212048 0.014774 0.020919
0 0.190793 0.218442 0.013705 0.012399
0 0.164993 0.193288 0.015590 0.013265
0 0.472990 0.209163 0.014214 0.011137
0 0.461780 0.216385 0.006844 0.018731
0 0.796110 0.166067 0.014958 0.020016
0 0.978509 0.445567 0.008137 0.015599
0 0.234063 0.904808 0.014965 0.014785
0 0.479337 0.907394 0.016145 0.017191
0 0.550101 0.990471 0.014212 0.017304
0 0.410101 0.986837 0.014542 0.019264
0 0.855454 0.999913 0.011981 0.018277
0 0.691571 0.980433 0.016023 0.022800
0 0.870663 0.976663 0.015564 0.012329
0 0.477601 0.968827 0.011013 0.014729
0 0.710641 0.968173 0.004424 0.014923
0 0.351275 0.968683 0.012740 0.020288
0 0.445231 0.975471 0.013351 0.016969
0 0.118710 0.959635 0.013112 0.020822
0 0.519726 0.952192 0.013548 0.011368
0 0.350303 0.950856 0.014164 0.009785
0 0.642673 0.950558 0.014181 0.017383
0 0.147723 0.945971 0.015186 0.018883
0 0.063026 0.972721 0.012218 0.010352
0 0.786628 0.896394 0.011822 0.020590
0 0.949085 0.933125 0.014498 0.011073
0 0.094222 0.986077 0.012763 0.021560
0 0.647558 0.919538 0.013283 0.011374
0 0.261909 0.928096 0.009129 0.017607
0 0.610857 0.925212 0.016210 0.018576
0 0.328559 0.931010 0.012353 0.010506
0 0.225850 0.924423 0.014345 0.022114
0 0.823775 0.913788 0.007898 0.016778
0 0.838091 0.863827 0.013747 0.019857
0 0.142104 0.922000 0.015615 0.020628
0 0.323307 0.915615 0.013547 0.018916
0 0.947867 0.909981 0.014229 0.015055
0 0.880893 0.098106 0.012392 0.017167
0 0.357803 0.904952 0.006671 0.015962
0 0.893192 0.901952 0.016088 0.017647
0 0.964474 0.896337 0.011694 0.014047
0 0.908192 0.900115 0.016223 0.015574
0 0.980605 0.892558 0.008775 0.017673
0 0.897125 0.888942 0.011747 0.010445
0 0.498444 0.894221 0.010423 0.019006
0 0.304481 0.864971 0.013615 0.019490
0 0.761347 0.884500 0.012710 0.015105
0 0.354164 0.883654 0.014996 0.019202
0 0.017911 0.871298 0.014504 0.012826
0 0.607565 0.869163 0.011003 0.021247
0 0.065728 0.869365 0.014311 0.021182
0 0.099582 0.867712 0.007032 0.017442
0 0.769618 0.999865 0.012745 0.026872
0 0.547522 0.864221 0.015562 0.020381
0 0.458307 0.866779 0.013595 0.012550
0 0.116967 0.866096 0.015657 0.019379
0 0.596744 0.861981 0.014359 0.020330
0 0.827738 0.861394 0.013248 0.012384
0 0.380713 0.862375 0.013641 0.018155
0 0.807392 0.859481 0.011097 0.017677
0 0.282320 0.856538 0.014240 0.020011
0 0.984604 0.852221 0.014022 0.017916
0 0.016686 0.910413 0.009467 0.022500
0 0.734539 0.854731 0.012449 0.019158
0 0.968638 0.847173 0.006124 0.018250
0 0.272262 0.844904 0.010686 0.009802
0 0.850569 0.843462 0.011101 0.019104
0 0.701643 0.837625 0.010394 0.006968
0 0.499856 0.837250 0.013933 0.014081
0 0.960159 0.856231 0.007349 0.018808
0 0.781902 0.838365 0.014997 0.020204
0 0.028653 0.834346 0.016550 0.018356
0 0.918667 0.824673 0.009315 0.019300
0 0.894561 0.825990 0.014924 0.022411
0 0.439647 0.824635 0.010812 0.019245
0 0.428235 0.828894 0.011848 0.024499
0 0.390540 0.823673 0.015012 0.013737
0 0.169042 0.822375 0.011838 0.021672
0 0.366167 0.817260 0.013322 0.017951
0 0.841347 0.826038 0.018645 0.020865
0 0.727536 0.825115 0.011668 0.015006
0 0.064805 0.814010 0.007204 0.014128
0 0.987954 0.839048 0.007327 0.016317
0 0.770274 0.854471 0.010673 0.019556
0 0.347219 0.817625 0.013901 0.020674
0 0.138307 0.816317 0.015492 0.016622
0 0.419049 0.809942 0.014359 0.018520
0 0.918667 0.797712 0.015722 0.012260
0 0.204777 0.805067 0.012059 0.020623
0 0.255569 0.799067 0.013709 0.020221
0 0.348991 0.783673 0.011859 0.010653
0 0.303465 0.789260 0.008170 0.013459
0 0.925519 0.778712 0.012104 0.022663
0 0.816988 0.773019 0.016041 0.018937
0 0.287248 0.779519 0.009043 0.017937
0 0.772860 0.762221 0.013325 0.022021
0 0.226412 0.755346 0.017103 0.013442
0 0.347817 0.723875 0.014864 0.015291
0 0.901009 0.750808 0.016141 0.023052
0 0.938293 0.794365 0.015054 0.018075
0 0.263919 0.753760 0.012146 0.021417
0 0.635122 0.746058 0.006556 0.016923
0 0.415353 0.739125 0.014462 0.016729
0 0.697457 0.723317 0.014639 0.016171
0 0.914503 0.726269 0.014775 0.008667
0 0.200432 0.729519 0.015749 0.017460
0 0.364661 0.736798 0.011416 0.019782
0 0.090634 0.724865 0.015517 0.017584
0 0.710519 0.712856 0.013501 0.021655
0 0.334078 0.725990 0.013964 0.021282
0 0.638790 0.717385 0.015040 0.015251
0 0.135576 0.717913 0.015009 0.018936
0 0.834280 0.724750 0.017026 0.020059
0 0.944575 0.704212 0.017661 0.013340
0 0.755951 0.703452 0.010447 0.016180
0 0.569683 0.700221 0.013984 0.016267
0 0.402435 0.693625 0.012285 0.016174
0 0.873307 0.702510 0.013142 0.011860
0 0.766693 0.695442 0.011221 0.021121
0 0.746902 0.691433 0.015267 0.013007
0 0.816794 0.693000 0.012768 0.019815
0 0.206643 0.630231 0.006715 0.017596
0 0.043739 0.677846 0.013171 0.013825
0 0.412032 0.697087 0.013854 0.019355
0 0.169885 0.674356 0.012649 0.020821
0 0.868790 0.667471 0.006816 0.015519
0 0.203444 0.667587 0.014994 0.016359
0 0.430713 0.708462 0.014078 0.016550
0 0.820865 0.674192 0.010982 0.019428
0 0.275612 0.650135 0.014835 0.020062
0 0.403905 0.664125 0.014095 0.014378
0 0.008170 0.656779 0.012482 0.009081
0 0.245029 0.428365 0.008357 0.021923
0 0.566282 0.661356 0.013252 0.019816
0 0.239099 0.657173 0.013903 0.013671
0 0.704013 0.658173 0.014562 0.022227
0 0.210728 0.571125 0.014117 0.021243
0 0.438112 0.656125 0.007493 0.018019
0 0.815951 0.664442 0.015234 0.016397
0 0.067622 0.643654 0.013643 0.009594
0 0.281924 0.699548 0.011792 0.015164
0 0.329020 0.645827 0.012421 0.019206
0 0.955252 0.644452 0.014160 0.020441
0 0.363480 0.639846 0.010604 0.021657
0 0.235778 0.638788 0.014027 0.012139
0 0.850137 0.609144 0.014669 0.011681
0 0.397932 0.637202 0.016556 0.019725
0 0.082313 0.635173 0.014490 0.019415
0 0.544834 0.558952 0.014604 0.018651
0 0.396700 0.594115 0.014963 0.014108
0 0.980115 0.620923 0.010263 0.019805
0 0.877493 0.622933 0.006486 0.016381
0 0.060058 0.616404 0.008881 0.013226
0 0.743242 0.613683 0.014383 0.011733
0 0.043501 0.614231 0.014457 0.015070
0 0.255202 0.621721 0.014686 0.014587
0 0.852133 0.625288 0.009861 0.019253
0 0.192522 0.609712 0.010172 0.017875
0 0.984741 0.611750 0.012862 0.022137
0 0.766952 0.602817 0.013882 0.016901
0 0.499179 0.608846 0.013849 0.020402
0 0.041952 0.708106 0.010310 0.019372
0 0.243746 0.590519 0.010813 0.010470
0 0.276787 0.595865 0.013180 0.019383
0 0.178235 0.598096 0.012133 0.020244
0 0.717702 0.593221 0.015702 0.016036
0 0.973552 0.587913 0.011069 0.015868
0 0.627349 0.605202 0.010053 0.017219
0 0.156736 0.582077 0.012382 0.020283
0 0.200973 0.575423 0.013160 0.017463
0 0.743754 0.574010 0.014316 0.020670
0 0.662853 0.571067 0.013883 0.013725
0 0.513883 0.565567 0.015888 0.017879
0 0.495108 0.567788 0.009663 0.020658
0 0.737903 0.039856 0.006787 0.015365
0 0.484460 0.041846 0.004755 0.012115
0 0.605195 0.067298 0.005389 0.016904
0 0.803768 0.077327 0.008199 0.020135
0 0.784020 0.112673 0.004697 0.013673
0 0.761491 0.119471 0.004755 0.018615
0 0.994330 0.236394 0.006844 0.015173
0 0.040411 0.277192 0.009582 0.015058
0 0.012118 0.527606 0.010720 0.016615
0 0.847061 0.557587 0.004928 0.014885
0 0.704978 0.619510 0.004222 0.013673
0 0.671988 0.766163 0.007450 0.018269
0 0.539712 0.797317 0.009438 0.017808
0 0.470331 0.832606 0.009539 0.020981
0 0.030562 0.896971 0.005922 0.016385
0 0.277392 0.922346 0.005720 0.015962
0 0.633984 0.984587 0.008559 0.017865
0 0.356938 0.187519 0.015096 0.018549
0 0.531124 0.187587 0.012043 0.020837
0 0.099741 0.179913 0.011194 0.016871
0 0.483487 0.176490 0.006873 0.018173
0 0.417378 0.169856 0.017320 0.021375
0 0.708242 0.172298 0.012664 0.021275
0 0.609712 0.163413 0.007796 0.017227
0 0.787378 0.160990 0.016328 0.015865
0 0.472781 0.165260 0.017146 0.020945
0 0.449193 0.161433 0.012396 0.018939
0 0.817752 0.128058 0.011792 0.019881
0 0.617233 0.153413 0.006441 0.017500
0 0.047161 0.158413 0.008271 0.016346
0 0.272594 0.149846 0.015075 0.016377
0 0.360375 0.152163 0.013774 0.021042
0 0.266232 0.181279 0.014453 0.020707
0 0.891628 0.139644 0.013001 0.020885
0 0.389820 0.105712 0.017664 0.020170
0 0.902781 0.163279 0.015168 0.022089
0 0.042723 0.141356 0.011027 0.011708
0 0.996491 0.101337 0.010661 0.019455
0 0.642659 0.128298 0.012088 0.018234
0 0.365548 0.127990 0.010606 0.022903
0 0.452831 0.048529 0.015263 0.016776
0 0.398069 0.117067 0.014602 0.022223
0 0.439532 0.109952 0.014786 0.011604
0 0.732839 0.110788 0.015816 0.021073
0 0.909150 0.104288 0.015809 0.015448
0 0.615944 0.094288 0.018329 0.014604
0 0.339042 0.560394 0.015862 0.014671
0 0.725548 0.565519 0.010991 0.018049
0 0.072615 0.564837 0.010896 0.021035
0 0.280086 0.563144 0.007953 0.018685
0 0.304308 0.551115 0.009114 0.020004
0 0.041967 0.548510 0.008630 0.019907
0 0.200540 0.589202 0.013583 0.010259
0 0.930973 0.563058 0.015123 0.020414
0 0.580274 0.539635 0.014967 0.019867