0 0.124986 0.094308 0.017004 0.023089
0 0.688941 0.100596 0.009593 0.015293
0 0.821974 0.077548 0.020682 0.015546
0 0.648501 0.034375 0.013708 0.012039
0 0.904748 0.108538 0.012448 0.019137
0 0.283840 0.021798 0.011799 0.018341
0 0.272435 0.014894 0.013735 0.020373
0 0.043602 0.804010 0.016531 0.023047
0 0.557399 0.129212 0.012116 0.023412
0 0.411412 0.644740 0.011346 0.022501
0 0.409395 0.659519 0.016276 0.013883
0 0.413732 0.686683 0.016753 0.014510
0 0.499207 0.900606 0.016943 0.015755
0 0.580901 0.930087 0.016870 0.017951
0 0.463192 0.884221 0.016016 0.015231
0 0.068710 0.702173 0.014732 0.010564
0 0.231463 0.349269 0.012326 0.011406
0 0.156960 0.223933 0.012288 0.008550
0 0.642075 0.392683 0.015358 0.016956
0 0.575692 0.418433 0.014125 0.017785
0 0.589488 0.418125 0.015166 0.016573
0 0.764892 0.489154 0.015176 0.012499
0 0.756311 0.511798 0.016211 0.019875
0 0.212687 0.594548 0.011709 0.023448
0 0.459539 0.873019 0.016943 0.019091
0 0.810850 0.589212 0.015791 0.010757
0 0.810476 0.949654 0.015933 0.011209
0 0.734452 0.901654 0.013698 0.019474
0 0.771362 0.656548 0.013502 0.012933
0 0.791499 0.279577 0.012506 0.021522
0 0.939107 0.363327 0.005968 0.018279
0 0.901052 0.302173 0.013899 0.016632
0 0.295965 0.852442 0.012575 0.020448
0 0.130043 0.889538 0.011346 0.022501
0 0.380785 0.622654 0.013115 0.017158
0 0.102687 0.515788 0.012280 0.020673
0 0.686643 0.774471 0.014965 0.016401
0 0.823739 0.117327 0.014290 0.019292
0 0.815072 0.124663 0.012118 0.010055
0 0.045317 0.140731 0.009620 0.017824
0 0.017212 0.141490 0.012456 0.015832
0 0.566859 0.144337 0.014669 0.013064
0 0.629049 0.160538 0.018051 0.014383
0 0.075814 0.192250 0.016358 0.023953
0 0.144114 0.203779 0.014019 0.017750
0 0.737334 0.211519 0.014873 0.020965
0 0.223991 0.241558 0.014496 0.023829
0 0.154359 0.235490 0.012736 0.010469
0 0.178919 0.272760 0.011027 0.021308
0 0.771470 0.272913 0.017241 0.014845
0 0.574359 0.295519 0.015503 0.020069
0 0.054481 0.316394 0.014241 0.012172
0 0.087767 0.347019 0.007702 0.017427
0 0.043444 0.358250 0.015225 0.011211
0 0.229316 0.364183 0.009634 0.016638
0 0.533840 0.348615 0.011373 0.020095
0 0.230497 0.398913 0.009834 0.016968
0 0.598782 0.393106 0.015305 0.022019
0 0.593718 0.428231 0.015070 0.013594
0 0.394481 0.455442 0.013346 0.018022
0 0.943537 0.471423 0.014561 0.013247
0 0.976117 0.492596 0.012612 0.013236
0 0.371938 0.508952 0.014552 0.017208
0 0.800079 0.553971 0.015173 0.020889
0 0.936016 0.589644 0.012010 0.020466
0 0.316131 0.586442 0.011495 0.018234
0 0.407608 0.593654 0.012537 0.016287
0 0.429957 0.641885 0.014284 0.015852
0 0.772226 0.668067 0.012693 0.009843
0 0.419978 0.670433 0.014391 0.021727
0 0.095375 0.675692 0.011170 0.021405
0 0.422233 0.701279 0.010674 0.019401
0 0.071787 0.688587 0.014903 0.019464
0 0.045656 0.709894 0.014970 0.015278
0 0.738220 0.885760 0.008405 0.018002
0 0.805973 0.909673 0.016536 0.019347
0 0.586635 0.944760 0.014304 0.018484
0 0.812803 0.965942 0.009415 0.018584
0 0.335389 0.964865 0.015848 0.021526
0 0.994388 0.989038 0.007587 0.018004
0 0.425540 0.744865 0.013960 0.011442
0 0.325886 0.758394 0.013018 0.020684
0 0.690086 0.765240 0.013027 0.013563
0 0.804179 0.770221 0.016288 0.018493
0 0.326470 0.774692 0.015188 0.013703
0 0.759726 0.798337 0.011803 0.024105
0 0.340944 0.769538 0.012904 0.016247
0 0.161225 0.835394 0.012271 0.022414
0 0.084914 0.825760 0.013896 0.010150
0 0.993674 0.827337 0.015537 0.012100
0 0.687363 0.844981 0.010964 0.022083
0 0.525490 0.853317 0.013539 0.017269
0 0.646909 0.845798 0.015635 0.016849
0 0.982450 0.869394 0.011499 0.018642
0 0.476563 0.876913 0.013542 0.019299
0 0.665886 0.876587 0.015146 0.012929
0 0.791916 0.733423 0.016961 0.018434
0 0.330612 0.734212 0.009319 0.017929
0 0.375202 0.021481 0.016820 0.021089
0 0.831657 0.025385 0.017128 0.018927
0 0.744906 0.029048 0.011107 0.020334
0 0.910180 0.035750 0.011266 0.020920
0 0.552608 0.039952 0.016521 0.017840
0 0.902183 0.053394 0.016530 0.019299
0 0.496354 0.066173 0.019194 0.019960
0 0.547522 0.067048 0.016283 0.018742
0 0.492565 0.083750 0.017706 0.017968
0 0.231895 0.091510 0.013826 0.019196
0 0.982752 0.108769 0.015665 0.022031
0 0.871924 0.116654 0.018156 0.024063
0 0.183674 0.127808 0.013079 0.020074
0 0.804416 0.143587 0.018029 0.024381
0 0.600944 0.173346 0.017798 0.024801
0 0.664841 0.194404 0.011925 0.023194
0 0.990951 0.203144 0.018394 0.023411
0 0.287435 0.209904 0.013007 0.021175
0 0.405612 0.224365 0.015774 0.023131
0 0.710173 0.235500 0.019961 0.024024
0 0.332183 0.263221 0.009523 0.017106
0 0.312457 0.272885 0.017802 0.017474
0 0.708610 0.280971 0.010832 0.017829
0 0.503098 0.281587 0.017090 0.022932
0 0.304561 0.294000 0.015327 0.015667
0 0.294611 0.306567 0.014236 0.014769
0 0.329207 0.306692 0.016911 0.013893
0 0.641880 0.308827 0.013962 0.020470
0 0.761686 0.317683 0.019070 0.023814
0 0.251549 0.324952 0.009726 0.023386
0 0.825980 0.330990 0.017993 0.019961
0 0.232745 0.333904 0.013480 0.021741
0 0.436326 0.348683 0.020191 0.024416
0 0.392795 0.353087 0.018015 0.025379
0 0.923285 0.353346 0.011140 0.019627
0 0.368970 0.353115 0.017675 0.021374
0 0.606427 0.358183 0.010601 0.021854
0 0.347104 0.365202 0.014386 0.022618
0 0.486210 0.365279 0.018831 0.025285
0 0.621592 0.363865 0.017867 0.017921
0 0.421095 0.369279 0.013457 0.020338
0 0.786988 0.370279 0.018086 0.021893
0 0.335857 0.378962 0.016725 0.018199
0 0.184107 0.382750 0.014929 0.022715
0 0.358487 0.384346 0.019897 0.025050
0 0.439950 0.384769 0.018751 0.020722
0 0.739323 0.394356 0.009889 0.022662
0 0.620295 0.393327 0.019096 0.021425
0 0.776542 0.400231 0.017294 0.025334
0 0.197637 0.401106 0.019407 0.021977
0 0.941902 0.399567 0.016602 0.018424
0 0.722032 0.410808 0.013072 0.021589
0 0.055317 0.418817 0.011994 0.019856
0 0.699416 0.428202 0.020587 0.023673
0 0.663487 0.438529 0.013177 0.022008
0 0.940785 0.447356 0.012946 0.022357
0 0.593415 0.456135 0.014943 0.023189
0 0.057918 0.457490 0.015972 0.017726
0 0.557889 0.470067 0.016569 0.014872
0 0.585713 0.480192 0.012781 0.009447
0 0.593494 0.502596 0.011136 0.016902
0 0.805223 0.523240 0.019120 0.024211
0 0.236203 0.530519 0.016486 0.022369
0 0.663437 0.539173 0.017587 0.017035
0 0.767507 0.555183 0.012291 0.013121
0 0.945403 0.566587 0.015366 0.020941
0 0.632097 0.573635 0.013437 0.014845
0 0.452125 0.589981 0.012188 0.012526
0 0.897205 0.595788 0.016785 0.018527
0 0.767507 0.622596 0.016894 0.020747
0 0.065065 0.624231 0.019352 0.022498
0 0.576174 0.626952 0.010971 0.023368
0 0.950922 0.627019 0.010765 0.021180
0 0.407133 0.627663 0.016107 0.023361
0 0.862464 0.667404 0.020684 0.023817
0 0.400634 0.671587 0.013153 0.023124
0 0.675598 0.672990 0.011240 0.024603
0 0.153710 0.677712 0.018123 0.020477
0 0.939719 0.688308 0.018335 0.018780
0 0.168256 0.702837 0.015198 0.024962
0 0.351102 0.708106 0.014687 0.024067
0 0.283487 0.710192 0.016200 0.018424
0 0.857738 0.717654 0.016980 0.021557
0 0.173235 0.719606 0.018207 0.020157
0 0.695785 0.741952 0.018921 0.024389
0 0.872406 0.743606 0.018992 0.020088
0 0.823610 0.760115 0.020753 0.025653
0 0.111549 0.770269 0.017336 0.016957
0 0.050807 0.772231 0.016925 0.022298
0 0.472846 0.808846 0.018719 0.020098
0 0.584697 0.826260 0.013787 0.023833
0 0.564186 0.831346 0.017995 0.016366
0 0.752032 0.838375 0.016638 0.022911
0 0.884517 0.855654 0.017963 0.023049
0 0.943782 0.863279 0.014564 0.020929
0 0.616823 0.877490 0.011030 0.023521
0 0.350108 0.880933 0.015005 0.022719
0 0.421239 0.885154 0.013908 0.023733
0 0.310223 0.884442 0.017709 0.018168
0 0.449164 0.892010 0.013366 0.024923
0 0.017061 0.896288 0.016167 0.021795
0 0.388444 0.898567 0.015109 0.012630
0 0.412716 0.903933 0.011665 0.020976
0 0.136787 0.918202 0.017814 0.024707
0 0.312968 0.919250 0.017253 0.020984
0 0.250353 0.927154 0.015956 0.023553
0 0.430490 0.944288 0.016535 0.024770
0 0.206700 0.944529 0.015441 0.019328
0 0.705043 0.948452 0.017683 0.024768
0 0.668624 0.952846 0.010812 0.021213
0 0.449964 0.958375 0.009505 0.018194
0 0.866635 0.971625 0.016903 0.022751
0 0.150367 0.970702 0.017430 0.013917
0 0.191023 0.975846 0.013344 0.021414
0 0.418703 0.981202 0.016357 0.023416