0 0.939352 0.874471 0.013628 0.022482
0 0.701275 0.862942 0.013674 0.014035
0 0.789978 0.856885 0.013389 0.012631
0 0.899784 0.851625 0.014827 0.017199
0 0.750807 0.852115 0.014761 0.022145
0 0.735216 0.853394 0.015179 0.017991
0 0.405238 0.935212 0.014816 0.013903
0 0.519280 0.925163 0.008504 0.019510
0 0.472709 0.896981 0.013934 0.012031
0 0.616390 0.920788 0.012017 0.019164
0 0.729193 0.862192 0.012887 0.011782
0 0.072731 0.873654 0.014383 0.023105
0 0.503516 0.869827 0.015502 0.012543
0 0.425130 0.993817 0.015084 0.022048
0 0.077414 0.989337 0.009228 0.019205
0 0.158833 0.960577 0.015011 0.014374
0 0.860209 0.963096 0.018733 0.021769
0 0.212824 0.960240 0.014835 0.014204
0 0.529236 0.830365 0.015318 0.019495
0 0.786376 0.832356 0.016124 0.017344
0 0.912572 0.783317 0.014283 0.015726
0 0.887205 0.779298 0.014558 0.020935
0 0.191880 0.753308 0.015733 0.017145
0 0.704099 0.739971 0.016702 0.020796
0 0.210555 0.749433 0.016246 0.021123
0 0.624986 0.728548 0.012463 0.022622
0 0.743811 0.723615 0.009626 0.020343
0 0.712781 0.717663 0.013141 0.013080
0 0.018566 0.712731 0.013119 0.020255
0 0.807896 0.667644 0.015405 0.021619
0 0.347341 0.661558 0.014698 0.014135
0 0.136909 0.636260 0.017711 0.022231
0 0.937269 0.610500 0.008550 0.018469
0 0.874697 0.588135 0.009362 0.023077
0 0.463220 0.578596 0.016415 0.020433
0 0.058876 0.576971 0.014283 0.021375
0 0.238927 0.561837 0.010479 0.022149
0 0.431679 0.567894 0.013764 0.014510
0 0.143019 0.559894 0.016119 0.014637
0 0.721390 0.545385 0.015183 0.018443
0 0.148055 0.534731 0.012219 0.019968
0 0.681081 0.514019 0.014047 0.011447
0 0.483357 0.522538 0.009675 0.022260
0 0.725195 0.512769 0.013601 0.018128
0 0.651045 0.500481 0.015016 0.020150
0 0.924899 0.486288 0.015861 0.015582
0 0.542687 0.475702 0.014235 0.010493
0 0.092695 0.467087 0.017126 0.019342
0 0.003818 0.458288 0.016189 0.016088
0 0.864265 0.461510 0.014817 0.021745
0 0.755187 0.452298 0.014346 0.019576
0 0.004654 0.383712 0.017996 0.018687
0 0.930677 0.371346 0.014380 0.020541
0 0.942486 0.363029 0.011452 0.017517
0 0.828948 0.360683 0.013880 0.023734
0 0.773256 0.361788 0.007420 0.019868
0 0.763264 0.354971 0.010189 0.019288
0 0.466419 0.358394 0.018147 0.016595
0 0.792212 0.330490 0.015285 0.013934
0 0.828501 0.315231 0.017645 0.019378
0 0.860382 0.305394 0.008919 0.019830
0 0.804438 0.271567 0.014615 0.014935
0 0.785418 0.262587 0.014079 0.017700
0 0.758120 0.242817 0.014731 0.015691
0 0.489128 0.245221 0.008279 0.019581
0 0.195886 0.230510 0.014461 0.016542
0 0.290584 0.225519 0.013620 0.012046
0 0.637586 0.215269 0.012496 0.017981
0 0.785267 0.213625 0.015596 0.021029
0 0.331146 0.209260 0.008504 0.017146
0 0.633408 0.139394 0.016741 0.020671
0 0.439625 0.114981 0.014074 0.014311
0 0.910937 0.124952 0.007310 0.018438
0 0.109481 0.103952 0.011365 0.022741
0 0.681801 0.103192 0.015614 0.013543
0 0.738112 0.101490 0.015896 0.018452
0 0.388610 0.098462 0.016614 0.013518
0 0.087089 0.096279 0.013802 0.009833
0 0.261066 0.088519 0.011474 0.009879
0 0.239236 0.093154 0.012315 0.009874
0 0.569921 0.093231 0.014447 0.014941
0 0.250764 0.085481 0.007686 0.016614
0 0.311520 0.084202 0.013984 0.013714
0 0.840879 0.085067 0.015570 0.017837
0 0.914359 0.081538 0.010735 0.019418
0 0.243019 0.079817 0.008287 0.015992
0 0.136463 0.077385 0.015411 0.019553
0 0.150807 0.076212 0.016857 0.020363
0 0.826888 0.077817 0.012473 0.019067
0 0.770497 0.090327 0.016343 0.018027
0 0.465411 0.069221 0.010337 0.020090
0 0.221499 0.064635 0.010791 0.020397
0 0.112702 0.041798 0.017400 0.022106
0 0.134683 0.027125 0.011020 0.021246
0 0.335483 0.028077 0.009373 0.023701
0 0.104128 0.019962 0.010553 0.018677
0 0.873184 0.457663 0.016418 0.019393
0 0.837205 0.054702 0.014774 0.022127
0 0.849524 0.040885 0.015708 0.017412
0 0.868653 0.031260 0.014288 0.018324
0 0.553826 0.095740 0.015708 0.017412
0 0.617428 0.174558 0.014266 0.020687
0 0.634748 0.198625 0.014311 0.010970
0 0.544669 0.262769 0.015708 0.017493
0 0.548862 0.250750 0.012177 0.011625
0 0.560382 0.299471 0.014892 0.012720
0 0.493775 0.264202 0.009223 0.019707
0 0.407716 0.100058 0.012701 0.020953
0 0.618026 0.016048 0.012890 0.022450
0 0.438818 0.033000 0.015474 0.025096
0 0.758718 0.049760 0.014755 0.018771
0 0.135447 0.060500 0.016254 0.013070
0 0.298350 0.067471 0.015495 0.023971
0 0.768898 0.072962 0.016704 0.024005
0 0.327536 0.090808 0.018630 0.018404
0 0.965663 0.106875 0.015541 0.019919
0 0.081066 0.122865 0.014211 0.021482
0 0.596837 0.133212 0.017104 0.019661
0 0.286895 0.155625 0.010488 0.025162
0 0.866960 0.164298 0.011456 0.022495
0 0.459316 0.166356 0.016554 0.015948
0 0.819914 0.970019 0.016488 0.019694
0 0.100231 0.918894 0.015944 0.023448
0 0.266563 0.907827 0.015356 0.023412
0 0.149935 0.905721 0.013249 0.022440
0 0.335756 0.893615 0.011235 0.024170
0 0.286470 0.874904 0.018730 0.020122
0 0.419733 0.868337 0.017201 0.021012
0 0.686513 0.867788 0.013170 0.023187
0 0.455749 0.862558 0.016904 0.017472
0 0.242176 0.860298 0.014852 0.023802
0 0.621369 0.854760 0.014598 0.017874
0 0.153480 0.845317 0.017728 0.018924
0 0.952572 0.835606 0.011327 0.020648
0 0.449777 0.824721 0.017967 0.020648
0 0.838177 0.815019 0.010740 0.021401
0 0.607795 0.810750 0.013868 0.014388
0 0.147774 0.812712 0.021453 0.021642
0 0.701290 0.778087 0.017009 0.017462
0 0.655656 0.774875 0.015920 0.022299
0 0.567644 0.770962 0.016347 0.022056
0 0.245512 0.769740 0.017210 0.024646
0 0.078199 0.748519 0.019918 0.021111
0 0.324986 0.751548 0.010913 0.023061
0 0.050958 0.725298 0.014968 0.020912
0 0.350850 0.708356 0.016908 0.024002
0 0.481657 0.691250 0.018606 0.017343
0 0.733588 0.686433 0.019137 0.017771
0 0.298919 0.681192 0.018714 0.016419
0 0.020144 0.683865 0.015266 0.024237
0 0.410555 0.681106 0.019111 0.025226
0 0.488876 0.662288 0.007506 0.016576
0 0.126290 0.663596 0.016829 0.027642
0 0.871340 0.658990 0.019385 0.023215
0 0.447673 0.657202 0.018794 0.024315
0 0.603343 0.658087 0.010132 0.023018
0 0.262075 0.649365 0.013485 0.018069
0 0.860238 0.649865 0.008026 0.018885
0 0.652464 0.648298 0.010349 0.019402
0 0.008501 0.644587 0.014081 0.021579
0 0.414762 0.639596 0.017568 0.019248
0 0.098105 0.617558 0.018054 0.025786
0 0.289683 0.614837 0.014636 0.022287
0 0.244474 0.611279 0.015668 0.016807
0 0.633494 0.610087 0.015365 0.013389
0 0.543667 0.605548 0.017192 0.015652
0 0.971780 0.595413 0.013523 0.016305
0 0.216110 0.585298 0.017972 0.019483
0 0.840295 0.577942 0.017913 0.016202
0 0.409171 0.564837 0.018655 0.020617
0 0.945663 0.563173 0.018001 0.017223
0 0.265195 0.562625 0.015046 0.023393
0 0.359633 0.552298 0.013773 0.028275
0 0.851376 0.544288 0.017610 0.017097
0 0.063970 0.545817 0.010024 0.021766
0 0.937205 0.541317 0.019625 0.017234
0 0.288365 0.533712 0.018721 0.016361
0 0.317183 0.524212 0.016084 0.013475
0 0.624114 0.520548 0.021393 0.025020
0 0.234712 0.521269 0.011126 0.021708
0 0.430231 0.518115 0.014278 0.026148
0 0.089222 0.512356 0.017530 0.022654
0 0.276744 0.496433 0.015779 0.014881
0 0.439906 0.492183 0.017043 0.016820
0 0.220101 0.488298 0.018324 0.024120
0 0.695447 0.484404 0.015324 0.015843
0 0.016671 0.487375 0.014738 0.023138
0 0.860778 0.484038 0.017874 0.020263
0 0.694078 0.459221 0.013731 0.021748
0 0.137695 0.451173 0.013740 0.021899
0 0.463033 0.445077 0.018787 0.019905
0 0.392205 0.431308 0.016099 0.017696
0 0.864035 0.431231 0.016797 0.022534
0 0.818134 0.429212 0.017656 0.025131
0 0.461326 0.419500 0.018507 0.022616
0 0.722305 0.412500 0.017142 0.021180
0 0.879316 0.407731 0.016862 0.023902
0 0.284409 0.404356 0.011782 0.021739
0 0.247082 0.401356 0.018636 0.014982
0 0.813826 0.398942 0.016205 0.023883
0 0.408242 0.391856 0.011824 0.023354
0 0.203890 0.385269 0.016764 0.024194
0 0.452255 0.377577 0.015106 0.017077
0 0.506909 0.377971 0.015082 0.024703
0 0.159899 0.345606 0.011460 0.013093
0 0.070411 0.335356 0.017906 0.023409
0 0.632262 0.332404 0.010971 0.017358
0 0.608631 0.329865 0.017311 0.021119
0 0.655504 0.323471 0.015558 0.020472
0 0.361030 0.324538 0.017702 0.024236
0 0.393148 0.313654 0.017791 0.024065
0 0.675014 0.310115 0.015711 0.013591
0 0.121362 0.293894 0.014831 0.021509
0 0.518206 0.290760 0.017841 0.017932
0 0.924135 0.289567 0.018451 0.019238
0 0.232125 0.279625 0.011940 0.023472
0 0.053293 0.276952 0.015875 0.026025
0 0.858682 0.273750 0.017595 0.024948
0 0.685865 0.271279 0.018258 0.023233
0 0.141398 0.254000 0.017203 0.023554
0 0.252882 0.239375 0.014543 0.019863
0 0.578293 0.221019 0.016678 0.021194
0 0.968876 0.208087 0.017026 0.020561
0 0.090937 0.197923 0.013757 0.019150
0 0.917255 0.195394 0.014701 0.014384
0 0.830980 0.197500 0.011434 0.023723
0 0.278192 0.979635 0.016883 0.018024
0 0.153948 0.649827 0.017054 0.022101
0 0.231333 0.576846 0.006844 0.016596
0 0.914099 0.584327 0.013195 0.011143
0 0.902212 0.051577 0.016674 0.021087
0 0.934878 0.081058 0.013870 0.017793
0 0.261772 0.292471 0.013332 0.018511
0 0.374762 0.379471 0.014183 0.015580
0 0.326419 0.350663 0.015383 0.011999
0 0.500641 0.176452 0.015015 0.013597
0 0.547068 0.305846 0.011465 0.012704
0 0.511650 0.396933 0.010193 0.018540
0 0.954741 0.499654 0.009830 0.018395
0 0.909834 0.613212 0.016598 0.015837
0 0.957176 0.854404 0.012816 0.011290
0 0.895843 0.795692 0.013656 0.012634
0 0.585151 0.608356 0.016841 0.010926
0 0.705886 0.709990 0.015721 0.018302
0 0.607233 0.907615 0.007486 0.017051
0 0.569892 0.858885 0.014192 0.016175
0 0.577089 0.870702 0.012964 0.010491
0 0.492406 0.759692 0.014013 0.017416
0 0.509856 0.858279 0.012893 0.010298
0 0.368307 0.567510 0.013626 0.018204
0 0.376988 0.577163 0.006974 0.016691
0 0.544870 0.485942 0.012706 0.010005
0 0.439733 0.556250 0.013200 0.018610
0 0.327176 0.653481 0.013967 0.017556
0 0.165439 0.972000 0.016113 0.011358
0 0.076758 0.490856 0.014133 0.014995
0 0.101801 0.455327 0.012798 0.010047
0 0.324841 0.230740 0.015606 0.021049
0 0.140029 0.099654 0.011385 0.018890
0 0.135432 0.009971 0.014192 0.015802
0 0.269121 0.097038 0.015104 0.019922
0 0.229042 0.059038 0.011554 0.020732
0 0.692918 0.194567 0.016917 0.020600