0 0.044669 0.175500 0.018468 0.017543
0 0.723646 0.196769 0.018787 0.025196
0 0.755425 0.219212 0.015035 0.026381
0 0.646744 0.291510 0.018405 0.016133
0 0.899352 0.369548 0.017808 0.015285
0 0.786196 0.252923 0.015551 0.011000
0 0.686563 0.350135 0.012752 0.009581
0 0.496138 0.452442 0.012270 0.014901
0 0.760821 0.537490 0.011300 0.016055
0 0.706326 0.544846 0.015812 0.020880
0 0.528386 0.818096 0.013324 0.020584
0 0.379503 0.688404 0.007544 0.013901
0 0.369892 0.770673 0.013381 0.014613
0 0.239575 0.808952 0.013265 0.018412
0 0.060785 0.598067 0.014055 0.016562
0 0.060857 0.094971 0.011359 0.016701
0 0.935973 0.448096 0.014714 0.020152
0 0.380101 0.518865 0.016979 0.022275
0 0.751542 0.605673 0.016254 0.013818
0 0.345677 0.701010 0.012690 0.016896
0 0.938033 0.738365 0.014926 0.021686
0 0.110576 0.756346 0.016131 0.017619
0 0.494236 0.545404 0.017299 0.017488
0 0.687190 0.611452 0.017139 0.016493
0 0.231671 0.615356 0.010883 0.018198
0 0.508300 0.647529 0.018218 0.019962
0 0.308033 0.852913 0.017068 0.022955
0 0.575317 0.977394 0.010991 0.022178
0 0.702305 0.811798 0.011356 0.023403
0 0.598782 0.043452 0.013342 0.021270
0 0.581001 0.044885 0.017146 0.023021
0 0.064769 0.062596 0.018788 0.015304
0 0.465159 0.076500 0.016097 0.022684