0 0.345764 0.413029 0.014049 0.015335
0 0.905605 0.397115 0.010724 0.018094
0 0.387486 0.391442 0.014293 0.015945
0 0.051081 0.381067 0.010030 0.023320
0 0.922284 0.375538 0.014569 0.021467
0 0.435173 0.375413 0.012222 0.022917
0 0.330958 0.366981 0.008838 0.018102
0 0.943833 0.341250 0.012051 0.017614
0 0.697197 0.083529 0.015352 0.024231
0 0.537370 0.088654 0.014804 0.015671
0 0.451715 0.097192 0.016348 0.021575
0 0.312457 0.100019 0.016728 0.025235
0 0.354503 0.101615 0.017428 0.024101
0 0.518631 0.133202 0.018641 0.019447
0 0.787824 0.142115 0.014324 0.018806
0 0.656794 0.145875 0.013944 0.021182
0 0.812277 0.149144 0.018066 0.020265
0 0.111909 0.156317 0.013869 0.023045
0 0.160562 0.157990 0.013324 0.022389
0 0.426254 0.158067 0.017588 0.018616
0 0.459215 0.160038 0.014401 0.016036
0 0.754308 0.168952 0.018469 0.024456
0 0.045231 0.180404 0.018996 0.022214
0 0.762572 0.191663 0.017670 0.022846
0 0.085050 0.200596 0.011371 0.022232
0 0.061333 0.201317 0.015648 0.018145
0 0.462010 0.210000 0.012047 0.022662
0 0.969986 0.220029 0.015734 0.018493
0 0.013048 0.222587 0.015740 0.023204
0 0.025245 0.224510 0.012467 0.018977
0 0.052176 0.226183 0.018296 0.024762
0 0.504978 0.234990 0.016008 0.017645
0 0.026398 0.258442 0.016958 0.022140
0 0.984870 0.270587 0.009851 0.025192
0 0.553264 0.288144 0.020165 0.022081
0 0.493617 0.295048 0.011311 0.021970
0 0.403069 0.301317 0.016248 0.024900
0 0.042565 0.338962 0.011622 0.021111
0 0.396419 0.343048 0.015731 0.023506
0 0.121873 0.340817 0.018669 0.020056
0 0.535411 0.350875 0.011968 0.020728
0 0.436225 0.350837 0.015766 0.014862
0 0.079164 0.352452 0.017063 0.016537
0 0.599006 0.363356 0.017245 0.021101
0 0.429791 0.406365 0.016970 0.019227
0 0.683991 0.407212 0.016350 0.015060
0 0.050793 0.422510 0.011981 0.023136
0 0.657781 0.423615 0.018023 0.016931
0 0.025130 0.434404 0.013950 0.021603
0 0.783458 0.434288 0.013342 0.022892
0 0.521585 0.438077 0.013254 0.024680
0 0.713566 0.452769 0.012577 0.023051
0 0.602601 0.455019 0.009030 0.014316
0 0.785353 0.464577 0.008794 0.017280
0 0.508127 0.470635 0.017827 0.026468
0 0.701801 0.489317 0.013664 0.023071
0 0.352370 0.492692 0.017123 0.024033
0 0.380821 0.496731 0.017828 0.022148
0 0.840764 0.501346 0.016423 0.013177
0 0.089849 0.515154 0.017258 0.025384
0 0.850396 0.519760 0.019116 0.020053
0 0.610389 0.530144 0.018643 0.021589
0 0.049330 0.544962 0.009397 0.020682
0 0.512082 0.549327 0.017011 0.025557
0 0.663811 0.559423 0.014082 0.023973
0 0.197284 0.566375 0.020437 0.020966
0 0.848437 0.570615 0.017023 0.023642
0 0.875591 0.576404 0.013628 0.022305
0 0.888134 0.580971 0.010954 0.022115
0 0.656232 0.583846 0.014084 0.023434
0 0.773646 0.591087 0.014389 0.021190
0 0.595526 0.593981 0.015729 0.024323
0 0.842601 0.600269 0.015531 0.024928
0 0.857442 0.629683 0.016499 0.024040
0 0.605439 0.632394 0.013981 0.022082
0 0.655965 0.650548 0.018322 0.021606
0 0.220303 0.667769 0.018503 0.019074
0 0.203242 0.674365 0.019026 0.025159
0 0.897104 0.673962 0.016251 0.013853
0 0.439942 0.682885 0.017246 0.022598
0 0.552118 0.690942 0.016569 0.022626
0 0.957507 0.690990 0.014659 0.021083
0 0.628869 0.702404 0.019646 0.022124
0 0.224971 0.704644 0.015363 0.014806
0 0.823804 0.713913 0.014533 0.015023
0 0.208754 0.715529 0.017041 0.021916
0 0.023487 0.731413 0.015445 0.025007
0 0.157421 0.733288 0.018985 0.023925
0 0.889604 0.732837 0.016379 0.013974
0 0.092341 0.739048 0.015858 0.023393
0 0.776852 0.743221 0.016446 0.021180
0 0.111506 0.760635 0.017640 0.021431
0 0.896527 0.768587 0.011703 0.023238
0 0.559416 0.775212 0.019179 0.020635
0 0.352053 0.780913 0.013099 0.023076
0 0.539654 0.780183 0.018048 0.016680
0 0.154438 0.793394 0.011544 0.021593
0 0.961916 0.817423 0.019075 0.023803
0 0.789323 0.827317 0.017517 0.018399
0 0.528991 0.829385 0.013084 0.012927
0 0.565281 0.841029 0.011988 0.022549
0 0.842932 0.853538 0.019363 0.024164
0 0.865173 0.851692 0.018284 0.018954
0 0.526117 0.858856 0.018826 0.021975
0 0.763372 0.864375 0.016761 0.026153
0 0.640994 0.879106 0.013722 0.021556
0 0.321354 0.903587 0.014170 0.024046
0 0.837068 0.905202 0.019094 0.025227
0 0.129964 0.907933 0.007433 0.022094
0 0.139114 0.909625 0.013647 0.025360
0 0.544647 0.906173 0.017118 0.015662
0 0.821009 0.912808 0.015559 0.023936
0 0.766167 0.925298 0.017062 0.024046
0 0.480562 0.927298 0.018003 0.019521
0 0.379244 0.936885 0.014144 0.015001
0 0.096852 0.301202 0.018826 0.020266
0 0.268365 0.094433 0.014300 0.017005
0 0.321203 0.210712 0.010117 0.017795
0 0.390850 0.230308 0.009656 0.019208
0 0.572803 0.250087 0.011603 0.022762
0 0.560295 0.257442 0.009066 0.020824
0 0.710548 0.309760 0.008977 0.021099
0 0.912024 0.337635 0.013110 0.013321
0 0.903091 0.429971 0.014785 0.021141
0 0.892543 0.546029 0.013178 0.019172
0 0.781045 0.498096 0.013497 0.019952
0 0.817954 0.552394 0.016266 0.015247
0 0.749085 0.743990 0.013324 0.019180
0 0.198768 0.980115 0.008591 0.017315
0 0.148610 0.931106 0.007248 0.019904
0 0.140195 0.943510 0.010824 0.021303
0 0.198811 0.827971 0.014924 0.020213
0 0.341412 0.833529 0.015133 0.018577
0 0.309164 0.771442 0.014443 0.010928
0 0.201311 0.739000 0.013676 0.019709
0 0.050058 0.768067 0.015283 0.019604
0 0.286434 0.961769 0.015207 0.023179
0 0.449899 0.826442 0.013131 0.012356
0 0.456542 0.837096 0.011307 0.012451
0 0.331765 0.995356 0.013350 0.017339
0 0.132860 0.961115 0.012238 0.018344
0 0.988278 0.362385 0.008591 0.017315
0 0.378012 0.414125 0.008591 0.017315
0 0.621052 0.480769 0.012022 0.008139
0 0.700324 0.417269 0.013058 0.011907
0 0.718494 0.326308 0.014554 0.021747
0 0.908357 0.312962 0.010033 0.019011
0 0.023148 0.375673 0.014918 0.012034
0 0.594474 0.274144 0.015221 0.022740
0 0.094791 0.250385 0.014272 0.022332
0 0.746902 0.242288 0.015556 0.014985
0 0.545915 0.225923 0.010446 0.016427
0 0.313055 0.220279 0.011382 0.008182
0 0.513970 0.192923 0.015204 0.011112
0 0.903710 0.181731 0.007428 0.014464
0 0.168076 0.129298 0.014830 0.021487
0 0.767356 0.118212 0.016186 0.018538
0 0.253307 0.099346 0.016880 0.017823
0 0.774042 0.090683 0.011948 0.021021
0 0.838112 0.084077 0.008973 0.016736
0 0.645187 0.072337 0.014712 0.016727
0 0.824532 0.052817 0.012889 0.020488
0 0.189460 0.025308 0.016706 0.014624
0 0.579813 0.021298 0.012092 0.010828
0 0.312363 0.556125 0.018715 0.020702
0 0.367867 0.373673 0.012781 0.019096
0 0.375778 0.400029 0.016924 0.018896
0 0.375857 0.380990 0.009392 0.017515
0 0.020231 0.605712 0.011359 0.020887
0 0.034755 0.364144 0.011779 0.017944
0 0.170468 0.978433 0.015457 0.014686
0 0.647212 0.979750 0.017321 0.014855
0 0.320086 0.053952 0.016600 0.013785
0 0.374640 0.067779 0.016974 0.018110
0 0.876390 0.076385 0.020219 0.022812
0 0.054777 0.047192 0.013973 0.019711
0 0.519553 0.945365 0.019313 0.018611
0 0.340173 0.949846 0.012171 0.023071
0 0.562464 0.949577 0.015908 0.023141
0 0.832925 0.975962 0.018939 0.024877
0 0.678660 0.979385 0.019339 0.022622
0 0.659755 0.676375 0.011280 0.021333
0 0.051362 0.609125 0.014781 0.013821
0 0.624042 0.766038 0.006976 0.017064
0 0.244128 0.747462 0.010954 0.021040
0 0.756146 0.750779 0.015306 0.019102
0 0.190389 0.744327 0.014911 0.013985
0 0.581333 0.742404 0.015633 0.012003
0 0.646520 0.723971 0.010887 0.020750
0 0.683602 0.707587 0.016890 0.020557
0 0.118761 0.698106 0.017591 0.016944
0 0.607140 0.980442 0.012195 0.019143
0 0.375022 0.956798 0.012723 0.016537
0 0.616967 0.948279 0.012213 0.021706
0 0.629834 0.938788 0.011301 0.019265
0 0.733134 0.905933 0.015334 0.014282
0 0.738638 0.892163 0.015517 0.017484
0 0.138177 0.888731 0.011406 0.017954
0 0.718566 0.825683 0.014564 0.013578
0 0.206549 0.839423 0.012205 0.011952
0 0.768826 0.778000 0.014661 0.018611
0 0.323120 0.776087 0.016396 0.024222
0 0.425764 0.592250 0.013457 0.019880
0 0.267435 0.593567 0.011215 0.020066
0 0.460872 0.588221 0.017962 0.018997
0 0.338667 0.564385 0.017038 0.022085
0 0.256650 0.538058 0.016368 0.017499
0 0.196066 0.535260 0.016919 0.024238
0 0.175929 0.531394 0.018665 0.021733
0 0.006549 0.525548 0.014812 0.013731
0 0.472089 0.531731 0.009538 0.021157
0 0.892795 0.529029 0.010305 0.017140
0 0.401729 0.520154 0.016631 0.025124
0 0.469532 0.497231 0.011411 0.019697
0 0.788674 0.504288 0.012665 0.021652
0 0.248076 0.485115 0.016839 0.020758
0 0.283898 0.447279 0.015079 0.023874
0 0.938754 0.438221 0.012646 0.013330
0 0.958631 0.428683 0.013550 0.017479
0 0.944928 0.425192 0.013193 0.011620