0 0.373386 0.047375 0.008474 0.020473
0 0.083559 0.040663 0.012356 0.018465
0 0.092356 0.034519 0.010579 0.017140
0 0.502882 0.039404 0.016131 0.021954
0 0.775195 0.025673 0.010393 0.020641
0 0.596607 0.019894 0.007810 0.017971
0 0.100447 0.019115 0.015336 0.020409
0 0.846823 0.016442 0.013909 0.019809
0 0.627615 0.043846 0.014554 0.014836
0 0.607543 0.014106 0.014560 0.016672
0 0.075886 0.047481 0.012165 0.013344
0 0.873963 0.013212 0.007507 0.015558
0 0.745317 0.010779 0.014752 0.011865
0 0.053473 0.042385 0.009787 0.020063
0 0.855648 0.147875 0.014468 0.019849
0 0.703617 0.024981 0.012486 0.021488
0 0.867061 0.151577 0.013286 0.014966
0 0.883357 0.012769 0.009759 0.018952
0 0.635014 0.055029 0.006844 0.015808
0 0.174222 0.016952 0.015872 0.020892
0 0.764171 0.577433 0.015030 0.017144
0 0.907810 0.680865 0.011829 0.010098
0 0.558912 0.677490 0.013220 0.020080
0 0.233422 0.676885 0.013556 0.020576
0 0.594035 0.970471 0.015354 0.017867
0 0.384409 0.675471 0.008919 0.021923
0 0.651088 0.667519 0.011880 0.018932
0 0.552731 0.664856 0.014552 0.020474
0 0.153768 0.674385 0.013550 0.014931
0 0.922579 0.667279 0.011733 0.021826
0 0.934661 0.539481 0.010821 0.019737
0 0.434546 0.523221 0.015685 0.021887
0 0.027392 0.516856 0.013048 0.017062
0 0.605965 0.518288 0.014055 0.022523
0 0.494020 0.437404 0.005908 0.016250
0 0.426419 0.509413 0.008170 0.019596
0 0.059885 0.498279 0.014751 0.014736
0 0.483876 0.498221 0.012022 0.013167
0 0.809546 0.502038 0.006988 0.017635
0 0.063148 0.509712 0.013607 0.019697
0 0.348156 0.500567 0.015155 0.013046
0 0.575094 0.495538 0.008990 0.022449
0 0.967478 0.536933 0.012551 0.018493
0 0.521146 0.485317 0.016879 0.020552
0 0.839986 0.481058 0.015374 0.016950
0 0.298818 0.502692 0.008825 0.018138
0 0.505360 0.484058 0.015397 0.018414
0 0.053905 0.477404 0.007482 0.015454
0 0.196009 0.472663 0.016831 0.016145
0 0.560620 0.484519 0.015121 0.020795
0 0.722695 0.479577 0.018295 0.020034
0 0.073898 0.469077 0.015798 0.020988
0 0.062795 0.471558 0.012366 0.017793
0 0.162752 0.462827 0.012229 0.017362
0 0.335944 0.466115 0.011695 0.018811
0 0.219085 0.459856 0.016418 0.016405
0 0.408264 0.787923 0.015038 0.013906
0 0.627169 0.128567 0.014034 0.017395
0 0.450166 0.135913 0.014198 0.013547
0 0.645367 0.137077 0.012966 0.017206
0 0.889625 0.144663 0.014145 0.016420
0 0.304006 0.142933 0.011996 0.009283
0 0.378977 0.144635 0.017008 0.014896
0 0.797702 0.170817 0.017645 0.017803
0 0.569107 0.150452 0.010633 0.021380
0 0.012003 0.152038 0.009096 0.020688
0 0.272363 0.153817 0.016274 0.022508
0 0.606801 0.078846 0.011287 0.018772
0 0.470785 0.151567 0.012164 0.017317
0 0.620310 0.085067 0.015702 0.017415
0 0.710231 0.218029 0.015155 0.013712
0 0.025288 0.158558 0.009427 0.018623
0 0.331859 0.169173 0.012983 0.021861
0 0.679942 0.172471 0.015985 0.016318
0 0.615555 0.033385 0.012099 0.020742
0 0.650901 0.125365 0.012253 0.014793
0 0.816354 0.182990 0.009403 0.020672
0 0.899200 0.186010 0.014246 0.012677
0 0.245086 0.226365 0.010618 0.020720
0 0.444964 0.189615 0.012191 0.012008
0 0.487903 0.191615 0.007853 0.017885
0 0.660310 0.205846 0.014556 0.021661
0 0.662795 0.088221 0.013867 0.015190
0 0.621405 0.201971 0.015670 0.021925
0 0.180980 0.197894 0.014809 0.019779
0 0.417903 0.227981 0.011955 0.011957
0 0.807903 0.208654 0.011139 0.021313
0 0.895411 0.205587 0.014682 0.014172
0 0.712356 0.206519 0.013997 0.014325
0 0.676578 0.187394 0.014476 0.015653
0 0.310620 0.213337 0.012525 0.022650
0 0.413293 0.248327 0.010089 0.013899
0 0.549020 0.219952 0.013987 0.015856
0 0.384013 0.218856 0.010844 0.019312
0 0.177039 0.211740 0.011243 0.017962
0 0.837824 0.226760 0.010591 0.020134
0 0.255007 0.226365 0.010004 0.020677
0 0.822767 0.229404 0.015750 0.021905
0 0.905425 0.233202 0.014853 0.017833
0 0.722637 0.233394 0.009495 0.021254
0 0.331160 0.239337 0.013018 0.012749
0 0.519020 0.253788 0.013466 0.014163
0 0.288530 0.250837 0.016286 0.011799
0 0.328624 0.261519 0.011541 0.021237
0 0.724690 0.255000 0.015107 0.010134
0 0.341146 0.262192 0.010257 0.012724
0 0.501715 0.263760 0.011151 0.015853
0 0.562457 0.283462 0.015029 0.024510
0 0.426585 0.284587 0.012504 0.015604
0 0.713890 0.267192 0.007536 0.018846
0 0.702493 0.239779 0.013475 0.022644
0 0.849625 0.295019 0.016918 0.017294
0 0.110036 0.277288 0.011414 0.019213
0 0.735821 0.203923 0.016133 0.015367
0 0.874647 0.257240 0.013550 0.022413
0 0.388862 0.922202 0.012954 0.022745
0 0.642305 0.314615 0.010243 0.019583
0 0.663206 0.643567 0.014406 0.016734
0 0.498646 0.422413 0.014303 0.022060
0 0.436434 0.553962 0.015856 0.019680
0 0.926527 0.560865 0.016866 0.017774
0 0.574143 0.545788 0.012615 0.020426
0 0.462327 0.532029 0.015764 0.010028
0 0.899906 0.537683 0.015096 0.015683
0 0.520310 0.535260 0.009292 0.017724
0 0.026967 0.538173 0.017534 0.021815
0 0.882003 0.569846 0.016208 0.020686
0 0.046390 0.542481 0.016021 0.021398
0 0.510310 0.542077 0.010930 0.019634
0 0.907399 0.547260 0.012752 0.016436
0 0.837788 0.549481 0.011367 0.016523
0 0.803660 0.553423 0.014390 0.011247
0 0.602327 0.299731 0.010807 0.021619
0 0.004380 0.573596 0.010063 0.008375
0 0.319914 0.561423 0.012934 0.021773
0 0.490663 0.540663 0.013910 0.011267
0 0.005245 0.561163 0.013768 0.012327
0 0.583170 0.536519 0.015416 0.020192
0 0.560065 0.562712 0.007608 0.019481
0 0.093840 0.568029 0.018180 0.020122
0 0.259532 0.562942 0.013878 0.011757
0 0.416513 0.568702 0.015983 0.019889
0 0.817853 0.564644 0.011899 0.018994
0 0.119481 0.567865 0.012294 0.019296
0 0.533293 0.567913 0.015623 0.018419
0 0.048040 0.570740 0.013591 0.020638
0 0.460173 0.558577 0.012918 0.013812
0 0.907097 0.579038 0.014967 0.018600
0 0.243833 0.578500 0.014442 0.018673
0 0.498004 0.581731 0.012667 0.015844
0 0.969942 0.578971 0.013171 0.022155
0 0.438696 0.582923 0.007581 0.017024
0 0.446722 0.594577 0.015005 0.015213
0 0.903667 0.602346 0.012111 0.016375
0 0.025872 0.563567 0.012614 0.014122
0 0.825331 0.577923 0.012826 0.016275
0 0.610245 0.564183 0.015011 0.020814
0 0.215605 0.595365 0.017564 0.021495
0 0.282925 0.598971 0.009503 0.019308
0 0.505331 0.440298 0.011185 0.020090
0 0.503264 0.592692 0.013854 0.013087
0 0.096765 0.604548 0.009475 0.021193
0 0.807889 0.597269 0.012838 0.010608
0 0.070533 0.684808 0.015182 0.024376
0 0.417608 0.683260 0.014064 0.011749
0 0.298761 0.694019 0.018672 0.023404
0 0.094640 0.695490 0.015059 0.020312
0 0.429503 0.618827 0.015390 0.017724
0 0.801304 0.678827 0.009888 0.017821
0 0.574892 0.746663 0.012853 0.013580
0 0.483811 0.714279 0.015650 0.022169
0 0.525144 0.711452 0.013133 0.018310
0 0.376470 0.709769 0.015684 0.017523
0 0.447219 0.774663 0.013128 0.021725
0 0.661635 0.659865 0.012708 0.016234
0 0.355303 0.581750 0.013996 0.013984
0 0.795865 0.692769 0.012965 0.018855
0 0.813012 0.721038 0.008249 0.018043
0 0.567334 0.718010 0.012381 0.013276
0 0.305670 0.719029 0.017325 0.019444
0 0.221916 0.721769 0.007277 0.018442
0 0.975641 0.724702 0.011861 0.018329
0 0.123184 0.738048 0.013192 0.021792
0 0.459280 0.743000 0.008429 0.016827
0 0.774085 0.743462 0.015317 0.017575
0 0.937024 0.746702 0.009825 0.019956
0 0.358357 0.740077 0.010984 0.020309
0 0.225800 0.740423 0.011293 0.008896
0 0.276196 0.748115 0.013636 0.014787
0 0.219308 0.758875 0.015383 0.019427
0 0.765375 0.826115 0.012096 0.011613
0 0.681571 0.760865 0.014558 0.016429
0 0.753336 0.860250 0.006671 0.015115
0 0.465872 0.760308 0.016738 0.014195
0 0.128148 0.762144 0.016269 0.021466
0 0.272003 0.760644 0.015232 0.011463
0 0.768321 0.839394 0.015241 0.009038
0 0.314827 0.779433 0.014900 0.021603
0 0.402536 0.776298 0.014245 0.011912
0 0.928206 0.790481 0.005980 0.018846
0 0.878999 0.783144 0.018866 0.020418
0 0.945497 0.816433 0.006340 0.014212
0 0.585634 0.827846 0.009655 0.021887
0 0.388919 0.785269 0.007824 0.019000
0 0.632586 0.121173 0.014943 0.013440
0 0.557781 0.843769 0.014526 0.012556
0 0.193040 0.797317 0.013400 0.022006
0 0.298552 0.850923 0.015744 0.015228
0 0.775094 0.802894 0.008601 0.017664
0 0.217875 0.807721 0.014619 0.021133
0 0.389755 0.805731 0.012161 0.016399
0 0.285634 0.861962 0.013662 0.016602
0 0.746852 0.822250 0.017490 0.015990
0 0.879813 0.822394 0.015798 0.017229
0 0.541095 0.832529 0.013406 0.020179
0 0.784287 0.835000 0.012381 0.010328
0 0.401506 0.871712 0.013618 0.017488
0 0.226232 0.841529 0.014384 0.013166
0 0.520461 0.839721 0.018545 0.023078
0 0.596866 0.833279 0.010657 0.016447
0 0.204488 0.968183 0.010267 0.018060
0 0.810151 0.909606 0.012965 0.018895
0 0.477032 0.844433 0.018640 0.019033
0 0.487385 0.811548 0.012446 0.021701
0 0.370836 0.897144 0.011910 0.019547
0 0.356419 0.876635 0.013230 0.009326
0 0.826902 0.849865 0.017092 0.024403
0 0.793501 0.848885 0.014914 0.019164
0 0.610259 0.853750 0.012264 0.022712
0 0.608026 0.803404 0.015878 0.017042
0 0.752205 0.838904 0.014619 0.021687
0 0.142320 0.875808 0.008514 0.019671
0 0.536225 0.843702 0.011590 0.021063
0 0.237889 0.873173 0.015100 0.020429
0 0.862687 0.864702 0.011741 0.020669
0 0.151945 0.867375 0.013062 0.020115
0 0.897442 0.863308 0.014270 0.019824
0 0.656059 0.947673 0.015946 0.016424
0 0.559236 0.859971 0.016459 0.018065
0 0.392702 0.862837 0.014331 0.012229
0 0.603098 0.788760 0.017018 0.020649
0 0.225598 0.871519 0.014705 0.020362
0 0.093746 0.876423 0.011850 0.022349
0 0.762507 0.869731 0.012573 0.017753
0 0.748761 0.865548 0.006801 0.016981
0 0.382442 0.875538 0.014198 0.014805
0 0.200692 0.880596 0.013969 0.019413
0 0.121931 0.882212 0.015722 0.017591
0 0.901196 0.886952 0.008516 0.020519
0 0.724640 0.901625 0.012739 0.022906
0 0.356073 0.887067 0.015152 0.008932
0 0.925375 0.896163 0.007522 0.022904
0 0.654251 0.889846 0.010622 0.020835
0 0.884251 0.893865 0.014816 0.015332
0 0.285418 0.886163 0.016618 0.019125
0 0.775281 0.875942 0.007798 0.016564
0 0.070223 0.438587 0.015251 0.020219
0 0.712406 0.451135 0.013083 0.021861
0 0.035533 0.441490 0.014675 0.014119
0 0.935929 0.441663 0.011593 0.014037
0 0.476066 0.434240 0.014661 0.018023
0 0.723156 0.436885 0.013659 0.021404
0 0.594568 0.429356 0.014966 0.013322
0 0.848069 0.422019 0.009595 0.017583
0 0.640130 0.427529 0.010791 0.019897
0 0.055627 0.448827 0.014691 0.019240
0 0.837269 0.423865 0.008530 0.020803
0 0.618357 0.420202 0.011769 0.018642
0 0.665151 0.404567 0.015240 0.016382
0 0.653300 0.399587 0.014546 0.016512
0 0.462010 0.402529 0.015055 0.019753
0 0.897529 0.464212 0.013345 0.020407
0 0.643710 0.389125 0.015737 0.013776
0 0.571146 0.389221 0.013713 0.020396
0 0.533559 0.383442 0.014808 0.018562
0 0.918422 0.385029 0.013868 0.012865
0 0.042939 0.385394 0.012618 0.017880
0 0.272925 0.367356 0.013371 0.018473
0 0.468847 0.294038 0.013460 0.023225
0 0.942003 0.381183 0.008690 0.019349
0 0.581650 0.374279 0.008084 0.019327
0 0.877558 0.388587 0.015794 0.019201
0 0.248177 0.359529 0.012184 0.017378
0 0.635303 0.166856 0.014350 0.019057
0 0.546016 0.361375 0.006657 0.020154
0 0.625843 0.362644 0.016151 0.016986
0 0.464870 0.369125 0.010638 0.019639
0 0.871888 0.355808 0.013663 0.020752
0 0.546895 0.380452 0.015644 0.018001
0 0.683429 0.357115 0.008501 0.018654
0 0.451981 0.398490 0.010355 0.018750
0 0.260454 0.363885 0.013256 0.015199
0 0.570850 0.339394 0.014374 0.016390
0 0.256902 0.347529 0.011773 0.016007
0 0.524452 0.364288 0.013952 0.020216
0 0.110648 0.333952 0.015710 0.016777
0 0.248473 0.339048 0.012013 0.019670
0 0.471182 0.336413 0.014237 0.018608
0 0.454013 0.342663 0.011040 0.019329
0 0.886275 0.337144 0.007421 0.017846
0 0.288667 0.329481 0.015301 0.013511
0 0.641246 0.265981 0.011563 0.013873
0 0.953646 0.380010 0.013756 0.018796
0 0.802565 0.316317 0.012591 0.021196
0 0.405072 0.306721 0.011987 0.015304
0 0.418069 0.305808 0.012767 0.020474
0 0.899669 0.312538 0.011999 0.013104
0 0.330728 0.308385 0.007565 0.019558
0 0.077831 0.302087 0.009987 0.017949
0 0.553660 0.301606 0.014563 0.012249
0 0.703573 0.344856 0.016247 0.017812
0 0.282709 0.295202 0.014587 0.018636
0 0.888040 0.270500 0.016967 0.020227
0 0.784402 0.282933 0.009723 0.018055
0 0.297024 0.668096 0.015708 0.023215
0 0.486427 0.689308 0.014611 0.018258
0 0.353487 0.656740 0.013334 0.014763
0 0.677161 0.649904 0.013529 0.011018
0 0.024978 0.654942 0.014348 0.018690
0 0.644071 0.651115 0.012611 0.020595
0 0.362039 0.665163 0.011113 0.019293
0 0.898285 0.650808 0.012944 0.016329
0 0.673696 0.665067 0.017148 0.016499
0 0.486326 0.629673 0.016156 0.018812
0 0.331758 0.641250 0.015402 0.017311
0 0.936030 0.637740 0.007478 0.017750
0 0.744878 0.642279 0.011273 0.019753
0 0.371715 0.633231 0.014619 0.013942
0 0.575144 0.658798 0.016543 0.015024
0 0.716837 0.612038 0.015337 0.017794
0 0.792723 0.632913 0.010090 0.017937
0 0.272651 0.644615 0.015903 0.019009
0 0.630915 0.627731 0.014331 0.013917
0 0.027255 0.628962 0.015183 0.010899
0 0.565929 0.634577 0.013925 0.019538
0 0.275014 0.619875 0.015980 0.011487
0 0.800951 0.625240 0.010055 0.015993
0 0.438595 0.632404 0.012188 0.020754
0 0.701455 0.630356 0.008945 0.019306
0 0.579496 0.614760 0.016020 0.013372
0 0.386585 0.555798 0.016548 0.019535
0 0.664798 0.618577 0.012561 0.019344
0 0.737680 0.572404 0.015023 0.016612
0 0.929222 0.689606 0.010716 0.017117
0 0.728674 0.613260 0.008402 0.020161
0 0.486499 0.616096 0.015464 0.012396
0 0.715108 0.596865 0.013050 0.015763
0 0.262269 0.602817 0.012813 0.013310
0 0.633581 0.610865 0.009043 0.016663
0 0.643321 0.616202 0.010415 0.013143
0 0.685288 0.607827 0.012412 0.021160
0 0.830555 0.599462 0.018139 0.019459
0 0.869272 0.984865 0.012961 0.018311
0 0.616484 0.977327 0.015916 0.011734
0 0.069978 0.973510 0.013565 0.020136
0 0.800108 0.968260 0.014837 0.021794
0 0.268631 0.965163 0.014236 0.016825
0 0.850670 0.956337 0.014221 0.022246
0 0.928055 0.947135 0.014588 0.015446
0 0.066772 0.950135 0.016273 0.026707
0 0.137486 0.940673 0.013689 0.017963
0 0.916340 0.941962 0.009246 0.019830
0 0.800396 0.946308 0.009733 0.018296
0 0.763220 0.945865 0.013714 0.021366
0 0.362010 0.916442 0.012966 0.020025
0 0.820447 0.942404 0.011149 0.021529
0 0.414878 0.962750 0.016971 0.021727
0 0.905382 0.930875 0.014174 0.009964
0 0.600022 0.952923 0.014833 0.021877
0 0.992183 0.973606 0.012302 0.016180
0 0.908019 0.917288 0.012620 0.015113
0 0.540223 0.927625 0.015008 0.010706
0 0.214085 0.926337 0.008084 0.016962
0 0.890209 0.873577 0.011011 0.013877
0 0.933336 0.969202 0.014446 0.013801
0 0.183415 0.924096 0.013858 0.020069
0 0.125043 0.969837 0.015695 0.018973
0 0.534935 0.913000 0.015187 0.013130
0 0.924424 0.929894 0.011747 0.017928
0 0.195447 0.921731 0.012201 0.018588
0 0.891866 0.904279 0.015285 0.014349
0 0.570231 0.906231 0.015087 0.011002
0 0.894085 0.945942 0.009496 0.021635
0 0.181924 0.856885 0.010331 0.019942
0 0.699561 0.760221 0.008588 0.017231
0 0.794625 0.754433 0.009813 0.029077
0 0.265829 0.703837 0.009438 0.021942
0 0.057370 0.589952 0.008934 0.023577
0 0.722939 0.567894 0.010461 0.022192
0 0.777450 0.367769 0.009741 0.020596
0 0.664078 0.308471 0.008415 0.016692
0 0.867082 0.128231 0.010317 0.021173
0 0.165079 0.114904 0.008112 0.013269
0 0.859676 0.087654 0.009481 0.021519
0 0.995526 0.056115 0.004568 0.010385
0 0.893285 0.016144 0.008703 0.021019
0 0.496282 0.957240 0.013679 0.012256
0 0.946268 0.888135 0.015551 0.014488
0 0.388192 0.894702 0.008920 0.018423
0 0.087334 0.896087 0.015522 0.019577
0 0.351527 0.917712 0.007680 0.021000
0 0.161362 0.878971 0.012379 0.018780
0 0.959640 0.897654 0.013960 0.011542
0 0.023919 0.896510 0.014054 0.013981
0 0.245029 0.428365 0.008357 0.021923
0 0.325684 0.134750 0.008475 0.017182
0 0.209568 0.109875 0.016575 0.015978
0 0.004921 0.116942 0.014904 0.016733
0 0.114157 0.116433 0.013289 0.020032
0 0.099431 0.133942 0.013273 0.014207
0 0.764575 0.115538 0.015545 0.012427
0 0.248732 0.112279 0.017333 0.019558
0 0.830130 0.191462 0.011323 0.009000
0 0.614388 0.058038 0.012072 0.020958
0 0.206592 0.097952 0.016015 0.011655
0 0.315937 0.098837 0.009383 0.021030
0 0.552313 0.099952 0.008889 0.021999
0 0.076059 0.092240 0.014434 0.019603
0 0.013084 0.066192 0.011188 0.021035
0 0.224323 0.115942 0.009808 0.020287
0 0.631866 0.154750 0.012752 0.014846
0 0.634647 0.086788 0.013150 0.021649
0 0.960036 0.079769 0.016425 0.017688
0 0.515771 0.079846 0.014915 0.020122
0 0.792947 0.079962 0.010762 0.020567
0 0.753516 0.030798 0.014762 0.026231
0 0.586390 0.073750 0.015506 0.019617
0 0.842774 0.079115 0.010836 0.018456
0 0.098581 0.070981 0.016298 0.020269
0 0.836873 0.020077 0.005856 0.016329
0 0.742277 0.067692 0.014616 0.019381
0 0.601758 0.061760 0.014515 0.020141
0 0.085994 0.071135 0.014933 0.021743
0 0.926138 0.082096 0.013357 0.016120
0 0.069957 0.059481 0.011788 0.018091
0 0.925382 0.021942 0.012882 0.019066
0 0.807889 0.049885 0.015891 0.012967
0 0.708862 0.052529 0.008709 0.017972
0 0.695735 0.050135 0.014110 0.016506
0 0.046571 0.307558 0.012591 0.009299