0 0.560156 0.111566 0.008203 0.010687
0 0.771875 0.454082 0.008203 0.009384
0 0.672266 0.211662 0.007812 0.010166
0 0.521875 0.403513 0.007422 0.010427
0 0.516406 0.405077 0.008203 0.009384
0 0.016309 0.952999 0.007275 0.006256
0 0.690625 0.327398 0.007812 0.009384
0 0.965625 0.945700 0.007812 0.006256
0 0.247656 0.112087 0.007812 0.009645
0 0.403516 0.771053 0.007227 0.009384
0 0.316406 0.737166 0.007812 0.008863
0 0.397656 0.770532 0.006445 0.007820
0 0.478125 0.295075 0.008203 0.012251
0 0.942188 0.477542 0.008594 0.009905
0 0.740625 0.687640 0.006250 0.009384
0 0.971875 0.811196 0.007812 0.008341
0 0.559766 0.485362 0.007031 0.007299
0 0.528125 0.378489 0.006641 0.009384
0 0.666406 0.211662 0.007422 0.009384
0 0.996875 0.761148 0.006250 0.008863
0 0.384375 0.553657 0.008398 0.011991
0 0.914062 0.962383 0.008594 0.008341
0 0.680469 0.620388 0.008203 0.009384
0 0.189160 0.795556 0.006445 0.011991
0 0.596094 0.846647 0.007422 0.008863
0 0.478516 0.371190 0.007812 0.009645
0 0.565234 0.111566 0.007031 0.010166
0 0.498047 0.011078 0.006250 0.009123
0 0.876562 0.627686 0.008594 0.009905
0 0.491406 0.111044 0.005859 0.008341
0 0.423047 0.944657 0.007031 0.008341
0 0.846875 0.561477 0.008594 0.008341
0 0.165820 0.561998 0.006934 0.007820
0 0.585156 0.920676 0.007422 0.006256
0 0.292383 0.394650 0.008203 0.010427
0 0.716797 0.303416 0.008594 0.009384
0 0.996680 0.638113 0.006641 0.006256
0 0.441406 0.862808 0.007031 0.009384
0 0.841406 0.462945 0.007812 0.006777
0 0.597656 0.327398 0.009375 0.009645
0 0.447656 0.986364 0.008594 0.007299
0 0.605469 0.237207 0.008203 0.011209
0 0.554297 0.646454 0.007812 0.010427
0 0.653906 0.110523 0.007031 0.008863
0 0.135352 0.127727 0.006738 0.008081
0 0.047705 0.419674 0.008081 0.006256
0 0.596875 0.245027 0.007422 0.008081
0 0.996680 0.111044 0.006641 0.009384
0 0.803125 0.312279 0.006641 0.009905
0 0.553906 0.638113 0.007422 0.003649
0 0.366797 0.885225 0.009375 0.008863
0 0.428906 0.570340 0.008203 0.011991
0 0.516406 0.512993 0.008594 0.008863
0 0.735156 0.687640 0.008984 0.010427
0 0.996875 0.620388 0.005469 0.008341
0 0.803906 0.535932 0.007812 0.009384
0 0.434766 0.861244 0.007812 0.010427
0 0.560156 0.412897 0.007812 0.009905
0 0.666406 0.628208 0.006250 0.006256
0 0.597656 0.303416 0.008203 0.009905
0 0.548047 0.512993 0.007031 0.006256
0 0.960938 0.053306 0.007812 0.007820
0 0.128320 0.454603 0.007715 0.009384
0 0.797656 0.887832 0.005859 0.006256
0 0.453516 0.535932 0.008594 0.009384
0 0.310156 0.176732 0.008789 0.009645
0 0.184766 0.071032 0.006543 0.004171
0 0.297461 0.905036 0.008203 0.010948
0 0.466797 0.344602 0.006250 0.008863
0 0.628125 0.471286 0.008203 0.010427
0 0.228320 0.228344 0.007422 0.008081
0 0.454688 0.295857 0.007422 0.009905
0 0.298047 0.170216 0.007227 0.009905
0 0.571875 0.345123 0.008203 0.011730
0 0.552344 0.512993 0.007031 0.006256
0 0.379883 0.553657 0.005859 0.010427
0 0.453125 0.578681 0.007422 0.007299
0 0.635156 0.263274 0.008203 0.010166
0 0.240234 0.287516 0.007812 0.012512
0 0.453516 0.346166 0.007812 0.005213
0 0.496875 0.112348 0.006641 0.006777
0 0.447266 0.111044 0.008594 0.011730
0 0.153906 0.619345 0.007715 0.008863
0 0.160352 0.561998 0.006152 0.006777
0 0.288672 0.913377 0.006836 0.007299
0 0.265820 0.796599 0.007812 0.010948
0 0.878906 0.762712 0.006250 0.005213
0 0.660156 0.045877 0.008203 0.010557
0 0.873438 0.627686 0.007031 0.009905
0 0.472656 0.235122 0.007812 0.009123
0 0.059717 0.662094 0.007617 0.007299
0 0.528125 0.228344 0.006641 0.010427
0 0.815625 0.361024 0.007812 0.010427
0 0.721094 0.303938 0.007422 0.010427
0 0.640234 0.261188 0.007031 0.010687
0 0.610156 0.379531 0.006641 0.007299
0 0.609375 0.944657 0.008203 0.011469
0 0.285156 0.270572 0.005469 0.007038
0 0.673047 0.627165 0.007031 0.007299
0 0.472266 0.344081 0.007031 0.009645
0 0.502734 0.010948 0.006250 0.008732
0 0.903906 0.771574 0.007812 0.008341
0 0.280078 0.270312 0.008789 0.005213
0 0.253125 0.237207 0.007227 0.008081
0 0.915625 0.845604 0.007031 0.010427
0 0.797656 0.312279 0.007422 0.009645
0 0.260352 0.178036 0.007812 0.011469
0 0.403125 0.361545 0.007227 0.009905
0 0.634766 0.268226 0.007031 0.007299
0 0.446875 0.622473 0.006641 0.008341
0 0.067334 0.294032 0.006055 0.008863
0 0.122461 0.578681 0.006934 0.008863
0 0.578906 0.861765 0.007422 0.009384
0 0.909375 0.852903 0.007031 0.007299
0 0.322266 0.069077 0.007812 0.007168
0 0.683594 0.861244 0.008203 0.011469
0 0.597656 0.752285 0.008594 0.008341
0 0.485938 0.110784 0.008203 0.008341
0 0.878906 0.646454 0.007812 0.008863
0 0.541797 0.110002 0.007812 0.008602
0 0.672656 0.620909 0.006641 0.009384
0 0.466406 0.235643 0.006250 0.007559
0 0.660156 0.110262 0.006641 0.009384
0 0.015918 0.060996 0.007678 0.009254
0 0.560156 0.478585 0.007812 0.009905
0 0.992188 0.620388 0.008594 0.007820
0 0.291406 0.270312 0.007617 0.010948
0 0.578125 0.503609 0.007422 0.009905
0 0.602344 0.326877 0.006641 0.008602
0 0.678125 0.671478 0.007031 0.004692
0 0.559375 0.638113 0.005859 0.003649
0 0.746875 0.677734 0.007422 0.009905
0 0.014331 0.913377 0.006140 0.008341
0 0.070947 0.293511 0.008203 0.009384
0 0.747266 0.186638 0.007812 0.007559
0 0.509375 0.722569 0.007031 0.008863
0 0.371094 0.279696 0.007031 0.010948
0 0.190625 0.169955 0.006250 0.009384
0 0.509375 0.727782 0.007812 0.006256
0 0.004016 0.204624 0.006909 0.008863
0 0.434375 0.768968 0.008984 0.009384
0 0.653906 0.219742 0.007422 0.009905
0 0.647266 0.386830 0.007812 0.006777
0 0.516406 0.913377 0.008203 0.009384
0 0.796875 0.896695 0.005859 0.004692
0 0.291406 0.885747 0.008008 0.008341
0 0.341797 0.153012 0.007617 0.007820
0 0.964063 0.795556 0.008594 0.011469
0 0.523438 0.378489 0.007812 0.008863
0 0.846875 0.462945 0.007031 0.006777
0 0.186328 0.795556 0.007324 0.010948
0 0.541406 0.654796 0.005859 0.005213
0 0.452734 0.352943 0.007031 0.007820
0 0.965625 0.127466 0.007812 0.006777
0 0.228711 0.903993 0.006641 0.006256
0 0.878125 0.753849 0.006250 0.008341
0 0.528125 0.753328 0.008203 0.007299
0 0.484766 0.963426 0.007812 0.008341
0 0.334766 0.078200 0.007031 0.006126
0 0.553906 0.485883 0.005859 0.007299
0 0.178516 0.735602 0.008691 0.007299
0 0.590234 0.913377 0.006250 0.009384
0 0.967188 0.160050 0.008594 0.009123
0 0.759375 0.302895 0.007812 0.008602
0 0.029199 0.251283 0.009009 0.009645
0 0.722656 0.127727 0.007031 0.008341
0 0.603906 0.245027 0.007812 0.006256
0 0.584375 0.862287 0.006641 0.008863
0 0.735938 0.193415 0.008594 0.007559
0 0.284961 0.396214 0.006641 0.006777
0 0.472656 0.570340 0.007422 0.008863
0 0.071729 0.012512 0.005566 0.006386
0 0.772656 0.688682 0.006250 0.007299
0 0.590625 0.638113 0.007422 0.009905
0 0.122656 0.653753 0.007422 0.005213
0 0.910938 0.845604 0.008594 0.009384
0 0.616406 0.813281 0.007422 0.005735
0 0.295703 0.394129 0.007227 0.009905
0 0.611719 0.477542 0.008984 0.010427
0 0.654297 0.045486 0.006250 0.010166
0 0.964063 0.052785 0.008594 0.009384
0 0.134082 0.561998 0.006836 0.009384
0 0.960938 0.802855 0.007031 0.006256
0 0.185840 0.653753 0.008594 0.010427
0 0.592188 0.846647 0.007422 0.007820
0 0.428516 0.944657 0.007031 0.007299
0 0.297070 0.052655 0.008203 0.008993
0 0.265234 0.063081 0.008203 0.010427
0 0.022998 0.278392 0.007715 0.008602
0 0.554688 0.412375 0.006641 0.008341
0 0.416406 0.753849 0.008984 0.010948
0 0.996680 0.644369 0.006641 0.008863
0 0.285547 0.919633 0.007031 0.007299
0 0.253125 0.011860 0.007227 0.008863
0 0.646484 0.613089 0.007031 0.009905
0 0.703125 0.605790 0.007812 0.008341
0 0.623828 0.637070 0.007812 0.008341
0 0.178418 0.730910 0.008789 0.010948
0 0.254297 0.178296 0.006445 0.010687
0 0.853125 0.429058 0.007031 0.008341
0 0.309375 0.628208 0.007617 0.008341
0 0.901563 0.546358 0.006250 0.008863
0 0.803125 0.887832 0.006641 0.006256
0 0.754687 0.236164 0.007812 0.009123
0 0.966406 0.938401 0.007812 0.009384
0 0.967188 0.801812 0.005469 0.008341
0 0.140820 0.128248 0.008301 0.009905
0 0.367188 0.881576 0.008789 0.010427
0 0.603906 0.486926 0.007812 0.006777
0 0.278906 0.261188 0.009180 0.009645
0 0.677734 0.721526 0.007031 0.008863
0 0.329492 0.070641 0.007031 0.006647
0 0.865625 0.396214 0.006250 0.008863
0 0.590234 0.485883 0.007031 0.008863
0 0.628906 0.529676 0.006641 0.008863
0 0.635156 0.872192 0.007812 0.009384
0 0.247266 0.428015 0.006641 0.006256
0 0.609375 0.770532 0.008203 0.008863
0 0.960156 0.777830 0.007812 0.006777
0 0.428125 0.337825 0.005859 0.007559
0 0.585938 0.913377 0.008203 0.009384
0 0.728906 0.312800 0.006641 0.007559
0 0.641016 0.872713 0.006250 0.009384
0 0.909375 0.778873 0.006250 0.006777
0 0.759375 0.236686 0.005859 0.009123
0 0.272461 0.161614 0.005859 0.008081
0 0.291406 0.170216 0.007031 0.008863
0 0.640625 0.010948 0.007422 0.007559
0 0.865625 0.812239 0.007031 0.008341
0 0.965625 0.120689 0.007031 0.009905
0 0.016333 0.147016 0.006506 0.004692
0 0.622266 0.813281 0.004687 0.006256
0 0.546875 0.654274 0.005469 0.005213
0 0.591016 0.696502 0.006250 0.007820
0 0.646875 0.772096 0.007422 0.010427
0 0.635938 0.646454 0.006250 0.007820
0 0.284375 0.535932 0.007812 0.008863
0 0.329102 0.078721 0.006250 0.005604
0 0.191211 0.061778 0.006445 0.008211
0 0.972656 0.120428 0.006250 0.005735
0 0.292188 0.905036 0.007227 0.009905
0 0.335156 0.070641 0.006641 0.006256
0 0.647266 0.777830 0.007031 0.005735
0 0.546875 0.645412 0.006250 0.009905
0 0.409375 0.546358 0.007031 0.007299
0 0.503516 0.670957 0.007812 0.009384
0 0.526563 0.703801 0.006250 0.008863
0 0.626953 0.637070 0.008594 0.008863
0 0.834375 0.312279 0.007031 0.009123
0 0.634766 0.877927 0.007812 0.007299
0 0.240625 0.863851 0.006445 0.007299
0 0.341406 0.429579 0.006836 0.006256
0 0.696875 0.327919 0.007422 0.008081
0 0.041357 0.920676 0.007935 0.008341
0 0.734375 0.861244 0.007422 0.009905
0 0.396680 0.096186 0.006250 0.009384
0 0.446875 0.905036 0.007422 0.009384
0 0.315234 0.596928 0.006250 0.007299
0 0.310547 0.737166 0.006445 0.008863
0 0.297266 0.911292 0.007227 0.005213
0 0.496875 0.545837 0.007812 0.010427
0 0.604688 0.944657 0.006641 0.009384
0 0.178125 0.370147 0.007324 0.005735
0 0.735938 0.187420 0.008984 0.010427
0 0.809375 0.738209 0.007031 0.003649
0 0.228711 0.846647 0.007031 0.006256
0 0.904688 0.776788 0.008594 0.008863
0 0.423438 0.337825 0.005859 0.007038
0 0.627344 0.278392 0.005859 0.007559
0 0.478125 0.321663 0.006250 0.008602
0 0.134180 0.454603 0.006543 0.008863
0 0.247656 0.136850 0.006055 0.006777
0 0.603906 0.185856 0.007031 0.008341
0 0.284375 0.071683 0.005273 0.008863
0 0.596875 0.236686 0.008203 0.008602
0 0.759375 0.169434 0.006641 0.007559
0 0.472656 0.338346 0.005859 0.003910
0 0.479688 0.645412 0.005859 0.008341
0 0.009515 0.204363 0.006189 0.009645
0 0.697656 0.484841 0.008594 0.008863
0 0.841406 0.352943 0.006250 0.007038
0 0.021753 0.952999 0.007666 0.007299
0 0.442187 0.622473 0.006641 0.007820
0 0.228516 0.652710 0.007617 0.006777