0 0.840625 0.838827 0.008594 0.009384
0 0.033740 0.527590 0.007861 0.007820
0 0.996875 0.046920 0.005469 0.008732
0 0.760156 0.720484 0.008594 0.008863
0 0.197656 0.552614 0.008105 0.009905
0 0.721094 0.945700 0.007812 0.008341
0 0.303320 0.837263 0.007812 0.005735
0 0.848438 0.260667 0.007031 0.008081
0 0.659375 0.970724 0.008203 0.008341
0 0.029565 0.528112 0.006299 0.008341
0 0.691406 0.669393 0.007812 0.008341
0 0.646875 0.628729 0.007422 0.008863
0 0.846875 0.837263 0.007031 0.010948
0 0.307617 0.870628 0.008203 0.008341
0 0.590625 0.269530 0.008203 0.009123
0 0.240625 0.070250 0.008203 0.011730
0 0.996875 0.129552 0.006250 0.009384
0 0.903906 0.136590 0.007812 0.005995
0 0.766016 0.552614 0.008594 0.009905
0 0.059082 0.595364 0.007910 0.007299
0 0.828125 0.653753 0.007812 0.005735
0 0.753125 0.528633 0.007422 0.006256
0 0.804688 0.502566 0.008594 0.009905
0 0.996680 0.795556 0.006641 0.009905
0 0.352344 0.712142 0.008008 0.010948
0 0.397461 0.378489 0.006641 0.006777
0 0.817188 0.828921 0.008594 0.008863
0 0.984375 0.352422 0.008594 0.009123
0 0.865625 0.118864 0.007812 0.009645
0 0.773438 0.286994 0.008203 0.009384
0 0.652734 0.612568 0.007812 0.008341
0 0.016345 0.820059 0.006958 0.009384
0 0.634375 0.737166 0.007422 0.007820
0 0.878125 0.262231 0.008594 0.011730
0 0.134863 0.777830 0.008203 0.008863
0 0.203711 0.886789 0.006641 0.007299
0 0.754687 0.577638 0.007812 0.008341
0 0.603516 0.469201 0.008594 0.008863
0 0.902344 0.870628 0.007812 0.008863
0 0.016882 0.804940 0.008179 0.006777
0 0.103809 0.653753 0.007227 0.007820
0 0.409375 0.637070 0.007422 0.008341
0 0.841406 0.779395 0.009375 0.010427
0 0.304297 0.871671 0.009570 0.009905
0 0.341211 0.837263 0.007812 0.006777
0 0.760156 0.828921 0.006641 0.008863
0 0.926563 0.220003 0.007031 0.007038
0 0.152539 0.486926 0.007715 0.007820
0 0.278906 0.220003 0.007227 0.006777
0 0.653906 0.628208 0.006250 0.009384
0 0.851562 0.260667 0.008594 0.007559
0 0.351953 0.578681 0.007812 0.009905
0 0.822656 0.427494 0.007812 0.008341
0 0.496875 0.553657 0.007422 0.008341
0 0.715625 0.704322 0.007031 0.010427
0 0.103906 0.145452 0.007129 0.008602
0 0.717578 0.944657 0.006250 0.008341
0 0.479688 0.919633 0.008594 0.007299
0 0.823438 0.929017 0.007812 0.008341
0 0.172656 0.103485 0.008691 0.009905
0 0.497266 0.503609 0.005469 0.010948
0 0.609766 0.536453 0.008594 0.009384
0 0.871875 0.829443 0.008594 0.010427
0 0.842188 0.227823 0.007031 0.007559
0 0.654687 0.971767 0.005859 0.007299
0 0.428125 0.386830 0.005859 0.007820
0 0.191602 0.553136 0.006543 0.009384
0 0.760547 0.647497 0.007031 0.006777
0 0.610156 0.878448 0.007422 0.007299
0 0.996875 0.604226 0.006250 0.010427
0 0.228711 0.136068 0.007422 0.009123
0 0.871875 0.738209 0.007812 0.011991
0 0.053906 0.512993 0.008545 0.010427
0 0.066553 0.019811 0.007812 0.006256
0 0.923437 0.220524 0.006250 0.005995
0 0.453906 0.886789 0.007422 0.008341
0 0.315625 0.870107 0.006641 0.006256
0 0.758203 0.578160 0.008594 0.008341
0 0.177246 0.103224 0.007227 0.009254
0 0.997656 0.053046 0.004687 0.005474
0 0.735156 0.761669 0.007812 0.008341
0 0.853125 0.084717 0.008594 0.007950
0 0.934375 0.025936 0.008594 0.008602
0 0.078564 0.946743 0.005566 0.005213
0 0.141211 0.145452 0.006836 0.010166
0 0.661328 0.603184 0.007812 0.010427
0 0.296680 0.320621 0.007812 0.007559
0 0.728906 0.744986 0.008203 0.009384
0 0.890625 0.771574 0.007812 0.011469
0 0.173145 0.012121 0.007422 0.007559
0 0.703125 0.728825 0.008984 0.010948
0 0.285156 0.528633 0.007617 0.007820
0 0.021484 0.803897 0.005469 0.005735
0 0.898438 0.871149 0.007812 0.008341
0 0.447266 0.436878 0.007031 0.008863
0 0.247266 0.569297 0.008789 0.006777
0 0.346484 0.829443 0.006445 0.005213
0 0.955469 0.871671 0.007812 0.010948
0 0.266797 0.012251 0.006836 0.006386
0 0.635156 0.887832 0.007812 0.007299
0 0.077832 0.911292 0.007471 0.007299
0 0.304297 0.544273 0.007617 0.007820
0 0.503906 0.503087 0.008984 0.010427
0 0.660156 0.277350 0.008203 0.008602
0 0.823438 0.879491 0.008594 0.009384
0 0.710938 0.703280 0.006641 0.009384
0 0.965625 0.986364 0.007031 0.006256
0 0.791406 0.088887 0.007422 0.006777
0 0.403516 0.377967 0.007031 0.007299
0 0.867188 0.738209 0.007031 0.010427
0 0.110156 0.887311 0.007520 0.009384
0 0.760547 0.636028 0.008594 0.008341
0 0.360156 0.395171 0.008789 0.010427
0 0.741797 0.362327 0.007812 0.008602
0 0.133203 0.344863 0.008105 0.009384
0 0.265820 0.462423 0.008203 0.009384
0 0.778125 0.545316 0.006641 0.007820
0 0.634375 0.762191 0.008594 0.007820
0 0.885156 0.454603 0.007812 0.009905
0 0.135547 0.145974 0.007227 0.009645
0 0.297266 0.211662 0.007227 0.007038
0 0.591406 0.070119 0.005859 0.006126
0 0.148535 0.485883 0.005859 0.007820
0 0.166406 0.644369 0.007910 0.007820
0 0.090479 0.962383 0.007324 0.010427
0 0.420703 0.536974 0.008594 0.006777
0 0.054053 0.738209 0.006738 0.008863
0 0.917188 0.938401 0.007031 0.008341
0 0.054199 0.744465 0.007227 0.006777
0 0.915625 0.787215 0.007031 0.006777
0 0.085352 0.971767 0.005859 0.005213
0 0.591016 0.569297 0.007812 0.008341
0 0.191016 0.679820 0.008008 0.007820
0 0.903125 0.661052 0.007812 0.007820
0 0.565625 0.688161 0.007422 0.008341
0 0.360547 0.388394 0.008398 0.007299
0 0.921875 0.652710 0.008594 0.008863
0 0.197559 0.878969 0.007617 0.006777
0 0.483594 0.919633 0.008203 0.008341
0 0.785156 0.220524 0.006250 0.004953
0 0.603906 0.270572 0.007422 0.006777
0 0.890625 0.494746 0.007031 0.008341
0 0.447656 0.887311 0.006641 0.007820
0 0.122266 0.712142 0.008398 0.010427
0 0.478906 0.888353 0.007422 0.007820
0 0.765625 0.720484 0.007812 0.008341
0 0.898438 0.136068 0.005469 0.005995
0 0.016724 0.813281 0.007385 0.004692
0 0.771875 0.652710 0.007812 0.007299
0 0.428516 0.954041 0.007031 0.008341
0 0.491406 0.503609 0.008984 0.011469
0 0.859375 0.128509 0.007812 0.008863
0 0.028613 0.929017 0.007520 0.010427
0 0.041602 0.144931 0.006592 0.008602
0 0.423047 0.386309 0.007812 0.008341
0 0.653906 0.622473 0.006250 0.004692
0 0.596484 0.070119 0.007812 0.006386
0 0.696875 0.912335 0.007422 0.006256
0 0.121875 0.204624 0.007129 0.007820
0 0.348242 0.578681 0.009375 0.010427
0 0.343945 0.777830 0.008594 0.008863
0 0.349023 0.712142 0.008203 0.009384
0 0.416797 0.536974 0.007031 0.006777
0 0.978906 0.602662 0.007812 0.007299
0 0.141895 0.020332 0.007812 0.009384
0 0.433984 0.070901 0.007812 0.007429
0 0.516016 0.536974 0.007812 0.009905
0 0.134766 0.152751 0.006738 0.005735
0 0.772656 0.544273 0.006641 0.007820
0 0.967188 0.980108 0.008594 0.011469
0 0.591016 0.026849 0.008594 0.008993
0 0.728516 0.645412 0.009375 0.011991
0 0.241406 0.703801 0.008789 0.009905
0 0.990625 0.611525 0.007031 0.006256
0 0.797656 0.503609 0.005859 0.008863
0 0.078467 0.905036 0.008496 0.011469
0 0.130176 0.344602 0.008008 0.009123
0 0.828125 0.929017 0.007031 0.008341
0 0.478906 0.137111 0.008203 0.009645
0 0.346094 0.837263 0.007031 0.006777
0 0.696875 0.702758 0.008203 0.007820
0 0.672656 0.226780 0.008203 0.008602
0 0.297656 0.545316 0.006055 0.005735
0 0.046533 0.670436 0.005762 0.006256
0 0.991406 0.352422 0.006250 0.009384
0 0.614844 0.878969 0.006641 0.006777
0 0.696875 0.670436 0.007422 0.007820
0 0.710156 0.162656 0.007422 0.009123
0 0.890625 0.134765 0.008594 0.007820
0 0.196777 0.070641 0.006836 0.008732
0 0.578125 0.329223 0.008203 0.007299
0 0.860937 0.121210 0.007031 0.005213
0 0.253125 0.737166 0.007422 0.006777
0 0.851562 0.254150 0.007031 0.012512
0 0.047632 0.744986 0.006299 0.006256
0 0.097656 0.145452 0.006445 0.008341
0 0.367188 0.587022 0.008008 0.008863
0 0.359375 0.318796 0.007812 0.007299
0 0.635156 0.494225 0.008203 0.007299
0 0.428906 0.212183 0.008203 0.009645
0 0.203906 0.879491 0.007227 0.006256
0 0.635156 0.487969 0.008203 0.007820
0 0.058447 0.637592 0.006836 0.011469
0 0.404687 0.637070 0.005859 0.007820
0 0.084619 0.862287 0.008203 0.010948
0 0.703125 0.702758 0.007422 0.008341
0 0.603906 0.028413 0.007422 0.009384
0 0.016309 0.752806 0.007239 0.006256
0 0.766406 0.652189 0.005859 0.008341
0 0.222656 0.136590 0.006055 0.007820
0 0.428125 0.512471 0.006641 0.008341
0 0.266406 0.019941 0.005469 0.007038
0 0.360938 0.721526 0.008203 0.007820
0 0.873438 0.262231 0.006250 0.010166
0 0.684375 0.344341 0.007812 0.008863
0 0.584375 0.585980 0.007031 0.007820
0 0.760547 0.787215 0.007031 0.008863
0 0.598437 0.028152 0.006641 0.008732
0 0.598047 0.061387 0.007812 0.008863
0 0.022827 0.753849 0.006360 0.005213
0 0.853906 0.078852 0.009375 0.010427
0 0.522656 0.536974 0.005859 0.008863
0 0.166992 0.637070 0.008691 0.010427