0 0.783984 0.052524 0.008594 0.010427
0 0.553516 0.578681 0.008594 0.009384
0 0.465625 0.961340 0.008984 0.009384
0 0.340430 0.545316 0.008203 0.007820
0 0.446875 0.428537 0.007422 0.006777
0 0.254688 0.911292 0.009180 0.010427
0 0.865625 0.477542 0.007031 0.010427
0 0.291406 0.955084 0.007812 0.007299
0 0.978906 0.328180 0.007812 0.011469
0 0.197266 0.786693 0.009766 0.010427
0 0.778516 0.676692 0.008594 0.008863
0 0.422266 0.294032 0.009375 0.010948
0 0.434375 0.227041 0.008594 0.007820
0 0.779688 0.053046 0.005469 0.009645
0 0.041333 0.196543 0.007520 0.009123
0 0.841406 0.203842 0.007812 0.006517
0 0.428906 0.321403 0.008203 0.009384
0 0.383984 0.936316 0.007227 0.008341
0 0.860156 0.478585 0.007812 0.009384
0 0.491406 0.719441 0.008984 0.009384
0 0.145117 0.153272 0.008789 0.013033
0 0.604297 0.638113 0.009375 0.012512
0 0.429688 0.229387 0.005078 0.004953
0 0.974219 0.037275 0.007812 0.008732
0 0.466406 0.746550 0.007812 0.011469
0 0.828906 0.626644 0.007812 0.008863
0 0.679688 0.653753 0.006641 0.006256
0 0.260547 0.229908 0.007617 0.010687
0 0.291602 0.587022 0.007031 0.006777
0 0.684375 0.653753 0.008203 0.005213
0 0.047681 0.194979 0.006396 0.010687
0 0.785156 0.737166 0.008984 0.006777
0 0.265430 0.228866 0.007031 0.011730
0 0.590625 0.360242 0.007422 0.008341
0 0.329297 0.177775 0.008008 0.010687
0 0.728906 0.395171 0.006641 0.006777
0 0.723437 0.395693 0.007422 0.007299
0 0.428125 0.737166 0.007422 0.005735
0 0.872656 0.225998 0.009375 0.009384
0 0.785547 0.309933 0.008594 0.008863
0 0.291406 0.319578 0.008594 0.011991
0 0.866406 0.239032 0.006250 0.006777
0 0.379492 0.938401 0.005078 0.007299
0 0.271094 0.094622 0.008398 0.008732
0 0.778906 0.673042 0.008203 0.010427
0 0.335938 0.546358 0.005664 0.006777
0 0.233984 0.420195 0.007227 0.005735
0 0.560156 0.930060 0.007031 0.010427
0 0.697656 0.587022 0.008984 0.012512
0 0.071973 0.653232 0.008105 0.007299
0 0.571875 0.044053 0.009766 0.011991
0 0.496875 0.027109 0.008203 0.006386
0 0.667188 0.512471 0.008203 0.011469
0 0.829687 0.621430 0.008594 0.011991
0 0.709375 0.768968 0.008984 0.007299
0 0.235352 0.053437 0.007031 0.010036
0 0.703906 0.343820 0.009375 0.008863
0 0.534375 0.779395 0.008984 0.012512
0 0.328320 0.596406 0.008594 0.011991
0 0.715625 0.395171 0.006641 0.007299
0 0.867188 0.422281 0.007812 0.007820
0 0.603516 0.642805 0.008594 0.009384
0 0.785938 0.377446 0.007422 0.009384
0 0.434375 0.221567 0.008594 0.011209
0 0.041113 0.986364 0.008276 0.009384
0 0.291016 0.946743 0.008398 0.011469
0 0.446875 0.421238 0.006641 0.006256
0 0.940625 0.955084 0.008594 0.009384
0 0.840625 0.096447 0.007812 0.010557
0 0.117188 0.177775 0.006738 0.006517
0 0.284180 0.861765 0.007812 0.007299
0 0.183984 0.521856 0.006934 0.008341
0 0.228906 0.246070 0.006445 0.005474
0 0.465625 0.955084 0.008984 0.011469
0 0.866406 0.062430 0.007812 0.010427
0 0.040527 0.805461 0.008081 0.010427
0 0.859375 0.243984 0.007031 0.007038
0 0.971875 0.735602 0.008594 0.009384
0 0.041455 0.811196 0.007544 0.005735
0 0.216406 0.480149 0.008984 0.010427
0 0.497656 0.021896 0.008203 0.008863
0 0.465625 0.911292 0.008203 0.011469
0 0.453125 0.428015 0.007422 0.007299
0 0.867188 0.243463 0.005469 0.007820
0 0.172168 0.121210 0.006250 0.004692
0 0.228125 0.251804 0.007031 0.007820
0 0.426562 0.294554 0.008594 0.010166
0 0.790625 0.329483 0.006250 0.008863
0 0.841406 0.101921 0.007812 0.006908
0 0.240625 0.053958 0.007227 0.010557
0 0.152930 0.504130 0.007617 0.006256
0 0.085449 0.803897 0.009717 0.011991
0 0.879688 0.870107 0.008594 0.008341
0 0.066504 0.880012 0.007080 0.010948
0 0.835156 0.662094 0.007812 0.009905
0 0.267969 0.094622 0.007422 0.009514
0 0.871094 0.421238 0.007812 0.008863
0 0.258594 0.907121 0.006836 0.009384
0 0.783203 0.676170 0.010156 0.009384
0 0.528906 0.785650 0.006250 0.007299
0 0.785938 0.329483 0.007031 0.008602
0 0.548438 0.578681 0.005078 0.008863
0 0.716406 0.403513 0.006641 0.006777
0 0.784375 0.046138 0.008203 0.009645
0 0.353711 0.169955 0.008594 0.009645