0 0.271875 0.193936 0.008398 0.008602
0 0.759375 0.747593 0.007031 0.007299
0 0.097607 0.053697 0.008301 0.006647
0 0.696875 0.727782 0.006641 0.007299
0 0.934375 0.956127 0.005469 0.006256
0 0.790625 0.511950 0.008203 0.008863
0 0.934375 0.845083 0.007031 0.007299
0 0.984375 0.786693 0.008594 0.010427
0 0.609375 0.102963 0.007422 0.007950
0 0.459375 0.352422 0.008984 0.009645
0 0.783984 0.986364 0.008594 0.008341
0 0.554297 0.127206 0.008594 0.008602
0 0.572266 0.878969 0.008594 0.008863
0 0.614844 0.678256 0.007812 0.008341
0 0.004718 0.789300 0.008093 0.007820
0 0.866406 0.252326 0.009375 0.010166
0 0.078955 0.919633 0.008887 0.010427
0 0.741406 0.020723 0.008203 0.011209
0 0.966406 0.253890 0.006250 0.004953
0 0.804688 0.460859 0.008594 0.009384
0 0.391406 0.494225 0.008594 0.009905
0 0.047754 0.795556 0.008984 0.010948
0 0.610547 0.678777 0.007031 0.007299
0 0.603516 0.736124 0.007812 0.007820
0 0.153516 0.986364 0.007324 0.007299
0 0.391602 0.787215 0.005859 0.005213
0 0.172168 0.903993 0.007812 0.006256
0 0.209570 0.678256 0.007812 0.005213
0 0.553516 0.170998 0.008594 0.009645
0 0.553906 0.537496 0.006641 0.006256
0 0.716406 0.061517 0.008203 0.010036
0 0.085254 0.046268 0.008496 0.009645
0 0.510156 0.102963 0.008203 0.009905
0 0.622656 0.027370 0.007422 0.009384
0 0.403906 0.654274 0.008594 0.009384
0 0.778906 0.604226 0.008594 0.009384
0 0.929688 0.845604 0.005469 0.006777
0 0.865625 0.369105 0.008594 0.009905
0 0.426563 0.861244 0.009766 0.008863
0 0.090088 0.045095 0.007324 0.010557
0 0.565625 0.286212 0.007812 0.007299
0 0.928125 0.957170 0.007031 0.007299
0 0.733984 0.927975 0.007813 0.007299
0 0.052051 0.387873 0.005566 0.008863
0 0.516016 0.886789 0.007031 0.010427
0 0.797656 0.512993 0.005859 0.008863
0 0.159375 0.154315 0.007520 0.011469
0 0.423438 0.862287 0.007422 0.006777
0 0.591016 0.569818 0.007812 0.006256
0 0.641406 0.363109 0.006641 0.005735
0 0.641016 0.352161 0.007812 0.009384
0 0.097461 0.688161 0.008789 0.009384
0 0.510156 0.887311 0.006641 0.007820
0 0.390625 0.194458 0.007227 0.007559
0 0.590625 0.535932 0.007812 0.008863
0 0.596875 0.787215 0.008203 0.005735
0 0.135059 0.460859 0.007617 0.008341
0 0.753906 0.413418 0.007031 0.008341
0 0.810156 0.728825 0.007812 0.007820
0 0.916406 0.629772 0.007812 0.008863
0 0.396484 0.787215 0.007812 0.006777
0 0.021460 0.469201 0.007263 0.006777
0 0.210547 0.536453 0.007031 0.006256
0 0.254688 0.804419 0.009180 0.011469
0 0.853125 0.429058 0.008594 0.010427
0 0.909375 0.160310 0.007812 0.007299
0 0.996875 0.087323 0.005469 0.008211
0 0.635156 0.919633 0.007422 0.009384
0 0.558594 0.536974 0.007812 0.007299
0 0.866406 0.364934 0.007812 0.008602
0 0.803125 0.936316 0.008594 0.009384
0 0.203711 0.536974 0.006641 0.005735
0 0.435156 0.746550 0.007422 0.008863
0 0.141016 0.387873 0.008691 0.010948
0 0.058936 0.386309 0.007422 0.007299
0 0.780078 0.986364 0.006250 0.008341
0 0.484375 0.829964 0.008203 0.010427
0 0.747656 0.020071 0.007422 0.011600
0 0.478125 0.595364 0.008203 0.010948
0 0.051904 0.795035 0.008325 0.010427
0 0.603125 0.837263 0.007031 0.010427
0 0.996875 0.737688 0.005469 0.009384
0 0.746875 0.704844 0.007812 0.008863
0 0.654297 0.026849 0.007031 0.008211
0 0.754688 0.937359 0.008203 0.008341
0 0.966406 0.370147 0.007812 0.006517
0 0.004291 0.221306 0.007581 0.007299
0 0.666406 0.529154 0.007812 0.010427
0 0.807813 0.460859 0.008594 0.008863
0 0.098389 0.045356 0.008887 0.010036
0 0.016528 0.188723 0.008606 0.008863
0 0.497656 0.320099 0.007812 0.009905
0 0.609375 0.646454 0.008984 0.010427
0 0.491406 0.078591 0.008203 0.011991
0 0.416406 0.344602 0.007422 0.005735
0 0.609375 0.653753 0.008594 0.005735
0 0.441406 0.746029 0.006641 0.009384
0 0.265625 0.261710 0.008008 0.010687
0 0.041406 0.863329 0.007471 0.010948
0 0.435156 0.079764 0.008594 0.010296
0 0.328906 0.436878 0.008008 0.006256
0 0.515625 0.655317 0.007422 0.007299
0 0.121875 0.203320 0.007129 0.008081
0 0.083008 0.919633 0.007861 0.010427
0 0.472656 0.561998 0.009766 0.011469
0 0.416016 0.446262 0.007812 0.009905
0 0.971875 0.252847 0.008594 0.007299
0 0.841406 0.803897 0.007812 0.007820
0 0.841406 0.068555 0.007812 0.009514
0 0.797266 0.687118 0.007031 0.006777
0 0.721094 0.878969 0.007422 0.010427
0 0.504297 0.193415 0.010156 0.010687
0 0.408594 0.653753 0.007812 0.007820
0 0.184766 0.612046 0.007910 0.009905
0 0.628906 0.921719 0.007422 0.009384
0 0.215430 0.788257 0.007422 0.005735
0 0.153906 0.536974 0.007715 0.008863
0 0.597656 0.838305 0.006641 0.008863
0 0.384375 0.946743 0.006836 0.009384
0 0.491406 0.320099 0.005859 0.008602
0 0.797656 0.678777 0.007422 0.009905
0 0.153516 0.159528 0.007031 0.008602
0 0.484766 0.538017 0.007031 0.008341
0 0.016980 0.470243 0.005151 0.005213
0 0.548438 0.769489 0.009766 0.010948
0 0.753906 0.362588 0.007031 0.007299
0 0.628516 0.630293 0.006250 0.009384
0 0.341016 0.471286 0.006836 0.007820
0 0.303320 0.287255 0.007812 0.008602
0 0.276953 0.194458 0.009180 0.008081
0 0.103223 0.938401 0.008008 0.009384
0 0.416406 0.338867 0.006641 0.007820
0 0.658594 0.026979 0.008984 0.007038
0 0.397852 0.778873 0.007422 0.009905
0 0.079687 0.437921 0.007666 0.010427
0 0.783203 0.603705 0.007812 0.008341
0 0.823438 0.905036 0.008594 0.009384
0 0.729688 0.927975 0.005859 0.007299
0 0.102832 0.053306 0.007568 0.007038
0 0.371680 0.621430 0.007422 0.007820
0 0.041870 0.702758 0.009570 0.010427
0 0.991406 0.087845 0.007812 0.008472
0 0.209766 0.671478 0.007422 0.008863
0 0.616016 0.353204 0.007812 0.008341
0 0.660156 0.569297 0.006250 0.006777
0 0.815625 0.345123 0.008594 0.009645
0 0.771875 0.162396 0.007422 0.007820
0 0.141016 0.461902 0.006543 0.008863
0 0.159766 0.804940 0.007422 0.007299
0 0.860156 0.370669 0.006250 0.007299
0 0.048096 0.621952 0.007886 0.010427
0 0.154688 0.154576 0.007520 0.010427
0 0.766406 0.677734 0.008203 0.007820
0 0.678906 0.196022 0.008984 0.010687
0 0.134180 0.412375 0.008301 0.010427
0 0.858594 0.429058 0.006250 0.009384
0 0.753906 0.577638 0.009766 0.008863
0 0.717188 0.878969 0.006250 0.009905
0 0.760547 0.361806 0.007031 0.008341
0 0.573438 0.286734 0.006250 0.008081
0 0.422266 0.563041 0.006250 0.007820
0 0.996875 0.821623 0.006250 0.009905
0 0.058887 0.828921 0.006299 0.008863
0 0.459766 0.719441 0.007812 0.008863
0 0.303516 0.438442 0.008008 0.008341
0 0.841406 0.720484 0.007812 0.006777
0 0.515625 0.102703 0.006641 0.008732
0 0.121484 0.361806 0.007617 0.011209
0 0.271875 0.554700 0.007617 0.010948
0 0.253125 0.895652 0.006250 0.008863
0 0.821875 0.237207 0.007812 0.008602
0 0.328906 0.429579 0.008398 0.008863
0 0.048682 0.387873 0.006616 0.009384
0 0.697656 0.722048 0.007422 0.009384
0 0.165332 0.218960 0.007031 0.009123
0 0.015991 0.345645 0.007806 0.008602
0 0.759375 0.937359 0.006641 0.008341
0 0.522656 0.962383 0.008203 0.010427
0 0.541406 0.613089 0.006641 0.009384
0 0.234375 0.945700 0.006445 0.010427
0 0.753906 0.186638 0.007422 0.008863
0 0.128906 0.728825 0.008496 0.010948
0 0.148242 0.986364 0.005859 0.008341
0 0.622656 0.887311 0.008203 0.009905
0 0.484375 0.837263 0.008203 0.005735
0 0.928125 0.396214 0.008594 0.009905
0 0.910156 0.153794 0.009375 0.009123
0 0.689844 0.728825 0.006641 0.008863
0 0.048071 0.088105 0.006592 0.007820
0 0.009650 0.103745 0.008215 0.010687
0 0.216016 0.538017 0.008008 0.006777
0 0.321680 0.886789 0.007422 0.008341
0 0.047266 0.626644 0.007251 0.008341
0 0.591406 0.278914 0.008984 0.011209
0 0.817187 0.788257 0.007812 0.006777
0 0.485156 0.078982 0.007031 0.010166
0 0.735938 0.895131 0.005859 0.007299
0 0.416406 0.563041 0.007422 0.007299
0 0.840625 0.161614 0.007812 0.010166
0 0.440625 0.328962 0.007422 0.009384
0 0.978125 0.010557 0.007031 0.006517
0 0.535156 0.612046 0.006250 0.008863
0 0.439844 0.335218 0.008203 0.007559
0 0.410156 0.871149 0.007422 0.009384
0 0.616406 0.027370 0.005859 0.008472
0 0.303516 0.444177 0.008398 0.007820
0 0.634766 0.721526 0.007812 0.008863
0 0.441016 0.844561 0.007031 0.007299
0 0.739844 0.887832 0.007031 0.010427