0 0.503516 0.085629 0.008594 0.009384
0 0.216016 0.202278 0.008398 0.009123
0 0.723047 0.938401 0.007812 0.004171
0 0.994531 0.228866 0.009375 0.011730
0 0.865625 0.335739 0.008594 0.008602
0 0.033350 0.436878 0.007788 0.011469
0 0.596094 0.737166 0.008203 0.008863
0 0.929688 0.795556 0.008594 0.008863
0 0.622656 0.428537 0.008594 0.008863
0 0.592187 0.737166 0.007812 0.007820
0 0.678125 0.944658 0.008203 0.010427
0 0.615625 0.837263 0.008203 0.006777
0 0.560156 0.328962 0.008984 0.011991
0 0.178711 0.538017 0.006738 0.005213
0 0.301953 0.261188 0.008594 0.010427
0 0.079980 0.420195 0.007129 0.009905
0 0.503906 0.694417 0.007422 0.007820
0 0.303320 0.795556 0.007812 0.010948
0 0.090625 0.636549 0.007422 0.006256
0 0.533203 0.678256 0.008594 0.008341
0 0.873438 0.304198 0.006250 0.008863
0 0.083887 0.419674 0.007520 0.008341
0 0.066211 0.427494 0.007080 0.007820
0 0.821875 0.044574 0.007812 0.008211
0 0.528125 0.044965 0.008203 0.010687
0 0.040332 0.444177 0.007422 0.006777
0 0.517188 0.529154 0.008203 0.007299
0 0.165820 0.060214 0.008398 0.009905
0 0.591406 0.011991 0.007812 0.008732
0 0.789844 0.461902 0.007422 0.010427
0 0.791406 0.144931 0.007422 0.006777
0 0.489844 0.846647 0.007031 0.010427
0 0.085254 0.637070 0.005713 0.005735
0 0.328516 0.227823 0.009180 0.010948
0 0.558594 0.553657 0.007812 0.006777
0 0.448047 0.177775 0.007031 0.007299
0 0.647656 0.454603 0.007422 0.005735
0 0.934375 0.795556 0.008594 0.008863
0 0.916406 0.011339 0.007812 0.006517
0 0.741016 0.511429 0.008594 0.009384
0 0.928906 0.428015 0.007812 0.006256
0 0.995313 0.745508 0.007812 0.008341
0 0.860156 0.528633 0.009375 0.008863
0 0.809375 0.059953 0.008594 0.009645
0 0.984375 0.270833 0.007812 0.003649
0 0.995313 0.221046 0.007812 0.007299
0 0.809375 0.202799 0.007812 0.012251
0 0.927344 0.744465 0.007812 0.008341
0 0.942188 0.227302 0.008594 0.010948
0 0.140625 0.593800 0.007715 0.009384
0 0.985937 0.352943 0.007031 0.011209
0 0.072266 0.579202 0.007666 0.008341
0 0.170313 0.838305 0.006348 0.008863
0 0.541406 0.728825 0.008203 0.009905
0 0.554297 0.864372 0.008594 0.008863
0 0.946875 0.278132 0.008594 0.008863
0 0.159766 0.636028 0.007715 0.006777
0 0.530078 0.679820 0.006250 0.007820
0 0.498047 0.844561 0.007031 0.006777
0 0.610938 0.837263 0.005859 0.006777
0 0.035571 0.444698 0.006641 0.006256
0 0.066504 0.646454 0.008057 0.008863
0 0.559375 0.703801 0.007031 0.010948
0 0.528906 0.895131 0.008203 0.008341
0 0.323047 0.802855 0.007227 0.008341
0 0.185449 0.844561 0.005859 0.007820
0 0.391406 0.803897 0.009180 0.011469
0 0.097461 0.613089 0.009326 0.011991
0 0.072803 0.426451 0.006738 0.007820
0 0.553906 0.187159 0.008984 0.011209
0 0.979688 0.271615 0.007031 0.003910
0 0.741797 0.362849 0.009375 0.012512
0 0.353516 0.786172 0.007227 0.005735
0 0.879688 0.370147 0.008594 0.010948
0 0.865625 0.331308 0.008594 0.009905
0 0.166504 0.055783 0.007617 0.008341
0 0.453906 0.605269 0.006641 0.009384
0 0.948438 0.963426 0.007031 0.008341
0 0.035034 0.119907 0.008887 0.009123
0 0.785937 0.461902 0.005859 0.008863
0 0.578906 0.428537 0.006641 0.006777
0 0.259766 0.755934 0.007227 0.007820
0 0.178906 0.954041 0.008887 0.010427
0 0.846875 0.971767 0.008594 0.011469
0 0.441797 0.028804 0.009375 0.011991
0 0.278516 0.670436 0.008008 0.007299
0 0.953125 0.962383 0.007031 0.010427
0 0.641016 0.671478 0.008594 0.010948
0 0.104492 0.921719 0.006934 0.007299
0 0.165234 0.044574 0.006543 0.010036
0 0.554297 0.553657 0.005469 0.005735
0 0.016431 0.371190 0.006531 0.006777
0 0.746875 0.277350 0.008594 0.010687
0 0.103711 0.520292 0.008643 0.012512
0 0.366016 0.595885 0.007227 0.008341
0 0.584375 0.428015 0.007812 0.006256
0 0.666406 0.669393 0.007812 0.007820
0 0.429688 0.813281 0.007422 0.009384
0 0.196875 0.763233 0.007031 0.010427
0 0.721875 0.535932 0.007422 0.007299
0 0.996875 0.236686 0.005469 0.006256
0 0.041748 0.437399 0.009473 0.009384
0 0.778906 0.771574 0.007422 0.010427
0 0.179297 0.948828 0.008398 0.010427
0 0.565625 0.062299 0.007031 0.006386
0 0.222656 0.512471 0.009180 0.011469
0 0.665625 0.236164 0.008203 0.009905
0 0.160156 0.053046 0.006738 0.006256
0 0.883594 0.370147 0.007812 0.010948
0 0.360156 0.596406 0.006250 0.006777
0 0.683984 0.120950 0.007812 0.009123
0 0.271484 0.595364 0.007617 0.007820
0 0.289844 0.786172 0.009180 0.010948
0 0.054248 0.535932 0.008398 0.008863
0 0.103418 0.944657 0.007861 0.008341
0 0.829687 0.045617 0.007031 0.008993
0 0.753906 0.796599 0.008203 0.008863
0 0.935156 0.429579 0.007812 0.004171
0 0.923437 0.745508 0.005469 0.007299
0 0.641406 0.320621 0.009766 0.012773
0 0.434375 0.812239 0.007812 0.009905
0 0.647656 0.745508 0.009375 0.011991
0 0.566406 0.179339 0.007422 0.007820
0 0.321289 0.611525 0.008594 0.009384
0 0.398438 0.779916 0.007812 0.009384
0 0.097803 0.154315 0.010059 0.011991
0 0.328906 0.702758 0.007227 0.007820
0 0.259766 0.337825 0.008789 0.011209
0 0.564063 0.327919 0.008984 0.011209
0 0.815625 0.087584 0.007812 0.010296
0 0.716016 0.939444 0.007812 0.006256
0 0.298242 0.796077 0.005859 0.008341
0 0.171875 0.962383 0.007715 0.010427
0 0.828125 0.436878 0.007031 0.008863
0 0.509375 0.694938 0.007031 0.007299
0 0.359961 0.804940 0.007422 0.009905
0 0.022021 0.087323 0.008789 0.011730
0 0.733984 0.913377 0.007813 0.010427
0 0.057031 0.428015 0.009521 0.010427
0 0.347266 0.528633 0.008008 0.010427
0 0.096924 0.920676 0.007324 0.006256
0 0.835938 0.044835 0.005469 0.010036
0 0.754687 0.829964 0.007812 0.009905
0 0.934375 0.043922 0.007812 0.008602
0 0.047168 0.142846 0.007227 0.009123
0 0.841406 0.168912 0.009375 0.010166
0 0.916406 0.344081 0.009375 0.010427
0 0.935156 0.436878 0.009375 0.010427
0 0.723437 0.931103 0.008203 0.010427
0 0.872656 0.312018 0.006250 0.004171
0 0.236328 0.678777 0.008789 0.010427
0 0.840625 0.044574 0.007812 0.010036
0 0.221484 0.202278 0.008008 0.008602
0 0.451563 0.176732 0.008203 0.009645
0 0.228906 0.269790 0.006055 0.006256
0 0.134668 0.095925 0.007422 0.010948
0 0.160352 0.045356 0.008691 0.010166
0 0.904688 0.486926 0.008594 0.011991
0 0.679297 0.843519 0.007812 0.008863
0 0.478125 0.577638 0.008203 0.007299
0 0.316406 0.385787 0.008789 0.010948
0 0.815625 0.161092 0.008594 0.010166
0 0.780078 0.981151 0.007812 0.006256
0 0.778125 0.029195 0.007812 0.010557
0 0.921875 0.010166 0.008594 0.008081
0 0.453906 0.610482 0.007422 0.008341
0 0.653125 0.921719 0.008984 0.011469
0 0.597656 0.012512 0.007031 0.008732
0 0.359766 0.777830 0.007227 0.009905
0 0.557813 0.186377 0.007812 0.009384
0 0.804688 0.203581 0.007031 0.010427
0 0.228125 0.470765 0.008594 0.011469
0 0.798437 0.588065 0.007422 0.007299
0 0.854688 0.420195 0.007031 0.008863
0 0.853125 0.460859 0.007812 0.009905
0 0.334375 0.703801 0.007422 0.005213
0 0.010107 0.711100 0.007813 0.008341
0 0.560156 0.597970 0.007812 0.006256
0 0.172656 0.194197 0.009570 0.011991
0 0.272656 0.137111 0.008789 0.009905
0 0.265234 0.754892 0.004883 0.005735
0 0.560156 0.602662 0.007812 0.009905
0 0.796094 0.143367 0.007422 0.009645
0 0.178125 0.844561 0.007520 0.007820
0 0.291602 0.955084 0.007422 0.011469
0 0.204688 0.453561 0.006055 0.007299
0 0.190918 0.611004 0.007227 0.008863
0 0.328906 0.944658 0.007031 0.010427
0 0.771875 0.863329 0.007812 0.010948
0 0.615625 0.204102 0.007031 0.007820
0 0.817188 0.486926 0.007031 0.006777
0 0.597266 0.053697 0.007812 0.010036
0 0.985937 0.346687 0.007031 0.004953
0 0.191406 0.769489 0.006055 0.006777
0 0.153613 0.895131 0.008203 0.009384
0 0.541406 0.676692 0.006641 0.007820
0 0.979688 0.353986 0.007031 0.009645
0 0.177441 0.188202 0.005859 0.006777
0 0.328906 0.940487 0.006836 0.005213
0 0.554297 0.704322 0.007031 0.009384
0 0.878906 0.060735 0.009375 0.011209
0 0.615625 0.906079 0.007812 0.010427
0 0.666016 0.746551 0.007031 0.010427
0 0.835156 0.436878 0.006250 0.009384
0 0.203906 0.096186 0.006055 0.009384
0 0.140820 0.129812 0.008203 0.010948
0 0.019873 0.612046 0.009167 0.009905
0 0.327734 0.802855 0.008398 0.007820
0 0.128711 0.686597 0.006348 0.006256
0 0.996875 0.797120 0.005469 0.009384
0 0.823438 0.487447 0.007812 0.006256
0 0.035547 0.969682 0.007153 0.008341
0 0.459766 0.605269 0.007031 0.009384
0 0.030493 0.437399 0.007080 0.010427
0 0.409766 0.713185 0.007812 0.009905
0 0.208203 0.453039 0.009180 0.008341
0 0.067188 0.487447 0.007959 0.010427
0 0.790625 0.810675 0.008203 0.007299
0 0.446484 0.612568 0.007812 0.010427
0 0.783594 0.981151 0.006250 0.006256
0 0.384375 0.721526 0.007422 0.008341
0 0.453516 0.762190 0.008594 0.009905
0 0.841406 0.218439 0.009375 0.009123
0 0.627344 0.162917 0.007422 0.008863
0 0.540625 0.637592 0.007422 0.009384
0 0.009900 0.543230 0.007300 0.007299
0 0.191504 0.844561 0.007227 0.008863
0 0.965625 0.269008 0.007812 0.008081
0 0.109961 0.294554 0.007812 0.007299
0 0.626563 0.428537 0.008203 0.008863
0 0.879688 0.894609 0.005469 0.008341
0 0.458984 0.628729 0.007031 0.008863
0 0.585547 0.295075 0.008594 0.007559
0 0.741016 0.136068 0.008594 0.008863
0 0.684375 0.843519 0.007812 0.007820
0 0.489844 0.931103 0.007422 0.008341
0 0.878125 0.304459 0.008594 0.010687
0 0.267188 0.594321 0.008008 0.008863
0 0.183398 0.536453 0.009180 0.007299
0 0.892187 0.544273 0.007031 0.006777
0 0.866406 0.319057 0.007812 0.008602
0 0.498047 0.386830 0.007812 0.006777
0 0.322266 0.379010 0.006836 0.007299
0 0.823438 0.303938 0.007031 0.010166
0 0.603516 0.312800 0.007031 0.007038
0 0.254102 0.278653 0.008984 0.011991
0 0.121973 0.820580 0.007617 0.007820
0 0.597656 0.312279 0.006641 0.006777
0 0.785156 0.895652 0.007812 0.009384
0 0.328516 0.846647 0.008203 0.009905
0 0.867188 0.303416 0.008594 0.005474
0 0.442187 0.145452 0.008594 0.010948
0 0.633594 0.112348 0.007422 0.011469
0 0.903125 0.236164 0.008594 0.010166
0 0.466797 0.369626 0.007812 0.008341
0 0.909375 0.929017 0.007031 0.008341
0 0.346484 0.402470 0.007617 0.007299
0 0.610156 0.203842 0.005859 0.006777
0 0.191797 0.763754 0.006543 0.009384
0 0.935938 0.246070 0.006250 0.007820
0 0.216406 0.252586 0.009180 0.010427
0 0.197461 0.095274 0.005859 0.010687
0 0.546875 0.269790 0.007812 0.011469
0 0.578125 0.078591 0.007031 0.008081
0 0.490234 0.937359 0.007031 0.006256
0 0.395312 0.803897 0.008008 0.010948
0 0.741016 0.480149 0.006250 0.008341
0 0.159961 0.596406 0.007520 0.005735
0 0.615234 0.930060 0.008594 0.011469
0 0.865625 0.162135 0.008594 0.012251
0 0.177539 0.837263 0.006348 0.007820
0 0.791797 0.804940 0.009375 0.012512
0 0.658594 0.580245 0.007422 0.007299
0 0.628906 0.119125 0.006641 0.007299
0 0.471875 0.955084 0.007422 0.009384
0 0.717188 0.645412 0.008594 0.011469
0 0.304492 0.979066 0.009375 0.010427
0 0.973438 0.269530 0.007031 0.007038
0 0.278711 0.839348 0.007812 0.008863
0 0.122852 0.686076 0.007715 0.006777
0 0.942188 0.295596 0.007031 0.010687
0 0.604688 0.378489 0.007812 0.010948
0 0.058594 0.536453 0.008594 0.007299
0 0.353906 0.803897 0.006641 0.008341
0 0.417188 0.788779 0.007422 0.007299
0 0.641406 0.325834 0.008984 0.009123
0 0.660156 0.752285 0.005859 0.007299
0 0.353125 0.521334 0.006055 0.003128
0 0.160742 0.060344 0.005176 0.009123
0 0.640625 0.246330 0.007422 0.007299
0 0.984375 0.278914 0.007031 0.010427
0 0.072070 0.861765 0.008838 0.012512
0 0.259570 0.760105 0.007812 0.007820
0 0.353906 0.778873 0.007617 0.008863
0 0.372266 0.486926 0.006836 0.006777
0 0.496875 0.378489 0.007422 0.008863
0 0.234375 0.707450 0.007227 0.009384
0 0.767187 0.862287 0.007031 0.009905
0 0.167773 0.839348 0.007129 0.007820
0 0.428906 0.686597 0.008984 0.010427
0 0.648438 0.446262 0.008203 0.008863
0 0.773438 0.028804 0.006641 0.010166
0 0.159961 0.994706 0.008887 0.009384
0 0.484375 0.938401 0.005859 0.007299
0 0.103711 0.939444 0.007715 0.008341
0 0.073682 0.688161 0.007520 0.006777
0 0.572656 0.663137 0.007031 0.007820
0 0.783594 0.829964 0.006641 0.009905
0 0.892187 0.578681 0.007031 0.010948
0 0.453125 0.594321 0.007031 0.007820
0 0.540234 0.378489 0.008594 0.011991
0 0.179590 0.178557 0.008008 0.010427
0 0.302344 0.988450 0.006445 0.005213
0 0.834375 0.478063 0.007031 0.010427
0 0.076709 0.687118 0.008008 0.009384
0 0.797656 0.243984 0.007422 0.008081
0 0.198145 0.612046 0.006836 0.008863
0 0.202930 0.621430 0.005469 0.008863
0 0.235352 0.692332 0.008594 0.010948
0 0.448438 0.154054 0.006641 0.006777
0 0.847656 0.320099 0.007812 0.008602
0 0.073047 0.421238 0.006348 0.008863
0 0.929688 0.603705 0.008594 0.011469
0 0.766406 0.794513 0.008984 0.010948
0 0.172070 0.086281 0.007617 0.006777
0 0.554688 0.395693 0.008203 0.011469
0 0.003546 0.154576 0.007092 0.005735
0 0.215234 0.535932 0.007227 0.007299
0 0.765625 0.095925 0.008984 0.010557
0 0.578516 0.662094 0.007031 0.009905
0 0.478125 0.570340 0.007812 0.009905
0 0.014685 0.569297 0.008789 0.005735
0 0.135352 0.152230 0.009180 0.010166
0 0.828125 0.486926 0.007031 0.005735
0 0.597656 0.304459 0.007031 0.005995
0 0.409375 0.720484 0.008203 0.004692
0 0.766406 0.628729 0.008203 0.010427
0 0.096582 0.678256 0.007080 0.007299
0 0.523438 0.045095 0.005469 0.009514
0 0.272656 0.093058 0.008008 0.009775
0 0.234375 0.268487 0.006836 0.007820
0 0.091113 0.696502 0.005908 0.006777
0 0.742188 0.277871 0.005859 0.009905
0 0.372656 0.477542 0.008398 0.009384
0 0.135742 0.594321 0.005371 0.009384
0 0.939844 0.436878 0.007812 0.010948
0 0.758203 0.829964 0.007812 0.010427
0 0.541406 0.672000 0.007422 0.009384
0 0.979688 0.345905 0.007031 0.006777
0 0.821875 0.310194 0.007031 0.007820
0 0.353516 0.513514 0.007031 0.007299
0 0.828125 0.521334 0.007031 0.009384
0 0.466406 0.538017 0.007812 0.010427
0 0.785156 0.754892 0.007422 0.006777
0 0.553906 0.402470 0.007812 0.007299
0 0.127930 0.571382 0.007910 0.011991
0 0.722656 0.127727 0.008203 0.010687
0 0.273438 0.088366 0.007617 0.009254
0 0.603125 0.303938 0.006641 0.005474
0 0.685547 0.670436 0.008594 0.009905
0 0.460156 0.386830 0.006641 0.006256
0 0.673438 0.944657 0.005859 0.008341
0 0.965625 0.946743 0.005469 0.009384
0 0.651953 0.745508 0.007031 0.009905
0 0.328516 0.930060 0.007227 0.007299
0 0.397070 0.596406 0.008203 0.008863
0 0.147070 0.420195 0.007910 0.010427
0 0.259375 0.844561 0.008008 0.007820
0 0.109570 0.497353 0.007910 0.009384
0 0.735156 0.479627 0.007031 0.008341
0 0.084277 0.229387 0.007227 0.008602
0 0.935938 0.487969 0.007031 0.009905
0 0.566797 0.069207 0.007812 0.007038
0 0.322656 0.672000 0.007812 0.004171
0 0.341797 0.752806 0.008789 0.007820
0 0.871875 0.319317 0.005469 0.007820
0 0.217188 0.045617 0.006836 0.009514
0 0.235547 0.370147 0.006445 0.009384
0 0.353125 0.528633 0.005859 0.010427
0 0.265820 0.645412 0.007031 0.009384
0 0.122656 0.069077 0.008496 0.008081
0 0.660937 0.746550 0.006641 0.009905
0 0.460156 0.378489 0.007422 0.008863
0 0.390625 0.209837 0.007617 0.007820
0 0.584375 0.421238 0.007812 0.009905
0 0.116797 0.652710 0.008008 0.008863
0 0.542188 0.269008 0.006250 0.009645
0 0.507031 0.085499 0.010547 0.008993
0 0.696484 0.036493 0.007812 0.008472
0 0.928125 0.245548 0.005469 0.009123
0 0.865625 0.413939 0.007031 0.007820
0 0.997656 0.245027 0.004687 0.006517
0 0.859375 0.429579 0.007812 0.007299
0 0.017334 0.889396 0.006262 0.006777
0 0.341992 0.402470 0.005469 0.007820
0 0.208984 0.053306 0.007031 0.009384
0 0.297656 0.994706 0.008594 0.009384
0 0.447656 0.419153 0.007422 0.007299
0 0.672266 0.452518 0.007812 0.008863
0 0.326953 0.796077 0.006836 0.011469
0 0.298047 0.988450 0.007422 0.005213
0 0.115820 0.663137 0.006445 0.005735
0 0.633594 0.795556 0.006641 0.009384
0 0.942188 0.660530 0.008594 0.009384
0 0.978125 0.536453 0.007031 0.008341
0 0.165918 0.636028 0.007031 0.006777
0 0.498828 0.086281 0.006250 0.008211
0 0.601562 0.053958 0.007422 0.010427
0 0.573047 0.994706 0.008594 0.008341
0 0.704688 0.693374 0.007422 0.008863
0 0.414844 0.096447 0.007031 0.009905
0 0.502734 0.838305 0.006250 0.009905
0 0.571484 0.178296 0.007812 0.008341
0 0.209766 0.535932 0.007422 0.007820
0 0.572266 0.053958 0.007812 0.010687
0 0.935156 0.661052 0.006250 0.008863
0 0.410937 0.519770 0.008984 0.009384
0 0.871875 0.604748 0.008594 0.010948
0 0.485938 0.846647 0.007422 0.010427
0 0.984375 0.337825 0.009375 0.011730
0 0.721094 0.645412 0.007422 0.011469
0 0.544531 0.728304 0.009375 0.009384
0 0.454688 0.628729 0.007422 0.008341
0 0.871875 0.896695 0.008594 0.010427
0 0.635156 0.086411 0.008203 0.005995
0 0.091602 0.629772 0.006982 0.009905
0 0.110742 0.010818 0.007520 0.009645
0 0.235156 0.061387 0.007227 0.007820
0 0.496875 0.454082 0.007422 0.009384
0 0.235156 0.351119 0.008008 0.008863
0 0.254297 0.220524 0.006836 0.006777
0 0.685156 0.387351 0.007422 0.009384
0 0.845312 0.169434 0.008594 0.009384
0 0.728906 0.528633 0.005859 0.008863
0 0.685937 0.489011 0.007812 0.008341
0 0.722266 0.244506 0.007812 0.009123
0 0.166602 0.013424 0.006934 0.006777
0 0.184766 0.529154 0.007422 0.009384
0 0.910156 0.144410 0.007812 0.006256
0 0.198535 0.620909 0.007227 0.007299
0 0.557031 0.862287 0.008984 0.009905
0 0.123438 0.571382 0.007715 0.011469
0 0.992188 0.234861 0.007812 0.007820
0 0.123047 0.595364 0.008105 0.007820
0 0.228516 0.363109 0.006445 0.005213
0 0.146875 0.461902 0.007031 0.009384
0 0.498438 0.838305 0.008203 0.009905
0 0.928906 0.609961 0.007812 0.008863
0 0.192090 0.286212 0.008008 0.009645
0 0.341406 0.745508 0.008203 0.009905
0 0.003854 0.545316 0.006927 0.005735
0 0.096533 0.670436 0.007324 0.009905
0 0.723437 0.528633 0.008203 0.008863
0 0.115332 0.295075 0.007031 0.006256
0 0.332617 0.228344 0.008984 0.010166
0 0.497656 0.461902 0.007422 0.005735
0 0.328125 0.470243 0.007031 0.006256
0 0.179688 0.162656 0.008984 0.010687
0 0.521875 0.563562 0.007422 0.007299
0 0.585938 0.011730 0.006250 0.007168
0 0.860937 0.461902 0.007031 0.009905
0 0.009448 0.539060 0.007367 0.011469
0 0.166309 0.630293 0.005859 0.008341
0 0.916406 0.003649 0.006250 0.007168
0 0.323633 0.795556 0.007812 0.010427
0 0.885156 0.579202 0.007812 0.010427
0 0.071094 0.487969 0.006885 0.009905
0 0.903125 0.035972 0.008594 0.010557
0 0.066895 0.578681 0.005811 0.007820
0 0.984375 0.261970 0.008594 0.012512
0 0.697656 0.795556 0.009375 0.010948
0 0.623828 0.161353 0.007031 0.009384
0 0.123047 0.577638 0.007715 0.005735
0 0.141406 0.929017 0.007129 0.006256
0 0.959375 0.421238 0.008594 0.009905
0 0.286719 0.786693 0.007422 0.010427
0 0.835938 0.052394 0.007031 0.007168
0 0.542188 0.004334 0.005469 0.008667
0 0.892187 0.086802 0.006250 0.005604
0 0.284766 0.186638 0.008984 0.011209
0 0.709375 0.721526 0.005859 0.007820
0 0.135937 0.054740 0.007715 0.009384
0 0.408984 0.261449 0.007031 0.008341
0 0.708203 0.693896 0.007812 0.008341
0 0.255078 0.336782 0.006250 0.009384
0 0.960938 0.948828 0.008594 0.009384
0 0.848438 0.421238 0.007031 0.008863
0 0.629687 0.112087 0.007422 0.010166
0 0.729688 0.913377 0.006641 0.009384
0 0.015259 0.878969 0.006824 0.008863
0 0.140625 0.135547 0.008203 0.007559
0 0.823438 0.637592 0.007812 0.010427
0 0.009375 0.629250 0.007379 0.008341
0 0.535938 0.379531 0.005859 0.010427
0 0.871875 0.611004 0.008594 0.006777
0 0.716016 0.778873 0.007812 0.007820
0 0.054834 0.018507 0.008594 0.008211
0 0.278125 0.019811 0.008398 0.010036
0 0.472656 0.796599 0.007422 0.005213
0 0.804688 0.060344 0.005469 0.008602
0 0.859375 0.144410 0.008594 0.009645
0 0.760938 0.795556 0.005469 0.009905
0 0.466797 0.794513 0.008594 0.008341
0 0.172559 0.221046 0.008984 0.010427
0 0.010394 0.704844 0.007849 0.009905
0 0.996680 0.753849 0.006641 0.007299
0 0.897656 0.095143 0.007812 0.007950
0 0.557813 0.395693 0.007812 0.011469
0 0.703906 0.179078 0.007031 0.009384
0 0.946875 0.535932 0.007812 0.008341
0 0.760156 0.344602 0.007422 0.007820
0 0.610156 0.194979 0.005078 0.009123
0 0.389844 0.162396 0.007617 0.010427
0 0.647266 0.670957 0.006250 0.009384
0 0.398438 0.161874 0.006250 0.010427
0 0.909375 0.137111 0.008594 0.010687
0 0.703906 0.727782 0.007812 0.007299
0 0.647656 0.044574 0.007031 0.008211
0 0.065918 0.771574 0.007764 0.009384
0 0.759375 0.787215 0.005469 0.008341
0 0.219922 0.011209 0.007812 0.009905
0 0.853125 0.320099 0.006250 0.008602
0 0.346875 0.396214 0.006641 0.009905
0 0.928125 0.486926 0.007031 0.009384
0 0.490625 0.505694 0.007422 0.008863
0 0.196191 0.286212 0.007227 0.009645
0 0.160156 0.630814 0.007617 0.008341
0 0.004263 0.539060 0.007098 0.010948
0 0.965625 0.570340 0.007812 0.007820
0 0.234961 0.262231 0.007422 0.010948
0 0.565625 0.622473 0.008203 0.006777
0 0.772656 0.396214 0.006641 0.007820
0 0.446094 0.128770 0.007422 0.011730
0 0.632812 0.118343 0.009766 0.007559
0 0.827344 0.527590 0.007812 0.007820
0 0.466406 0.095795 0.007422 0.007559
0 0.660937 0.235643 0.006641 0.009384
0 0.022949 0.369626 0.006165 0.007038
0 0.179297 0.168912 0.008887 0.006517
0 0.759375 0.712142 0.007422 0.007820
0 0.559766 0.545837 0.007812 0.010427
0 0.810938 0.478585 0.007031 0.008341
0 0.453125 0.170476 0.005859 0.010687
0 0.072949 0.459817 0.007275 0.008341
0 0.826563 0.304198 0.007031 0.010948
0 0.854688 0.428537 0.007031 0.007299
0 0.029639 0.004431 0.006494 0.008863
0 0.728516 0.196022 0.007031 0.005995
0 0.835156 0.930060 0.009375 0.011469
0 0.803125 0.862287 0.007812 0.009905
0 0.960156 0.951956 0.007812 0.008341
0 0.147656 0.920676 0.007617 0.010427