0 0.022559 0.894609 0.007617 0.008863
0 0.004559 0.705886 0.007166 0.007820
0 0.151465 0.837263 0.008398 0.010948
0 0.496875 0.687118 0.008984 0.006777
0 0.148438 0.838305 0.008594 0.009905
0 0.364844 0.453561 0.008594 0.007299
0 0.959375 0.553657 0.008594 0.009384
0 0.009875 0.018507 0.008472 0.009384
0 0.401563 0.528633 0.008398 0.008863
0 0.204297 0.829443 0.008789 0.010427
0 0.922656 0.144410 0.007812 0.009905
0 0.991406 0.285691 0.007812 0.010166
0 0.191406 0.228605 0.008496 0.011991
0 0.347070 0.837263 0.008594 0.007820
0 0.015906 0.627686 0.008490 0.008341
0 0.866406 0.345645 0.007812 0.006517
0 0.996680 0.503609 0.006641 0.010427
0 0.229102 0.554700 0.008984 0.009905
0 0.971875 0.070510 0.008594 0.009123
0 0.953125 0.353204 0.008594 0.009905
0 0.985937 0.286473 0.005469 0.007820
0 0.197852 0.489011 0.005762 0.006777
0 0.003882 0.346687 0.007043 0.008081
0 0.510156 0.303416 0.008203 0.007559
0 0.716406 0.612046 0.008984 0.008863
0 0.917188 0.144410 0.006250 0.008602
0 0.978125 0.070380 0.006250 0.007950
0 0.995313 0.812239 0.007031 0.007820
0 0.685156 0.629772 0.008203 0.007299
0 0.221484 0.495267 0.008203 0.007299
0 0.071875 0.636549 0.007910 0.007299
0 0.378906 0.353986 0.007227 0.007038
0 0.996875 0.262231 0.005469 0.008081
0 0.361328 0.453561 0.007227 0.006777
0 0.610156 0.295075 0.008203 0.009384
0 0.959375 0.353465 0.007031 0.009905
0 0.810156 0.870107 0.007812 0.006256
0 0.984375 0.402991 0.008594 0.008341
0 0.029297 0.154315 0.007593 0.009123
0 0.934375 0.396214 0.007031 0.007820
0 0.178906 0.462423 0.007910 0.010427
0 0.141602 0.927975 0.009082 0.008341
0 0.735156 0.061908 0.008594 0.011209
0 0.790234 0.778873 0.007031 0.008863
0 0.835156 0.428537 0.007812 0.007820
0 0.978125 0.853424 0.007812 0.007299
0 0.965625 0.553657 0.005469 0.008863
0 0.717188 0.410811 0.006641 0.009905
0 0.053809 0.385787 0.008350 0.007820
0 0.090820 0.103745 0.007275 0.010427
0 0.809375 0.880012 0.007031 0.006777
0 0.672656 0.461381 0.006250 0.006256
0 0.248047 0.212183 0.008398 0.009384
0 0.166016 0.245809 0.006543 0.009905
0 0.016809 0.895652 0.005981 0.008341
0 0.853906 0.614653 0.009375 0.008341
0 0.821875 0.685554 0.008594 0.009384
0 0.821875 0.161614 0.007812 0.010166
0 0.204102 0.487969 0.007422 0.007820
0 0.472656 0.754892 0.005859 0.006777
0 0.603125 0.820580 0.007422 0.008341
0 0.929688 0.395171 0.007031 0.008863
0 0.172656 0.870107 0.005664 0.006256
0 0.598437 0.820580 0.007422 0.007299
0 0.778906 0.911292 0.008203 0.009384
0 0.496875 0.679820 0.008203 0.008863
0 0.584766 0.120168 0.008594 0.007299
0 0.915625 0.212183 0.007031 0.011209
0 0.252344 0.212183 0.007422 0.009123
0 0.857813 0.613610 0.006250 0.007299
0 0.514453 0.629772 0.007031 0.008863
0 0.721484 0.410811 0.007031 0.009384
0 0.034497 0.153794 0.005762 0.007820
0 0.147461 0.169173 0.007324 0.007820
0 0.322852 0.153794 0.009375 0.011209
0 0.203125 0.802855 0.007031 0.006777
0 0.478125 0.754370 0.007031 0.009384
0 0.679297 0.546358 0.008594 0.009384
0 0.029053 0.571382 0.007593 0.009384
0 0.129395 0.994706 0.008398 0.008341
0 0.958594 0.320621 0.006250 0.008602
0 0.903125 0.479627 0.007812 0.006777
0 0.148242 0.052915 0.007617 0.006126
0 0.979688 0.403513 0.006250 0.007820
0 0.535156 0.828400 0.007422 0.007299
0 0.358984 0.888353 0.007227 0.010948
0 0.939844 0.329483 0.007812 0.011209
0 0.817188 0.044835 0.009375 0.011860
0 0.590625 0.761669 0.008203 0.010427
0 0.034424 0.021505 0.007300 0.009384
0 0.696875 0.861765 0.008594 0.010427
0 0.340234 0.529676 0.006836 0.008341
0 0.909375 0.321142 0.007812 0.009384
0 0.004068 0.019811 0.005719 0.007299
0 0.859375 0.345123 0.005469 0.007038
0 0.722656 0.812239 0.008203 0.008863
0 0.178418 0.869585 0.007617 0.007299
0 0.135937 0.994706 0.006445 0.008341
0 0.647656 0.579724 0.008203 0.007820
0 0.973438 0.853945 0.005469 0.006256
0 0.635156 0.969682 0.008203 0.007299
0 0.190625 0.403513 0.008496 0.009905
0 0.034595 0.796599 0.006494 0.007820
0 0.578906 0.821101 0.007422 0.006256
0 0.365234 0.445219 0.007422 0.008863
0 0.910938 0.211922 0.006250 0.010948
0 0.179102 0.862287 0.007422 0.008863
0 0.446484 0.561998 0.007031 0.008863
0 0.228516 0.695981 0.008398 0.010427
0 0.160547 0.245809 0.007324 0.009905
0 0.559375 0.688161 0.008203 0.008341
0 0.552344 0.863851 0.007031 0.008341
0 0.478906 0.955084 0.008594 0.011469
0 0.878125 0.063342 0.007812 0.008732
0 0.441406 0.561998 0.007422 0.007820
0 0.909375 0.379010 0.008594 0.010427
0 0.572656 0.028152 0.008594 0.008472
0 0.428125 0.829443 0.007812 0.007299