0 0.716016 0.869585 0.008594 0.008863
0 0.578906 0.227302 0.008594 0.008602
0 0.384375 0.444177 0.008008 0.008341
0 0.172363 0.678777 0.008398 0.007820
0 0.828125 0.193936 0.008594 0.008863
0 0.441016 0.779916 0.008594 0.007299
0 0.478125 0.435835 0.008203 0.007820
0 0.397461 0.185856 0.008984 0.009384
0 0.759766 0.294293 0.007812 0.007820
0 0.441406 0.094622 0.008984 0.008602
0 0.465625 0.971767 0.007812 0.007299
0 0.522266 0.177775 0.008594 0.010948
0 0.654687 0.720484 0.007812 0.006777
0 0.284766 0.894609 0.008594 0.010427
0 0.109668 0.827879 0.008594 0.009384
0 0.284961 0.653753 0.007422 0.005735
0 0.465625 0.394129 0.008594 0.008341
0 0.766797 0.344602 0.006250 0.011209
0 0.773438 0.345645 0.007422 0.010948
0 0.528906 0.054479 0.007422 0.007690
0 0.721484 0.603705 0.007031 0.006777
0 0.915625 0.578681 0.007031 0.006777
0 0.129102 0.854988 0.007227 0.008863
0 0.083740 0.070510 0.007617 0.008863
0 0.210352 0.930060 0.008984 0.011469
0 0.341406 0.345123 0.008203 0.008602
0 0.334766 0.527590 0.008789 0.008863
0 0.609375 0.353725 0.008203 0.008341
0 0.347266 0.177514 0.007227 0.008863
0 0.328516 0.069468 0.008789 0.009384
0 0.716406 0.603705 0.006250 0.007299
0 0.778125 0.703801 0.008203 0.009905
0 0.522266 0.894609 0.007812 0.009905
0 0.591406 0.453039 0.008203 0.010427
0 0.166699 0.821101 0.008984 0.010427
0 0.048730 0.788257 0.006836 0.008863
0 0.666406 0.069598 0.008203 0.009254
0 0.090674 0.604226 0.007520 0.005213
0 0.309570 0.938401 0.007812 0.009384
0 0.971094 0.303938 0.007812 0.010166
0 0.903125 0.187159 0.008594 0.011469
0 0.715625 0.127466 0.008203 0.010427
0 0.379297 0.444177 0.006055 0.008341
0 0.892187 0.703801 0.007031 0.007299
0 0.327734 0.777831 0.008008 0.007820
0 0.404297 0.070380 0.007812 0.010036
0 0.071729 0.962383 0.007715 0.008341
0 0.202930 0.587022 0.006934 0.009905
0 0.516406 0.896173 0.006250 0.008341
0 0.247656 0.169955 0.007031 0.008081
0 0.610547 0.612046 0.007812 0.011469
0 0.154199 0.444177 0.008008 0.007299
0 0.466016 0.328180 0.007812 0.007299
0 0.341602 0.177254 0.008594 0.009645
0 0.408594 0.069859 0.007422 0.010948
0 0.359570 0.695460 0.008203 0.009384
0 0.960938 0.136590 0.005469 0.005474
0 0.017737 0.011078 0.006519 0.007820
0 0.798047 0.637070 0.008594 0.009905
0 0.228125 0.903993 0.009180 0.012512
0 0.279297 0.495267 0.007812 0.009905
0 0.378906 0.528633 0.008984 0.011991
0 0.854688 0.722048 0.008594 0.010427
0 0.803125 0.543230 0.009375 0.008863
0 0.066211 0.897216 0.006934 0.006256
0 0.560156 0.902951 0.009375 0.009384
0 0.198047 0.588065 0.007129 0.008341
0 0.903906 0.235122 0.007812 0.008602
0 0.841406 0.028022 0.007812 0.006256
0 0.034521 0.888875 0.006763 0.007299
0 0.022021 0.535932 0.006885 0.006256
0 0.204102 0.536453 0.009082 0.011469
0 0.785156 0.595364 0.008594 0.010427
0 0.960938 0.896695 0.009375 0.010948
0 0.241406 0.169955 0.007617 0.007559
0 0.170215 0.820580 0.008789 0.010948
0 0.378516 0.062690 0.007031 0.008602
0 0.541406 0.260146 0.006641 0.007820
0 0.098145 0.911292 0.006592 0.007299
0 0.213672 0.929017 0.009375 0.012512
0 0.053809 0.702237 0.007959 0.008341
0 0.310156 0.895652 0.008789 0.009384
0 0.996875 0.545316 0.005469 0.008863
0 0.546875 0.260667 0.008594 0.006256
0 0.997656 0.012773 0.004687 0.008211
0 0.835156 0.794513 0.009375 0.011469
0 0.022986 0.529676 0.007886 0.009384
0 0.995313 0.461902 0.008594 0.010427
0 0.964063 0.135547 0.008594 0.007299
0 0.278516 0.170998 0.008398 0.010166
0 0.546875 0.254932 0.007422 0.010687
0 0.671875 0.069598 0.006641 0.009123
0 0.967188 0.304980 0.005469 0.008081
0 0.004422 0.479106 0.008844 0.010427
0 0.692188 0.972810 0.005859 0.008341
0 0.346875 0.646454 0.007227 0.009905
0 0.027637 0.528633 0.007056 0.010948
0 0.657813 0.719441 0.009766 0.008341
0 0.378906 0.220003 0.007031 0.008863
0 0.165625 0.669393 0.006934 0.008863
0 0.778125 0.345123 0.007031 0.010687
0 0.135059 0.686076 0.007617 0.006777
0 0.247656 0.587022 0.009375 0.009905
0 0.053467 0.902951 0.007812 0.007820
0 0.051807 0.787215 0.008423 0.009905
0 0.603125 0.096316 0.007422 0.008602
0 0.771875 0.087454 0.008203 0.011991
0 0.541016 0.177254 0.008594 0.007559
0 0.191602 0.772617 0.007520 0.005735
0 0.622656 0.487447 0.009766 0.012512
0 0.541406 0.952999 0.008984 0.010427
0 0.791016 0.271354 0.007812 0.009384
0 0.928125 0.453039 0.007812 0.007299
0 0.122656 0.627686 0.009082 0.010948
0 0.934375 0.162656 0.007031 0.010427
0 0.628125 0.412375 0.008594 0.011469
0 0.053613 0.227302 0.007275 0.007820
0 0.396484 0.395171 0.009375 0.009384
0 0.447656 0.744986 0.007422 0.008341
0 0.123047 0.854988 0.005957 0.006777
0 0.653906 0.986364 0.007422 0.007299
0 0.398047 0.585980 0.007227 0.008863
0 0.641797 0.528633 0.007031 0.009905
0 0.528906 0.059823 0.007422 0.009123
0 0.834375 0.145974 0.007031 0.010166
0 0.178711 0.969682 0.007129 0.006256
0 0.832813 0.193936 0.010156 0.008863
0 0.753906 0.829964 0.008203 0.009384
0 0.503906 0.564605 0.006250 0.007299
0 0.566016 0.687118 0.007812 0.010427
0 0.720313 0.869585 0.010547 0.008341
0 0.609375 0.972810 0.008203 0.008341
0 0.540625 0.170998 0.007812 0.009123
0 0.101758 0.911292 0.008740 0.008341
0 0.834375 0.712142 0.008594 0.011991
0 0.528906 0.043792 0.008203 0.009254
0 0.992188 0.545837 0.007812 0.009384
0 0.803125 0.537496 0.008594 0.011469
0 0.635156 0.530197 0.006250 0.008341
0 0.079785 0.070901 0.006055 0.008211
0 0.517188 0.178296 0.005859 0.009645
0 0.115625 0.779916 0.007129 0.006777
0 0.910938 0.578681 0.005469 0.006777
0 0.128418 0.370669 0.008398 0.010166
0 0.172363 0.670436 0.008008 0.008341
0 0.153711 0.952999 0.008984 0.010427
0 0.472656 0.219482 0.008594 0.007299
0 0.108984 0.870628 0.006934 0.009384
0 0.478516 0.428537 0.008594 0.009905
0 0.286328 0.496310 0.006836 0.009905
0 0.016516 0.102181 0.007666 0.007299
0 0.703516 0.487969 0.007812 0.009905
0 0.897656 0.285170 0.009375 0.009905
0 0.636719 0.795556 0.008203 0.009905
0 0.054248 0.221828 0.006445 0.004171
0 0.589844 0.287516 0.008203 0.007299
0 0.104687 0.870628 0.005566 0.008863
0 0.740625 0.546880 0.007813 0.008341
0 0.572656 0.094231 0.009766 0.011209
0 0.121973 0.470243 0.006445 0.008341
0 0.903906 0.936316 0.009375 0.009384
0 0.421094 0.563041 0.007422 0.010948
0 0.377344 0.152230 0.007617 0.006517
0 0.252344 0.587022 0.007031 0.008863
0 0.703125 0.304459 0.007422 0.009905
0 0.514844 0.044574 0.007422 0.008732
0 0.721094 0.127206 0.007422 0.009645
0 0.591406 0.694417 0.007812 0.007820
0 0.660156 0.986364 0.007422 0.007299
0 0.923437 0.961340 0.008594 0.008341
0 0.135840 0.679820 0.008594 0.009905
0 0.085645 0.446262 0.008301 0.009905
0 0.895313 0.703801 0.007031 0.008863
0 0.365234 0.695460 0.007031 0.009905
0 0.828125 0.712664 0.005469 0.010427
0 0.695703 0.970724 0.007812 0.010427
0 0.560156 0.221046 0.008203 0.008081
0 0.453906 0.321142 0.008203 0.009905
0 0.909375 0.186638 0.007031 0.010427
0 0.722266 0.762190 0.008594 0.009905
0 0.628516 0.888353 0.007812 0.007820
0 0.510156 0.504130 0.007422 0.009384
0 0.197168 0.903993 0.007617 0.009905
0 0.928125 0.679820 0.007031 0.008341
0 0.884375 0.694938 0.008594 0.010427
0 0.478125 0.003519 0.007031 0.007038
0 0.059766 0.894609 0.004736 0.008863
0 0.078125 0.153272 0.007275 0.007559
0 0.416406 0.503609 0.007812 0.010427
0 0.716406 0.520292 0.008984 0.010948
0 0.366406 0.496310 0.008984 0.010427
0 0.691406 0.719441 0.007031 0.007299
0 0.173047 0.612046 0.008301 0.011469
0 0.797656 0.377967 0.008203 0.010427
0 0.289453 0.894609 0.008008 0.009905
0 0.291406 0.210619 0.009180 0.008341
0 0.610547 0.228866 0.007031 0.008863
0 0.771875 0.803897 0.007812 0.006777
0 0.159863 0.370669 0.008984 0.011209
0 0.272461 0.770010 0.007812 0.011469
0 0.403125 0.586501 0.007227 0.007299
0 0.760156 0.344602 0.008594 0.010427
0 0.585156 0.619866 0.009375 0.010427
0 0.241406 0.027891 0.008594 0.011339
0 0.666016 0.295075 0.007812 0.009123
0 0.097314 0.662094 0.006348 0.008863
0 0.286914 0.504651 0.007812 0.006256
0 0.203711 0.269008 0.008691 0.009384
0 0.152148 0.820580 0.007812 0.007820
0 0.191016 0.144931 0.008789 0.012251
0 0.216602 0.662616 0.007422 0.008341
0 0.721875 0.595364 0.008203 0.010427
0 0.420703 0.569297 0.009375 0.007299
0 0.184180 0.963426 0.006543 0.009384
0 0.892187 0.696502 0.007031 0.009384
0 0.858594 0.176732 0.009375 0.008081
0 0.710156 0.170998 0.006641 0.008863
0 0.648438 0.294554 0.007031 0.006777
0 0.904688 0.821623 0.008594 0.009384
0 0.908594 0.344863 0.007812 0.010427
0 0.416406 0.570340 0.006641 0.006777
0 0.585938 0.287255 0.007422 0.008081
0 0.634375 0.013033 0.006641 0.010036
0 0.904688 0.346166 0.007031 0.009123
0 0.016406 0.095404 0.007605 0.009514
0 0.327734 0.770532 0.008008 0.010948
0 0.829687 0.145192 0.006250 0.009905
0 0.896875 0.036102 0.007031 0.005995
0 0.373047 0.219482 0.006641 0.007559
0 0.289844 0.652189 0.008203 0.008341
0 0.373242 0.062560 0.006641 0.008732
0 0.559375 0.696502 0.007031 0.005735
0 0.628125 0.018768 0.007031 0.006647
0 0.034668 0.894088 0.007251 0.008341
0 0.728906 0.730389 0.006250 0.008341
0 0.078711 0.494746 0.007861 0.008341
0 0.329297 0.470765 0.007617 0.008341
0 0.428125 0.177775 0.008203 0.008602
0 0.901563 0.092797 0.008594 0.010296
0 0.445703 0.094492 0.007812 0.008863
0 0.073242 0.896695 0.005713 0.006777
0 0.135254 0.747593 0.006250 0.008341
0 0.178125 0.678777 0.007129 0.008341
0 0.765625 0.021375 0.008203 0.009384
0 0.957813 0.503609 0.007031 0.009384
0 0.703125 0.362588 0.007422 0.009905
0 0.416406 0.169955 0.007422 0.010166
0 0.203516 0.805983 0.007617 0.007820
0 0.021948 0.102963 0.007092 0.005735
0 0.240625 0.034929 0.007227 0.007950
0 0.792188 0.379010 0.005078 0.010427
0 0.903125 0.871671 0.007031 0.008863
0 0.059863 0.079634 0.008057 0.010166
0 0.954688 0.503609 0.007812 0.009384
0 0.072559 0.369626 0.008154 0.008602
0 0.154102 0.437399 0.008789 0.011469
0 0.657813 0.713185 0.007422 0.010427
0 0.916406 0.570340 0.007812 0.007820
0 0.352734 0.504651 0.006836 0.009384
0 0.703906 0.170998 0.007031 0.008081
0 0.859375 0.170476 0.008594 0.011991
0 0.259570 0.227302 0.007031 0.008081
0 0.523438 0.687640 0.006641 0.008341
0 0.990625 0.638113 0.008594 0.009905
0 0.734766 0.119386 0.007813 0.008863
0 0.446094 0.778873 0.008594 0.008341
0 0.503906 0.503609 0.006641 0.008863
0 0.940625 0.862287 0.008594 0.011991
0 0.127246 0.628729 0.007812 0.010427
0 0.797656 0.796077 0.008203 0.009384
0 0.159863 0.971767 0.008789 0.011469
0 0.104687 0.827879 0.005566 0.008341
0 0.165430 0.971767 0.006250 0.010427
0 0.342187 0.645933 0.006641 0.008341
0 0.410156 0.503609 0.006641 0.008863
0 0.296875 0.370669 0.006055 0.010427
0 0.271680 0.776788 0.008594 0.008863
0 0.467188 0.544273 0.008984 0.008341
0 0.271875 0.971767 0.007812 0.008341
0 0.857813 0.721005 0.009375 0.009384
0 0.442187 0.771574 0.009375 0.008863
0 0.771875 0.795556 0.008203 0.008341
0 0.109180 0.495267 0.007422 0.008863
0 0.703516 0.579724 0.007031 0.006777
0 0.633984 0.713185 0.007031 0.006256
0 0.416016 0.480670 0.007031 0.007820
0 0.309766 0.361806 0.008398 0.010166
0 0.348633 0.587544 0.007812 0.010427
0 0.608594 0.187680 0.007031 0.007559
0 0.122656 0.820580 0.009375 0.011991
0 0.741797 0.119907 0.007031 0.008602
0 0.360547 0.739252 0.006445 0.006777
0 0.523047 0.054088 0.006250 0.005995
0 0.165039 0.870107 0.008105 0.008341
0 0.528125 0.687640 0.006250 0.008341
0 0.060547 0.185595 0.007324 0.009123
0 0.740625 0.553136 0.007813 0.005213
0 0.353320 0.252065 0.007812 0.008341
0 0.771094 0.092797 0.008984 0.008602
0 0.148145 0.820580 0.007422 0.007820
0 0.409766 0.321142 0.007812 0.009384
0 0.341406 0.336782 0.008984 0.010166
0 0.854688 0.177254 0.006250 0.008081
0 0.996875 0.454603 0.005469 0.004692
0 0.604297 0.612046 0.007031 0.009905
0 0.191406 0.762190 0.008301 0.008863
0 0.629687 0.013033 0.008203 0.009645
0 0.766406 0.093319 0.006250 0.008602
0 0.216016 0.669393 0.006836 0.005735
0 0.222266 0.662094 0.006055 0.008863
0 0.953125 0.795035 0.007031 0.007299
0 0.553516 0.770010 0.007812 0.008341
0 0.197266 0.079243 0.007812 0.009254
0 0.110449 0.778352 0.007812 0.008341
0 0.627734 0.418110 0.008594 0.007820
0 0.760156 0.403513 0.008203 0.010427
0 0.259570 0.222088 0.006641 0.005735
0 0.048071 0.702758 0.005420 0.007820
0 0.566016 0.838827 0.007031 0.006256
0 0.579297 0.223913 0.008594 0.009384
0 0.773047 0.171519 0.007812 0.004692
0 0.904688 0.228866 0.008594 0.010166
0 0.585156 0.812239 0.007422 0.008863
0 0.810156 0.536974 0.006250 0.008863
0 0.528125 0.177775 0.008594 0.010687
0 0.332617 0.069859 0.009375 0.008993
0 0.104590 0.494225 0.007422 0.008863
0 0.140527 0.411854 0.008398 0.010427