0 0.322070 0.086281 0.007812 0.008602
0 0.029785 0.720484 0.007886 0.007299
0 0.021326 0.719441 0.007349 0.009384
0 0.129395 0.603705 0.007227 0.007299
0 0.597266 0.394129 0.008594 0.007820
0 0.117383 0.563041 0.008203 0.009384
0 0.610156 0.561998 0.007422 0.006256
0 0.478125 0.103224 0.008203 0.007429
0 0.596875 0.061257 0.007812 0.009514
0 0.015381 0.812760 0.007385 0.009384
0 0.239453 0.285691 0.007617 0.009645
0 0.133789 0.602662 0.008301 0.008341
0 0.528906 0.161614 0.008984 0.010166
0 0.010046 0.753849 0.007806 0.008863
0 0.016162 0.753849 0.006934 0.009384
0 0.871875 0.652710 0.009375 0.010427
0 0.209570 0.070119 0.008594 0.011209
0 0.291016 0.593800 0.008008 0.008341
0 0.621875 0.111044 0.008203 0.007038
0 0.121680 0.145452 0.007812 0.010166
0 0.690625 0.971767 0.007031 0.005213
0 0.602734 0.395171 0.007031 0.006256
0 0.635156 0.153272 0.007422 0.008602
0 0.978125 0.085238 0.007812 0.008993
0 0.828125 0.444177 0.008594 0.007820
0 0.840625 0.520292 0.006250 0.009905
0 0.060254 0.686597 0.007861 0.008341
0 0.685156 0.160571 0.007422 0.008081
0 0.322656 0.804940 0.008008 0.003649
0 0.378906 0.695460 0.006836 0.007820
0 0.290625 0.168391 0.008789 0.009645
0 0.283984 0.704322 0.008008 0.008341
0 0.522266 0.187680 0.008594 0.010948
0 0.166406 0.345123 0.006934 0.008081
0 0.534766 0.788257 0.009375 0.011469
0 0.260547 0.902951 0.006445 0.007299
0 0.878125 0.744986 0.008594 0.007299
0 0.703906 0.662094 0.006641 0.006256
0 0.393945 0.177514 0.009766 0.010427
0 0.996875 0.228344 0.006250 0.007299
0 0.054297 0.687118 0.005713 0.006777
0 0.835156 0.520292 0.007812 0.010427
0 0.034961 0.719441 0.006616 0.008341
0 0.641406 0.152751 0.007422 0.008081
0 0.867188 0.853945 0.007031 0.011469
0 0.860156 0.111305 0.007812 0.007820
0 0.360938 0.694417 0.006836 0.007820
0 0.817188 0.763233 0.007031 0.006256
0 0.840625 0.119907 0.007812 0.008081
0 0.567187 0.010427 0.007422 0.010557
0 0.373047 0.062560 0.008008 0.010948
0 0.859375 0.955084 0.007812 0.010427
0 0.471875 0.253890 0.007422 0.011469
0 0.091211 0.596406 0.007812 0.009905
0 0.341797 0.185856 0.008008 0.007299
0 0.703516 0.754892 0.008594 0.009384
0 0.876562 0.652710 0.008594 0.009905
0 0.327344 0.086802 0.008008 0.008211
0 0.748047 0.946743 0.008594 0.011469
0 0.383984 0.695460 0.007617 0.007299
0 0.404688 0.178036 0.009375 0.011469
0 0.016919 0.720484 0.006799 0.007820
0 0.560156 0.011078 0.007422 0.010427
0 0.873438 0.745508 0.005469 0.006256
0 0.347656 0.070380 0.009375 0.012773
0 0.817188 0.454603 0.008594 0.009384
0 0.484375 0.955084 0.008203 0.007299
0 0.703906 0.654796 0.005859 0.008863
0 0.691406 0.495267 0.008984 0.010948
0 0.734375 0.293511 0.008594 0.009123
0 0.942187 0.621430 0.007812 0.009905
0 0.909375 0.594321 0.007812 0.007299
0 0.572656 0.143888 0.009766 0.011209
0 0.441797 0.387351 0.008594 0.010427
0 0.234766 0.670436 0.007812 0.007820
0 0.371875 0.344081 0.007617 0.005735
0 0.967188 0.505694 0.007812 0.007299
0 0.616406 0.270572 0.006250 0.004171
0 0.678125 0.245548 0.007422 0.007299
0 0.109082 0.086020 0.008203 0.009775
0 0.354297 0.628729 0.007617 0.006256
0 0.215430 0.069598 0.007422 0.010687
0 0.797266 0.311758 0.007031 0.005474
0 0.628906 0.564084 0.008594 0.009905
0 0.566406 0.554178 0.008984 0.010427
0 0.603125 0.560956 0.006641 0.008863
0 0.085156 0.663137 0.007373 0.010948
0 0.653125 0.271094 0.007812 0.009384
0 0.010681 0.162135 0.007538 0.009123
0 0.710938 0.854467 0.008594 0.010427
0 0.985937 0.085759 0.007031 0.009123
0 0.403906 0.585980 0.008984 0.009905
0 0.051709 0.570340 0.007544 0.011991
0 0.467188 0.254411 0.007422 0.010687
0 0.160059 0.345123 0.007227 0.008081
0 0.834375 0.778873 0.007031 0.010948
0 0.509766 0.895652 0.007812 0.006256
0 0.240625 0.670436 0.007422 0.007299
0 0.898438 0.911292 0.009375 0.007299
0 0.840625 0.678777 0.007031 0.008341
0 0.441406 0.338346 0.008203 0.010166
0 0.016016 0.161614 0.006482 0.008602
0 0.528906 0.362849 0.007031 0.010427
0 0.703906 0.121471 0.008984 0.010948
0 0.316016 0.804419 0.006641 0.005213
0 0.154297 0.444177 0.007910 0.009905
0 0.272461 0.312279 0.005469 0.009645
0 0.453906 0.145452 0.006641 0.006517
0 0.396484 0.863329 0.008398 0.008341
0 0.316016 0.279435 0.007812 0.009123
0 0.364844 0.694417 0.008008 0.008341
0 0.928125 0.178296 0.008594 0.011991
0 0.472656 0.919633 0.008984 0.008341
0 0.447656 0.230169 0.008984 0.009905
0 0.860937 0.854467 0.007031 0.009384
0 0.751562 0.944657 0.008594 0.011469
0 0.309766 0.012512 0.008203 0.011209
0 0.565625 0.270051 0.007422 0.007820
0 0.672656 0.136590 0.007422 0.005474
0 0.916406 0.226780 0.007812 0.008081
0 0.891406 0.619866 0.007812 0.007299
0 0.684375 0.018768 0.007812 0.006777
0 0.448047 0.771574 0.007812 0.009384
0 0.541406 0.471286 0.008203 0.007820
0 0.321875 0.319578 0.008398 0.008081
0 0.209961 0.553657 0.007812 0.010427
0 0.910938 0.752806 0.007031 0.007820
0 0.678516 0.287776 0.008594 0.010687
0 0.891406 0.243984 0.007812 0.009645
0 0.135352 0.428537 0.007812 0.008863
0 0.945312 0.620909 0.007812 0.010427
0 0.591797 0.952999 0.007812 0.009384
0 0.584375 0.503087 0.007422 0.007299
0 0.158789 0.445219 0.007715 0.007820
0 0.141602 0.820059 0.008398 0.009384
0 0.841406 0.669914 0.006250 0.010427
0 0.010791 0.812239 0.006598 0.007820
0 0.714844 0.462423 0.007422 0.010427
0 0.128516 0.193415 0.008105 0.008602
0 0.264453 0.901908 0.009180 0.008341
0 0.236328 0.285170 0.009570 0.010166
0 0.585938 0.661573 0.008203 0.008341
0 0.204102 0.344081 0.009766 0.011730
0 0.821875 0.445219 0.007031 0.006777
0 0.361133 0.688161 0.007422 0.011991
0 0.472656 0.229908 0.008203 0.010687
0 0.415625 0.920676 0.008594 0.010427
0 0.865625 0.510386 0.010156 0.009384
0 0.915625 0.752806 0.007812 0.008341
0 0.928906 0.712142 0.007812 0.008863
0 0.366211 0.452518 0.007812 0.010948
0 0.992188 0.654796 0.008594 0.009384
0 0.117188 0.145452 0.006348 0.008602
0 0.697656 0.303416 0.007812 0.010687
0 0.291016 0.144410 0.009570 0.012251
0 0.490625 0.179078 0.009375 0.009384
0 0.853906 0.821623 0.007812 0.009905
0 0.354297 0.104527 0.009180 0.011078
0 0.279297 0.445219 0.008203 0.009905
0 0.408594 0.769489 0.008203 0.008863
0 0.541406 0.346427 0.007422 0.009384
0 0.122461 0.319317 0.009277 0.006777
0 0.940625 0.626644 0.007031 0.008341
0 0.141113 0.370669 0.008594 0.011469
0 0.653125 0.278392 0.007422 0.005474
0 0.322070 0.279435 0.006641 0.008863
0 0.603906 0.403513 0.007422 0.008341
0 0.266406 0.112087 0.006836 0.005995
0 0.341797 0.536974 0.007227 0.009905
0 0.697656 0.662094 0.007422 0.007820
0 0.678125 0.354247 0.007422 0.010427
0 0.490625 0.846647 0.007422 0.007820
0 0.685156 0.152751 0.007812 0.010687
0 0.128613 0.561477 0.006836 0.008341
0 0.696875 0.494746 0.006641 0.009384
0 0.372266 0.338867 0.008008 0.008863
0 0.884375 0.677734 0.008594 0.006256
0 0.241992 0.293511 0.006641 0.008341
0 0.265039 0.896695 0.007812 0.013033
0 0.053125 0.676170 0.007471 0.009384
0 0.829688 0.311236 0.007812 0.010427
0 0.878125 0.428537 0.008594 0.009905
0 0.621875 0.269008 0.008203 0.007038
0 0.354297 0.479627 0.007617 0.010948
0 0.341211 0.446262 0.008203 0.008863
0 0.410547 0.837263 0.007031 0.009905
0 0.453125 0.503609 0.007422 0.009905
0 0.253711 0.720484 0.008594 0.010948
0 0.653516 0.812239 0.007031 0.005735
0 0.234766 0.296639 0.007422 0.006256
0 0.429688 0.803897 0.008984 0.010948
0 0.128320 0.187680 0.007812 0.008602
0 0.428906 0.020202 0.009375 0.012773
0 0.616016 0.561477 0.006250 0.007299
0 0.892187 0.453561 0.007031 0.009905
0 0.272656 0.528112 0.009180 0.011469
0 0.283984 0.679298 0.006445 0.010427
0 0.703125 0.127206 0.007422 0.006517
0 0.978125 0.294554 0.007031 0.005995
0 0.565234 0.286734 0.006250 0.010427
0 0.646875 0.781480 0.007812 0.007299
0 0.628125 0.568254 0.007812 0.008341
0 0.227539 0.253368 0.007422 0.010166
0 0.691406 0.313061 0.007031 0.007299
0 0.540625 0.086932 0.008203 0.007820
0 0.451563 0.769489 0.008203 0.009905
0 0.746875 0.313322 0.006641 0.009384
0 0.879688 0.678256 0.007031 0.007299
0 0.592188 0.060735 0.005469 0.009514
0 0.273047 0.320621 0.006641 0.005995
0 0.897656 0.245548 0.007812 0.008341
0 0.190430 0.177514 0.008105 0.007299
0 0.653906 0.476499 0.008203 0.007820
0 0.478906 0.229126 0.006250 0.009905
0 0.278125 0.319578 0.007422 0.007559
0 0.717188 0.304459 0.008594 0.011209
0 0.884375 0.360242 0.008594 0.009384
0 0.284570 0.845604 0.007031 0.007299
0 0.207813 0.344341 0.008008 0.010948
0 0.735156 0.079243 0.008984 0.010166
0 0.603125 0.552614 0.006641 0.009905
0 0.390625 0.595885 0.008398 0.011469
0 0.903125 0.511950 0.008594 0.011991
0 0.860937 0.103745 0.008594 0.011339
0 0.647656 0.578681 0.007422 0.008863
0 0.710156 0.653753 0.008203 0.009384
0 0.428516 0.654796 0.008594 0.009905
0 0.222656 0.913377 0.007812 0.011469
0 0.404688 0.769489 0.007031 0.008341
0 0.660156 0.804940 0.007422 0.010427
0 0.678125 0.212183 0.008594 0.007559
0 0.391797 0.154315 0.009375 0.010427
0 0.865625 0.227562 0.008594 0.008863
0 0.610547 0.553657 0.007812 0.009384
0 0.191602 0.461902 0.006055 0.006256
0 0.146289 0.820580 0.006934 0.008341
0 0.196680 0.195240 0.007422 0.009384
0 0.797656 0.578160 0.007422 0.006256
0 0.446875 0.337303 0.006641 0.009123
0 0.622656 0.262231 0.008203 0.011209
0 0.458984 0.144931 0.007812 0.007038
0 0.584766 0.545316 0.008594 0.011991
0 0.684766 0.246070 0.007031 0.006777
0 0.803125 0.354247 0.007812 0.008863
0 0.597656 0.962383 0.008203 0.008341
0 0.597266 0.955084 0.006250 0.008341
0 0.096094 0.596406 0.006494 0.009905
0 0.334766 0.536974 0.007617 0.009384
0 0.166504 0.061387 0.007227 0.008341
0 0.223047 0.253890 0.008984 0.010166
0 0.110156 0.561998 0.006934 0.007820
0 0.928125 0.136590 0.008594 0.011209
0 0.560938 0.286734 0.007422 0.009905
0 0.517188 0.187159 0.006250 0.009384
0 0.403125 0.837263 0.007812 0.010427
0 0.079102 0.663137 0.006787 0.009905
0 0.890625 0.238250 0.007031 0.006517
0 0.995313 0.653753 0.007031 0.008863
0 0.741797 0.312800 0.007031 0.009123
0 0.695312 0.961340 0.007422 0.011469
0 0.322656 0.811196 0.008594 0.008341
0 0.970312 0.504651 0.008594 0.008341
0 0.854688 0.955084 0.006250 0.010427
0 0.435156 0.386830 0.005859 0.009905
0 0.991406 0.361806 0.009375 0.011469
0 0.746875 0.952999 0.007422 0.007299
0 0.347461 0.076115 0.008594 0.008211
0 0.322656 0.796077 0.008008 0.010427
0 0.341016 0.120428 0.007812 0.009645
0 0.540625 0.313322 0.007812 0.010166
0 0.358203 0.104788 0.007812 0.010687
0 0.184863 0.511950 0.006641 0.006777
0 0.909375 0.612046 0.007031 0.008341
0 0.791406 0.310976 0.006641 0.007299
0 0.685547 0.012773 0.009375 0.011730
0 0.707812 0.120950 0.007422 0.010166
0 0.865625 0.505694 0.008594 0.007299
0 0.698438 0.429579 0.008203 0.008341
0 0.798437 0.353465 0.006641 0.008863
0 0.527344 0.469201 0.008203 0.007820
0 0.216406 0.912335 0.007812 0.010427
0 0.603906 0.769489 0.008984 0.009905
0 0.678906 0.445741 0.008203 0.011469
0 0.966406 0.554700 0.007812 0.010427
0 0.141992 0.428537 0.007910 0.010948
0 0.759766 0.993663 0.007031 0.010427
0 0.403906 0.172040 0.007031 0.004692
0 0.538281 0.788257 0.009375 0.010948
0 0.466797 0.320360 0.007812 0.005735
0 0.283203 0.754892 0.007227 0.006777
0 0.252930 0.727261 0.008594 0.008341
0 0.465625 0.412897 0.007422 0.010948
0 0.829687 0.453561 0.008594 0.008863
0 0.247656 0.828921 0.009570 0.010427
0 0.116406 0.794513 0.010254 0.011991
0 0.260937 0.896695 0.006836 0.010948
0 0.797656 0.437921 0.007422 0.008863
0 0.248242 0.511950 0.008203 0.010948
0 0.553125 0.638113 0.008203 0.009905
0 0.104883 0.086281 0.006152 0.009123
0 0.353125 0.620909 0.007617 0.010427
0 0.341406 0.403513 0.008008 0.009905
0 0.916406 0.727782 0.006250 0.007820
0 0.748438 0.828921 0.008203 0.010948
0 0.247266 0.287776 0.007227 0.008863
0 0.878906 0.594321 0.009375 0.010948
0 0.752344 0.828921 0.008203 0.010948
0 0.947656 0.852903 0.009375 0.009905
0 0.567187 0.245288 0.008203 0.010948
0 0.896875 0.838827 0.007031 0.010427
0 0.465625 0.312540 0.008984 0.009905
0 0.590625 0.478585 0.008203 0.010948
0 0.754688 0.011991 0.008984 0.010818
0 0.478516 0.919633 0.006250 0.008341
0 0.821875 0.911292 0.006250 0.009384
0 0.996875 0.220003 0.006250 0.007038
0 0.797656 0.304980 0.006641 0.008341
0 0.672656 0.653753 0.008594 0.009905
0 0.716797 0.309412 0.007812 0.009384
0 0.166211 0.487969 0.008105 0.009905
0 0.697656 0.654796 0.008203 0.007820
0 0.674219 0.129291 0.008984 0.011209
0 0.953125 0.978023 0.007812 0.011469
0 0.359375 0.961340 0.007422 0.006256
0 0.305078 0.011730 0.006445 0.010296
0 0.684375 0.354768 0.007031 0.008863
0 0.946875 0.961340 0.007812 0.007299
0 0.503906 0.963426 0.007422 0.009384
0 0.464844 0.053958 0.007812 0.012642
0 0.733984 0.120950 0.007031 0.010948
0 0.117383 0.553657 0.008105 0.007820
0 0.942188 0.919633 0.007031 0.008341
0 0.122852 0.854467 0.007617 0.006256
0 0.496094 0.837263 0.006641 0.004692
0 0.917188 0.720484 0.007031 0.007299
0 0.565234 0.278914 0.005469 0.003910
0 0.654297 0.471286 0.009375 0.011991
0 0.060254 0.645412 0.009229 0.011991
0 0.910156 0.727782 0.006250 0.007820
0 0.522656 0.369105 0.006641 0.006517
0 0.860937 0.304459 0.008594 0.010166
0 0.490625 0.838305 0.006641 0.006256
0 0.360547 0.453561 0.006055 0.008863
0 0.266211 0.120428 0.007031 0.007559
0 0.072119 0.621430 0.007617 0.009905
0 0.541406 0.288037 0.007812 0.009905
0 0.878906 0.360242 0.006250 0.009645
0 0.279687 0.754370 0.007031 0.007299
0 0.553906 0.752806 0.008203 0.010427
0 0.135254 0.194197 0.006836 0.007299
0 0.830469 0.778873 0.006250 0.009905
0 0.353711 0.688161 0.007812 0.009384
0 0.134180 0.279696 0.008105 0.009905
0 0.623438 0.563041 0.007031 0.007820
0 0.279297 0.452518 0.008008 0.005735
0 0.433594 0.654796 0.005859 0.008863
0 0.860156 0.218700 0.006250 0.007299
0 0.835156 0.620909 0.007812 0.009384
0 0.623047 0.569297 0.005469 0.007820
0 0.883594 0.671478 0.007812 0.011469
0 0.273633 0.579202 0.008203 0.007299
0 0.560156 0.293250 0.007031 0.008341
0 0.267383 0.311758 0.007812 0.008081
0 0.407813 0.178818 0.008203 0.011730
0 0.395703 0.153794 0.007227 0.009384
0 0.579297 0.503609 0.006250 0.006256
0 0.579297 0.553136 0.004687 0.006256
0 0.408594 0.587022 0.008203 0.009905
0 0.523047 0.470243 0.007031 0.007820
0 0.246875 0.293511 0.007617 0.007559
0 0.541406 0.293772 0.007812 0.007820
0 0.591406 0.486926 0.007422 0.005213
0 0.567187 0.004953 0.007031 0.004301
0 0.622656 0.103485 0.009375 0.009775
0 0.282813 0.445219 0.007812 0.008863
0 0.280469 0.703801 0.007031 0.008341
0 0.178613 0.746550 0.008008 0.009384
0 0.272852 0.122514 0.006641 0.006777
0 0.391406 0.487969 0.008008 0.008863
0 0.817969 0.753849 0.007812 0.010948
0 0.321875 0.313322 0.008008 0.009384
0 0.342187 0.177775 0.008594 0.010687
0 0.828125 0.330005 0.007031 0.008602
0 0.141895 0.895652 0.007617 0.009384
0 0.834375 0.627686 0.007812 0.007299
0 0.523047 0.362849 0.006250 0.009645
0 0.204297 0.554178 0.007617 0.009384
0 0.717188 0.555221 0.006641 0.008341
0 0.341406 0.410811 0.008008 0.008341
0 0.896875 0.620909 0.007031 0.006256
0 0.192578 0.194458 0.007031 0.008602
0 0.271875 0.103224 0.007031 0.007559
0 0.347656 0.411854 0.006445 0.006256
0 0.440625 0.343559 0.008203 0.007038
0 0.378516 0.338346 0.006445 0.009384
0 0.446875 0.234600 0.007812 0.008602
0 0.748438 0.796599 0.007422 0.009384
0 0.134375 0.285691 0.008008 0.006517
0 0.923437 0.178296 0.007031 0.010687
0 0.740234 0.512993 0.007031 0.010427
0 0.251563 0.511950 0.008008 0.011469
0 0.510156 0.888353 0.008203 0.007820
0 0.224414 0.302895 0.009375 0.009645
0 0.591406 0.419674 0.008203 0.008341
0 0.566406 0.254932 0.007031 0.003910
0 0.879688 0.737166 0.008594 0.009905
0 0.721094 0.555221 0.007031 0.009384
0 0.128613 0.854988 0.006445 0.006256
0 0.892187 0.839348 0.005469 0.008863
0 0.066943 0.237989 0.005859 0.004692
0 0.710156 0.963426 0.007422 0.011469
0 0.578516 0.744465 0.007031 0.008341
0 0.945312 0.919633 0.008594 0.009384
0 0.602344 0.387873 0.006641 0.008863
0 0.291211 0.163960 0.008203 0.007820
0 0.896875 0.905036 0.008594 0.010427
0 0.285742 0.453561 0.005859 0.006777
0 0.146582 0.795556 0.007031 0.009384
0 0.428125 0.810153 0.009766 0.008863
0 0.492188 0.595364 0.006250 0.006777