0 0.622656 0.613089 0.007422 0.008341
0 0.617188 0.613089 0.008203 0.006777
0 0.029565 0.070901 0.008691 0.009905
0 0.735938 0.828921 0.005859 0.007820
0 0.310156 0.345123 0.009180 0.011730
0 0.378516 0.736124 0.008984 0.008863
0 0.859375 0.402470 0.007812 0.009905
0 0.739453 0.827879 0.008594 0.007820
0 0.379102 0.062299 0.008203 0.010557
0 0.747656 0.588065 0.008984 0.011469
0 0.566797 0.728825 0.007031 0.008341
0 0.942188 0.162135 0.007031 0.009645
0 0.253516 0.104788 0.008008 0.010818
0 0.178516 0.177254 0.007520 0.006777
0 0.940625 0.653232 0.008594 0.011469
0 0.571875 0.728825 0.007422 0.007820
0 0.204688 0.259624 0.008984 0.009645
0 0.597656 0.070641 0.008984 0.012382
0 0.184766 0.171519 0.007715 0.010166
0 0.266602 0.535932 0.008984 0.009905
0 0.834375 0.410811 0.007812 0.007820
0 0.228711 0.096186 0.007812 0.010948
0 0.029297 0.135547 0.007422 0.007559
0 0.440625 0.144410 0.008203 0.010687
0 0.840625 0.818495 0.008594 0.007820
0 0.265820 0.178818 0.007422 0.007299
0 0.934375 0.161092 0.007812 0.008602
0 0.854688 0.402470 0.007031 0.009384
0 0.179297 0.171519 0.007422 0.010166
0 0.441016 0.093319 0.007812 0.008211
0 0.303906 0.210619 0.007031 0.007038
0 0.278125 0.895652 0.006641 0.008341
0 0.228125 0.930060 0.007617 0.009384
0 0.521875 0.612046 0.007812 0.010948
0 0.491406 0.045356 0.009375 0.012382
0 0.322852 0.329483 0.008984 0.009645
0 0.259766 0.712664 0.008008 0.009384
0 0.303906 0.653753 0.008789 0.011991
0 0.297461 0.496310 0.007422 0.010427
0 0.473437 0.654796 0.007422 0.008863
0 0.110156 0.727782 0.009766 0.010948
0 0.751953 0.587022 0.008594 0.011469
0 0.154004 0.677734 0.008203 0.008341
0 0.360156 0.071423 0.008984 0.010557
0 0.447656 0.087845 0.006250 0.007559
0 0.616797 0.604748 0.009375 0.011469
0 0.029395 0.128770 0.007886 0.009645
0 0.477734 0.654796 0.007031 0.009384
0 0.842188 0.536974 0.008594 0.008863
0 0.753906 0.111826 0.007422 0.010427
0 0.183887 0.371711 0.008398 0.010166
0 0.266406 0.152230 0.010352 0.011730
0 0.185645 0.176732 0.007031 0.007038
0 0.448438 0.094361 0.006641 0.006386
0 0.223047 0.096056 0.008008 0.011209
0 0.697266 0.187420 0.007812 0.011469
0 0.441406 0.088105 0.007812 0.008211
0 0.609766 0.094883 0.007031 0.008472
0 0.347266 0.629772 0.008398 0.010948
0 0.610547 0.477542 0.008594 0.008863
0 0.491406 0.877927 0.007422 0.008341
0 0.040723 0.621430 0.005542 0.004171
0 0.027881 0.461902 0.007300 0.010427
0 0.772266 0.136590 0.007031 0.008081
0 0.946875 0.978023 0.007812 0.009384
0 0.541406 0.411854 0.008984 0.009905
0 0.846094 0.537496 0.007812 0.007299
0 0.248438 0.104267 0.006836 0.010166
0 0.648438 0.678777 0.007812 0.008341
0 0.879688 0.202799 0.007031 0.005995
0 0.621875 0.069859 0.008203 0.007950
0 0.364063 0.071292 0.007227 0.009384
0 0.396875 0.203060 0.007617 0.008341
0 0.171289 0.394650 0.007129 0.008341
0 0.341016 0.896695 0.007422 0.009905
0 0.151758 0.820580 0.008301 0.011991
0 0.540625 0.404555 0.007812 0.008863
0 0.223047 0.930060 0.006836 0.010427
0 0.678906 0.194458 0.008203 0.007559
0 0.852344 0.471807 0.007812 0.009384
0 0.491406 0.050830 0.008594 0.008211
0 0.166406 0.838305 0.007031 0.009384
0 0.840625 0.814845 0.008594 0.007299
0 0.691406 0.186638 0.007812 0.011209
0 0.735156 0.043922 0.008984 0.007559
0 0.840625 0.978023 0.007031 0.008341
0 0.459375 0.762191 0.007031 0.007820
0 0.265625 0.170476 0.007227 0.007038
0 0.246875 0.769489 0.009570 0.011991
0 0.766797 0.593278 0.007812 0.008863
0 0.947656 0.161874 0.006250 0.010427
0 0.435938 0.144410 0.007031 0.009645
0 0.165918 0.746029 0.007812 0.009384
0 0.822656 0.059953 0.007812 0.007690
0 0.291992 0.496310 0.006641 0.009905
0 0.753906 0.118864 0.007422 0.006777
0 0.758594 0.112608 0.007422 0.011209
0 0.147461 0.254411 0.007520 0.010687
0 0.884375 0.137632 0.007031 0.009384
0 0.261523 0.536453 0.007812 0.007299
0 0.159180 0.211662 0.007129 0.009645
0 0.308203 0.653753 0.008398 0.011469
0 0.392188 0.203060 0.006055 0.007820
0 0.516406 0.235643 0.008594 0.008602
0 0.823438 0.054479 0.007812 0.009514
0 0.272461 0.022417 0.007812 0.008341
0 0.603906 0.477542 0.006641 0.008863