0 0.078564 0.752806 0.008594 0.008863
0 0.853125 0.485883 0.008594 0.009384
0 0.993750 0.005474 0.010156 0.010818
0 0.578906 0.263534 0.006250 0.008341
0 0.396875 0.295075 0.008789 0.007299
0 0.021863 0.561998 0.007251 0.005735
0 0.360352 0.863329 0.006250 0.006777
0 0.128906 0.762191 0.008887 0.007820
0 0.510156 0.152490 0.008594 0.010948
0 0.378906 0.494225 0.009570 0.009905
0 0.510938 0.587544 0.006250 0.007299
0 0.947656 0.862287 0.007812 0.009905
0 0.514453 0.586501 0.008594 0.008341
0 0.372656 0.545316 0.007422 0.010427
0 0.991406 0.008602 0.009375 0.009905
0 0.583984 0.262231 0.007031 0.008341
0 0.359570 0.853945 0.006641 0.009905
0 0.771875 0.036493 0.008203 0.010296
0 0.467188 0.419674 0.007422 0.009384
0 0.448438 0.028673 0.008203 0.009645
0 0.403906 0.485362 0.008984 0.009384
0 0.171289 0.203581 0.007324 0.009905
0 0.366797 0.863329 0.008008 0.008863
0 0.366602 0.546358 0.007031 0.010427
0 0.892187 0.986364 0.010156 0.011469
0 0.579297 0.251804 0.007812 0.009905
0 0.447656 0.178557 0.008203 0.008341
0 0.247656 0.419153 0.008789 0.009905
0 0.672266 0.978023 0.007812 0.008341
0 0.996875 0.010166 0.006250 0.007038
0 0.834375 0.963426 0.008594 0.010427
0 0.953125 0.862287 0.007031 0.009905
0 0.147266 0.771053 0.008496 0.011469
0 0.291016 0.077288 0.006836 0.006517
0 0.467187 0.887832 0.009766 0.011469
0 0.039648 0.153794 0.007056 0.011209
0 0.447266 0.821623 0.007031 0.009905
0 0.840625 0.537496 0.007031 0.008341
0 0.355078 0.854988 0.008789 0.009905
0 0.141016 0.026849 0.009668 0.008472
0 0.253711 0.895131 0.008984 0.010427
0 0.514453 0.152751 0.007812 0.009905
0 0.483203 0.411854 0.008594 0.006777
0 0.029199 0.872192 0.008032 0.009384
0 0.485156 0.963426 0.008203 0.011469
0 0.284570 0.178296 0.008203 0.011209
0 0.240625 0.588065 0.007031 0.009384
0 0.428125 0.028543 0.007812 0.010166
0 0.516016 0.110784 0.007812 0.007820
0 0.167187 0.203842 0.007715 0.009123
0 0.297266 0.070901 0.006445 0.009514
0 0.353516 0.861765 0.007617 0.006256
0 0.408594 0.485883 0.007031 0.008863
0 0.109082 0.729868 0.007422 0.007820
0 0.036279 0.153794 0.007495 0.010166
0 0.391992 0.020071 0.009375 0.012121
0 0.896875 0.203060 0.007031 0.010948
0 0.857813 0.485883 0.009375 0.008341
0 0.272266 0.061908 0.008789 0.009645
0 0.873438 0.394129 0.006250 0.006777
0 0.615625 0.302374 0.008203 0.009384
0 0.098145 0.362327 0.008789 0.010427
0 0.334375 0.496310 0.007617 0.008863
0 0.147656 0.310715 0.007910 0.007820
0 0.277344 0.196022 0.006250 0.009123
0 0.028662 0.876884 0.007739 0.008341
0 0.584375 0.252847 0.007422 0.007559
0 0.209180 0.245548 0.007422 0.008602
0 0.876562 0.394129 0.008594 0.007299
0 0.003964 0.346687 0.007928 0.006517
0 0.510547 0.455125 0.007812 0.008341
0 0.479688 0.411854 0.007422 0.007299
0 0.840625 0.963426 0.007031 0.009384
0 0.272656 0.330265 0.006836 0.007820
0 0.778516 0.036754 0.007031 0.010036
0 0.621875 0.789300 0.005859 0.007299
0 0.254102 0.670957 0.008203 0.011469
0 0.115723 0.220785 0.007422 0.007820
0 0.629687 0.143888 0.008203 0.009645
0 0.877344 0.387351 0.006250 0.010427
0 0.022363 0.535932 0.007922 0.006777
0 0.335156 0.812760 0.008984 0.011469
0 0.542578 0.237207 0.009375 0.011730
0 0.460156 0.420195 0.005859 0.008863
0 0.917188 0.713185 0.006250 0.008341
0 0.104687 0.729346 0.006934 0.009384
0 0.667188 0.762190 0.008984 0.010948
0 0.292188 0.070641 0.008398 0.009514
0 0.853125 0.011209 0.008594 0.006908
0 0.653906 0.327659 0.008203 0.008341
0 0.397266 0.288298 0.008008 0.009123
0 0.892187 0.202799 0.008594 0.011209
0 0.502344 0.510907 0.007031 0.009905
0 0.541016 0.902951 0.007031 0.007299
0 0.022705 0.553657 0.008496 0.008863