0 0.015088 0.528633 0.008917 0.006777
0 0.428516 0.678777 0.007812 0.006777
0 0.265820 0.052915 0.008203 0.008602
0 0.384375 0.838305 0.007812 0.006777
0 0.798437 0.870628 0.006641 0.007299
0 0.878125 0.913377 0.008594 0.009384
0 0.984375 0.895652 0.007812 0.006777
0 0.801562 0.869585 0.009766 0.007820
0 0.959375 0.029455 0.007031 0.010166
0 0.283789 0.853424 0.007031 0.008341
0 0.814063 0.445219 0.007812 0.010948
0 0.621875 0.713185 0.008203 0.008863
0 0.979688 0.894609 0.005469 0.008341
0 0.821094 0.370147 0.007812 0.010166
0 0.809375 0.186116 0.007812 0.006517
0 0.503125 0.528633 0.006641 0.009905
0 0.465625 0.745508 0.007422 0.007820
0 0.578906 0.427494 0.007812 0.007820