0 0.410156 0.486926 0.009766 0.011991
0 0.721875 0.404555 0.007812 0.006777
0 0.578906 0.345384 0.008594 0.010427
0 0.413281 0.485883 0.009375 0.011469
0 0.584375 0.344341 0.006641 0.009905
0 0.377344 0.713185 0.007227 0.008863
0 0.778906 0.327919 0.008203 0.007820
0 0.329492 0.543230 0.008984 0.008863
0 0.553906 0.171519 0.008203 0.009123
0 0.717187 0.404555 0.005859 0.006777
0 0.416797 0.312018 0.008594 0.009384
0 0.996875 0.804940 0.005469 0.006777
0 0.791797 0.952999 0.006250 0.007299
0 0.472266 0.379531 0.007812 0.008863
0 0.608984 0.604748 0.007031 0.004692
0 0.523047 0.269530 0.008594 0.006777
0 0.854688 0.018377 0.007031 0.009123
0 0.466016 0.720484 0.009375 0.012512
0 0.253320 0.421238 0.007422 0.007299
0 0.015588 0.686076 0.008881 0.007820
0 0.558203 0.170737 0.007812 0.007820
0 0.373438 0.712664 0.006641 0.008341
0 0.539844 0.828921 0.007422 0.010948