0 0.479297 0.605790 0.007031 0.008863
0 0.483984 0.604748 0.007812 0.009905
0 0.546875 0.769489 0.008203 0.007299
0 0.541797 0.769489 0.005469 0.008341
0 0.064355 0.954041 0.007861 0.012512
0 0.653906 0.804940 0.007422 0.010427
0 0.735547 0.320360 0.007812 0.007299
0 0.659766 0.803897 0.007031 0.010948
0 0.834375 0.737166 0.007031 0.009905
0 0.828906 0.737166 0.007812 0.008863
0 0.733594 0.927975 0.008984 0.009384
0 0.409766 0.377446 0.008594 0.008341
0 0.191016 0.796599 0.007422 0.009905
0 0.121289 0.278914 0.006934 0.011469
0 0.792188 0.595364 0.007422 0.007820
0 0.228516 0.187420 0.008008 0.009905
0 0.759375 0.496310 0.005078 0.005735
0 0.061279 0.955084 0.008008 0.011469
0 0.004266 0.354768 0.007068 0.005735
0 0.603125 0.335739 0.007812 0.008081
0 0.610938 0.770532 0.007422 0.007299
0 0.315820 0.472329 0.008203 0.007820
0 0.259766 0.353465 0.007031 0.010166
0 0.672656 0.201756 0.008984 0.008602
0 0.709375 0.311758 0.009766 0.011209
0 0.316797 0.388915 0.007617 0.003649
0 0.659766 0.621430 0.008594 0.009905
0 0.785156 0.478585 0.006641 0.005735
0 0.823438 0.886789 0.008594 0.008341
0 0.591406 0.497353 0.006250 0.007820
0 0.747266 0.546358 0.007812 0.008863
0 0.491016 0.960297 0.007812 0.008341
0 0.997656 0.387873 0.004687 0.007820
0 0.254297 0.353465 0.008008 0.009905
0 0.940625 0.118604 0.008594 0.008863
0 0.259766 0.604748 0.008008 0.008863
0 0.616797 0.552614 0.006250 0.007820
0 0.604297 0.103745 0.007031 0.008602
0 0.403906 0.135547 0.009180 0.009384
0 0.953125 0.029195 0.007031 0.010036
0 0.478516 0.609961 0.007031 0.008863
0 0.467187 0.354507 0.009766 0.011730
0 0.358984 0.905036 0.007031 0.008863
0 0.190430 0.346166 0.007324 0.008081
0 0.716016 0.828921 0.007031 0.008341
0 0.096533 0.651668 0.008301 0.008863
0 0.540625 0.069598 0.007422 0.010296
0 0.153320 0.695460 0.009082 0.011991
0 0.322070 0.255975 0.007422 0.007820
0 0.185547 0.796599 0.005762 0.008863
0 0.209766 0.864372 0.006445 0.006777
0 0.622656 0.552614 0.007031 0.008863
0 0.609375 0.104267 0.006641 0.009254
0 0.828125 0.886789 0.007031 0.008341
0 0.921875 0.260667 0.007031 0.007559
0 0.934375 0.778873 0.010156 0.011469