0 0.878906 0.469201 0.007812 0.009905
0 0.666406 0.620388 0.008984 0.011469
0 0.679688 0.837263 0.007422 0.008341
0 0.509766 0.093579 0.008594 0.009254
0 0.803906 0.377446 0.009375 0.010948
0 0.553906 0.561998 0.007812 0.006777
0 0.745703 0.435835 0.008594 0.008863
0 0.683594 0.835177 0.008984 0.009905
0 0.742969 0.436878 0.005859 0.007820
0 0.289648 0.128509 0.008594 0.010427
0 0.807813 0.377446 0.008594 0.010948
0 0.516016 0.093319 0.007812 0.009384
0 0.639844 0.913377 0.007812 0.011469
0 0.328906 0.496310 0.008984 0.011469
0 0.995313 0.112087 0.007812 0.010427
0 0.354297 0.922761 0.007617 0.008341
0 0.285938 0.128770 0.007227 0.010427
0 0.840625 0.153272 0.008594 0.011730
0 0.172266 0.779916 0.008496 0.010427
0 0.359375 0.921719 0.007227 0.009384
0 0.340625 0.746029 0.008398 0.011469
0 0.189258 0.719962 0.008203 0.011469
0 0.873438 0.470243 0.007031 0.008341
0 0.996875 0.571382 0.005469 0.007820
0 0.366797 0.012251 0.007617 0.007038
0 0.591797 0.595364 0.008594 0.009905
0 0.416797 0.069077 0.007812 0.010036
0 0.635938 0.913377 0.007422 0.010427
0 0.785156 0.963426 0.008203 0.011469
0 0.441016 0.254411 0.008594 0.011730
0 0.072412 0.768968 0.008398 0.007299
0 0.158984 0.619866 0.007520 0.010427
0 0.553125 0.120428 0.008203 0.011209
0 0.371484 0.486405 0.008008 0.011469
0 0.020728 0.888353 0.008167 0.009905
0 0.816406 0.178296 0.009375 0.011209
0 0.610156 0.694417 0.008203 0.010948
0 0.434766 0.746550 0.007812 0.009905
0 0.472266 0.069077 0.007812 0.007299
0 0.960156 0.453561 0.006250 0.004692
0 0.017603 0.888353 0.007520 0.009905
0 0.164258 0.952999 0.008105 0.011469
0 0.371680 0.011730 0.007422 0.007429
0 0.595313 0.595364 0.008203 0.010427
0 0.783203 0.838305 0.007812 0.011991
0 0.503906 0.835699 0.008203 0.007299
0 0.028003 0.505694 0.007581 0.009905
0 0.465625 0.963426 0.008594 0.010427
0 0.678125 0.545837 0.007812 0.009384
0 0.901563 0.204363 0.007812 0.008863
0 0.782031 0.229387 0.008594 0.011209
0 0.840625 0.779395 0.007031 0.004171
0 0.503906 0.829443 0.008984 0.011469
0 0.222656 0.569297 0.008594 0.009905
0 0.845312 0.153272 0.008594 0.010948
0 0.071973 0.361806 0.007031 0.008341
0 0.557813 0.561477 0.009766 0.007299
0 0.203516 0.035320 0.009082 0.010948
0 0.778906 0.843519 0.007422 0.008863
0 0.780078 0.837784 0.007812 0.011469
0 0.603906 0.694938 0.006641 0.010427
0 0.882031 0.469201 0.009375 0.009384
0 0.846875 0.268748 0.008594 0.008341
0 0.023157 0.504651 0.006909 0.009384
0 0.367578 0.486926 0.007227 0.010427
0 0.909375 0.628729 0.008594 0.008341
0 0.135254 0.136068 0.007227 0.007038
0 0.327344 0.653753 0.007617 0.007820
0 0.453125 0.028543 0.005078 0.007820
0 0.114844 0.137111 0.008105 0.006517
0 0.778906 0.235122 0.007422 0.007299
0 0.684375 0.387873 0.007812 0.009905
0 0.854688 0.905036 0.006250 0.009384
0 0.720313 0.713185 0.006641 0.009384
0 0.346484 0.745508 0.007031 0.010427
0 0.153809 0.745508 0.007031 0.009905
0 0.391211 0.711100 0.008203 0.008863
0 0.198340 0.728825 0.007227 0.008341
0 0.166016 0.395171 0.008398 0.007820
0 0.635156 0.919633 0.006641 0.006256
0 0.446875 0.010166 0.008203 0.008732
0 0.029248 0.510907 0.007056 0.006256
0 0.728125 0.712664 0.008984 0.011469
0 0.858594 0.905036 0.006250 0.010948
0 0.558984 0.554178 0.007031 0.009384
0 0.448438 0.028673 0.007422 0.007820
0 0.178906 0.320881 0.008008 0.010948
0 0.022461 0.511429 0.007336 0.006256
0 0.628125 0.522377 0.007031 0.009384
0 0.678906 0.410811 0.007812 0.007820
0 0.202930 0.729346 0.006738 0.010427
0 0.322461 0.694938 0.007812 0.010427
0 0.323437 0.654796 0.005859 0.006777
0 0.516797 0.088366 0.006250 0.007168
0 0.854688 0.911292 0.007031 0.009384
0 0.996875 0.286734 0.006250 0.005995
0 0.453906 0.010818 0.006641 0.008081
0 0.966406 0.102181 0.007812 0.006256
0 0.420703 0.460859 0.007812 0.010948
0 0.822656 0.219482 0.009375 0.011209
0 0.679688 0.386830 0.007031 0.008341
0 0.853906 0.221567 0.007812 0.007038
0 0.140625 0.096968 0.006934 0.008341