0 0.921875 0.286734 0.008594 0.007559
0 0.485156 0.027631 0.007422 0.007168
0 0.741016 0.769489 0.008594 0.009384
0 0.022339 0.051873 0.009119 0.010036
0 0.072705 0.737166 0.007227 0.007820
0 0.615625 0.969682 0.007812 0.009384
0 0.266602 0.695981 0.008203 0.008341
0 0.553906 0.694938 0.008203 0.008341
0 0.578125 0.277871 0.008594 0.009123
0 0.179785 0.362327 0.008398 0.009123
0 0.609375 0.219482 0.008594 0.010166
0 0.292383 0.403513 0.008203 0.007820
0 0.697656 0.044835 0.007031 0.008472
0 0.021619 0.495267 0.007300 0.008863
0 0.828125 0.986364 0.007031 0.007299
0 0.703906 0.572425 0.006250 0.005735
0 0.698438 0.563041 0.007422 0.008863
0 0.322266 0.669914 0.007812 0.010427
0 0.004770 0.578681 0.007697 0.007820
0 0.179199 0.370147 0.008008 0.005213
0 0.803125 0.646454 0.007422 0.008341
0 0.502344 0.129291 0.006641 0.007299
0 0.384375 0.403513 0.007617 0.006256
0 0.179688 0.386830 0.007324 0.006777
0 0.703516 0.563041 0.006250 0.007820
0 0.178711 0.243984 0.008398 0.009645
0 0.316797 0.670957 0.006055 0.008341
0 0.516406 0.555742 0.006641 0.006777
0 0.564844 0.637592 0.007422 0.011469
0 0.703125 0.044574 0.007422 0.007429
0 0.272070 0.695981 0.007812 0.008341
0 0.653516 0.361024 0.007812 0.007820
0 0.183887 0.386830 0.007227 0.006256
0 0.109375 0.820580 0.008691 0.008863
0 0.041064 0.786693 0.008521 0.009384
0 0.778906 0.662094 0.007422 0.010427
0 0.834375 0.927975 0.007812 0.007299
0 0.722656 0.512471 0.007812 0.008341
0 0.197559 0.070641 0.008008 0.008341
0 0.229687 0.878448 0.009766 0.011469
0 0.896875 0.054088 0.008594 0.010687
0 0.077197 0.736645 0.007324 0.008341
0 0.178125 0.121471 0.007617 0.008081
0 0.468750 0.261710 0.008203 0.011730
0 0.559375 0.529676 0.008203 0.009384
0 0.016687 0.720484 0.007080 0.007820
0 0.591797 0.369626 0.006250 0.005995
0 0.721875 0.171519 0.006641 0.007038
0 0.202734 0.454603 0.006445 0.009384
0 0.134375 0.911292 0.007227 0.009384
0 0.685156 0.713185 0.007422 0.009384
0 0.610938 0.403513 0.007422 0.010948
0 0.460156 0.261970 0.008203 0.011991
0 0.360547 0.460859 0.009570 0.010427
0 0.684375 0.296118 0.007031 0.007559
0 0.127930 0.695981 0.006250 0.006256
0 0.295508 0.402991 0.009375 0.008341
0 0.285156 0.936316 0.007031 0.007299
0 0.979688 0.144410 0.008594 0.008081
0 0.621875 0.403513 0.008203 0.007820
0 0.778125 0.035711 0.007812 0.007820
0 0.709766 0.535932 0.007812 0.007299
0 0.290625 0.937359 0.007227 0.006256
0 0.910937 0.622473 0.007812 0.009384
0 0.028857 0.813803 0.007251 0.010427
0 0.488281 0.026588 0.010156 0.008472
0 0.696875 0.495267 0.008203 0.009905
0 0.671875 0.154054 0.007812 0.009905
0 0.541797 0.404555 0.007031 0.004171
0 0.741016 0.078200 0.008594 0.009905
0 0.841406 0.911292 0.007812 0.007299
0 0.097119 0.770532 0.008301 0.008341
0 0.184766 0.244766 0.006250 0.008863
0 0.190820 0.069077 0.006738 0.008211
0 0.173437 0.361545 0.007324 0.007299
0 0.197461 0.077809 0.007910 0.006777
0 0.434375 0.203060 0.008203 0.007299
0 0.210352 0.927975 0.008594 0.009384
0 0.535156 0.788257 0.007422 0.008863
0 0.490625 0.020332 0.006641 0.008602
0 0.004071 0.679298 0.007751 0.005213
0 0.210547 0.686076 0.008398 0.008341
0 0.334766 0.154315 0.008398 0.008602
0 0.135156 0.695460 0.006934 0.006777
0 0.546484 0.486405 0.008594 0.010427
0 0.484375 0.170737 0.006641 0.008341
0 0.947656 0.527590 0.007812 0.008863
0 0.728906 0.244506 0.008203 0.008863
0 0.453906 0.820059 0.007812 0.008341
0 0.203125 0.815367 0.007617 0.007820
0 0.386523 0.870107 0.007812 0.008341
0 0.385156 0.396214 0.007617 0.008863
0 0.822656 0.986364 0.006250 0.008341
0 0.616406 0.403513 0.005469 0.009905
0 0.597656 0.045617 0.006250 0.004040
0 0.783984 0.662094 0.007031 0.008863
0 0.222852 0.822144 0.005859 0.007299
0 0.691406 0.495267 0.005859 0.009384
0 0.565625 0.804940 0.007812 0.009905
0 0.715625 0.812239 0.007422 0.009905
0 0.835938 0.437921 0.008594 0.010948
0 0.389453 0.595364 0.007227 0.010948
0 0.429297 0.345645 0.007812 0.008863
0 0.084863 0.678256 0.008057 0.010427
0 0.822656 0.168912 0.007812 0.006777
0 0.578125 0.812239 0.008203 0.006256
0 0.541406 0.419153 0.007031 0.007299
0 0.510156 0.077548 0.008594 0.010427
0 0.166504 0.145452 0.008203 0.007820
0 0.603906 0.404555 0.007422 0.008863
0 0.079053 0.868543 0.008984 0.009905
0 0.471484 0.263013 0.007812 0.009905
0 0.373242 0.613089 0.005859 0.009384
0 0.265625 0.211662 0.008008 0.008341
0 0.479688 0.170476 0.007031 0.007820
0 0.046143 0.688161 0.007715 0.010948
0 0.110938 0.496310 0.007129 0.005735
0 0.396094 0.144149 0.007617 0.008863
0 0.560937 0.637592 0.005859 0.010427
0 0.253516 0.986364 0.007227 0.007299
0 0.197656 0.461902 0.006348 0.005213
0 0.428125 0.827879 0.006641 0.007820
0 0.591406 0.713185 0.006641 0.009905
0 0.709766 0.220524 0.007812 0.010166
0 0.867969 0.662094 0.007812 0.009905
0 0.735938 0.770532 0.005469 0.007820
0 0.401563 0.887311 0.008789 0.009905
0 0.521094 0.011469 0.007422 0.008341
0 0.697656 0.570340 0.007422 0.005735
0 0.304297 0.796599 0.008594 0.010948
0 0.403125 0.362588 0.007812 0.008863
0 0.904688 0.712142 0.007031 0.006777
0 0.428906 0.821623 0.006250 0.006777
0 0.028247 0.212183 0.006885 0.008602
0 0.796094 0.527590 0.007812 0.008863
0 0.423047 0.828921 0.005469 0.006256
0 0.585156 0.712664 0.007422 0.010427
0 0.183984 0.094492 0.007129 0.005995
0 0.823438 0.478585 0.007031 0.009905
0 0.815625 0.062299 0.007812 0.008863
0 0.084277 0.686076 0.007031 0.006777
0 0.198437 0.454082 0.007324 0.008341
0 0.954687 0.378489 0.007031 0.007820
0 0.722266 0.604226 0.008594 0.011469
0 0.172656 0.897737 0.006641 0.007820
0 0.328125 0.477542 0.008398 0.009905
0 0.771484 0.763233 0.007031 0.007820
0 0.698438 0.404555 0.007812 0.007820
0 0.978906 0.888353 0.006250 0.009905
0 0.066211 0.678777 0.008936 0.011469
0 0.660937 0.395693 0.008203 0.009384
0 0.510156 0.128770 0.007422 0.007559
0 0.179883 0.378489 0.007227 0.008863
0 0.597656 0.035581 0.008203 0.009384
0 0.454688 0.262231 0.006641 0.010166
0 0.821875 0.162656 0.008594 0.009645
0 0.022839 0.504651 0.005981 0.004692
0 0.017651 0.494225 0.006250 0.008863
0 0.057520 0.620388 0.008447 0.008863
0 0.472656 0.870628 0.007422 0.007820
0 0.730859 0.644369 0.007812 0.009384
0 0.628125 0.461902 0.007031 0.008863
0 0.710938 0.812239 0.006641 0.009384
0 0.710156 0.529676 0.008203 0.009905
0 0.021643 0.719962 0.006494 0.008341
0 0.684766 0.346427 0.007812 0.007820
0 0.127441 0.912335 0.006055 0.010427
0 0.266211 0.687118 0.008203 0.009905
0 0.435156 0.095665 0.008594 0.010036
0 0.959375 0.335739 0.007031 0.007820
0 0.885156 0.421238 0.007812 0.009905
0 0.365625 0.613089 0.007422 0.009384
0 0.466406 0.028152 0.007031 0.007950
0 0.590625 0.946743 0.006641 0.008341
0 0.797656 0.646454 0.005859 0.006777
0 0.015955 0.321142 0.006812 0.005213
0 0.042529 0.688161 0.006006 0.009905
0 0.921875 0.220524 0.007031 0.009645
0 0.685156 0.687118 0.008203 0.007299
0 0.584375 0.497353 0.008203 0.008341
0 0.297656 0.196543 0.007617 0.008602
0 0.666406 0.402470 0.006641 0.007820
0 0.114453 0.496310 0.008594 0.006777
0 0.398047 0.887311 0.008398 0.008863
0 0.917969 0.287255 0.006250 0.008081
0 0.785938 0.638634 0.007031 0.007299
0 0.122461 0.839348 0.005762 0.005735
0 0.584766 0.460859 0.008594 0.009905
0 0.659375 0.561998 0.007422 0.007299
0 0.253516 0.155097 0.007812 0.005213
0 0.584375 0.420717 0.007422 0.006256
0 0.303906 0.963426 0.006836 0.007299
0 0.896875 0.177775 0.007031 0.007559
0 0.210156 0.496310 0.004492 0.007820