0 0.515625 0.902951 0.008203 0.007299
0 0.084277 0.245027 0.007422 0.006777
0 0.771875 0.845083 0.008984 0.009384
0 0.909375 0.561998 0.008594 0.007299
0 0.435156 0.177514 0.008203 0.009905
0 0.566016 0.319317 0.007812 0.006777
0 0.053418 0.244506 0.008350 0.009384
0 0.733984 0.919633 0.007813 0.007299
0 0.465625 0.128248 0.007031 0.010166
0 0.766016 0.394129 0.007812 0.008341
0 0.772266 0.738209 0.007031 0.006777
0 0.828125 0.820580 0.008594 0.008341
0 0.028540 0.286734 0.006592 0.005995
0 0.541406 0.971767 0.008984 0.009384
0 0.647266 0.785650 0.008594 0.009384
0 0.553906 0.228344 0.008984 0.010166
0 0.739844 0.868543 0.008203 0.009905
0 0.546875 0.286734 0.006641 0.008341
0 0.341797 0.194458 0.007812 0.010427
0 0.915625 0.654274 0.008594 0.010427
0 0.521875 0.279174 0.008203 0.009384
0 0.635156 0.794513 0.008594 0.009905
0 0.460938 0.128770 0.007422 0.009384
0 0.016748 0.470765 0.007275 0.008341
0 0.021448 0.470243 0.006860 0.008863
0 0.965625 0.061517 0.007812 0.007429
0 0.447656 0.895652 0.006641 0.008341
0 0.391016 0.527590 0.007031 0.006256
0 0.616016 0.644890 0.007812 0.007299
0 0.147266 0.052915 0.009082 0.011860
0 0.717187 0.529676 0.007812 0.006777
0 0.660156 0.771574 0.007422 0.009384
0 0.440625 0.177775 0.006641 0.009645
0 0.822656 0.821101 0.006250 0.007299
0 0.253906 0.103485 0.006836 0.006777
0 0.542188 0.286473 0.006641 0.008341
0 0.841406 0.202799 0.007812 0.009645
0 0.639453 0.612046 0.007812 0.012512
0 0.022791 0.285691 0.006372 0.007820
0 0.309766 0.052655 0.008984 0.008993
0 0.134863 0.035711 0.008398 0.006908
0 0.878906 0.738209 0.007812 0.007299
0 0.122266 0.504651 0.007910 0.006777
0 0.646094 0.727782 0.008203 0.007820
0 0.898438 0.604226 0.007031 0.010427
0 0.372656 0.429579 0.009375 0.009905
0 0.639844 0.795035 0.007031 0.008341
0 0.203906 0.669914 0.006445 0.009384
0 0.641797 0.728825 0.005469 0.006777
0 0.735156 0.270312 0.007031 0.010427
0 0.004361 0.380053 0.006744 0.008341
0 0.215820 0.669914 0.008594 0.010427
0 0.259766 0.103224 0.006836 0.007559
0 0.997656 0.963426 0.004687 0.007299
0 0.522656 0.861244 0.008203 0.008341
0 0.197852 0.670436 0.008691 0.009384
0 0.516016 0.896695 0.008594 0.010427
0 0.422656 0.637070 0.007031 0.009384
0 0.503906 0.687118 0.009375 0.010948
0 0.522656 0.453561 0.009375 0.010948
0 0.571875 0.204363 0.008203 0.009905
0 0.953125 0.813281 0.006250 0.009905
0 0.705859 0.336521 0.009375 0.008341
0 0.353516 0.861244 0.007422 0.007820
0 0.541016 0.812239 0.007812 0.008341
0 0.835156 0.362067 0.007812 0.010948
0 0.766406 0.320099 0.006641 0.004431
0 0.545313 0.969682 0.008594 0.009384
0 0.753125 0.235643 0.007422 0.007559
0 0.053906 0.804940 0.008130 0.010948
0 0.154492 0.411333 0.008398 0.009384
0 0.615625 0.186116 0.007422 0.005995
0 0.865625 0.777830 0.007031 0.009384
0 0.654297 0.772096 0.006250 0.009384
0 0.459375 0.878448 0.007031 0.007299
0 0.440625 0.019159 0.007422 0.009905
0 0.505469 0.619345 0.008984 0.009905
0 0.140820 0.369105 0.008105 0.007299
0 0.354297 0.343559 0.008984 0.009123
0 0.216211 0.494225 0.008203 0.009905
0 0.985156 0.411333 0.007812 0.010427
0 0.845312 0.202799 0.007031 0.008602
0 0.291797 0.113130 0.007617 0.008081
0 0.528906 0.677734 0.007812 0.009905
0 0.720703 0.529154 0.008594 0.008341
0 0.277734 0.754370 0.007812 0.009384
0 0.728906 0.271094 0.007422 0.009384
0 0.503906 0.746550 0.007812 0.004692
0 0.978125 0.813281 0.007031 0.009905
0 0.872656 0.186638 0.006250 0.008863
0 0.804688 0.579724 0.008594 0.008863
0 0.453125 0.906079 0.007422 0.008341
0 0.472266 0.612046 0.009375 0.011469
0 0.891406 0.094361 0.009375 0.010166
0 0.766797 0.737166 0.005469 0.006777
0 0.528906 0.078852 0.008203 0.010166
0 0.766406 0.137632 0.008594 0.008602
0 0.035889 0.595364 0.006519 0.008863
0 0.716016 0.662094 0.008594 0.010427
0 0.029199 0.279696 0.006372 0.008341
0 0.903125 0.604226 0.007031 0.011469
0 0.448047 0.019811 0.006250 0.009384
0 0.078271 0.763754 0.008301 0.009384
0 0.934375 0.236686 0.008594 0.011730
0 0.890625 0.654796 0.007031 0.006777
0 0.016138 0.171519 0.007190 0.007299
0 0.871875 0.521334 0.008594 0.008863
0 0.816406 0.671478 0.007812 0.009905
0 0.708203 0.329223 0.006250 0.009905
0 0.453906 0.087193 0.009375 0.010948
0 0.335352 0.194458 0.006641 0.009645
0 0.729297 0.919633 0.006250 0.008341
0 0.372656 0.627165 0.008789 0.009384
0 0.616406 0.112608 0.007422 0.009123
0 0.785938 0.211662 0.008594 0.010948
0 0.535156 0.962383 0.007422 0.006256
0 0.747656 0.870107 0.005469 0.007299
0 0.383984 0.421238 0.007031 0.010948
0 0.428125 0.637070 0.006641 0.008341
0 0.398047 0.520292 0.007031 0.009905
0 0.504297 0.753849 0.007812 0.007299
0 0.532031 0.811196 0.008203 0.009905
0 0.872656 0.778873 0.007812 0.007820
0 0.628516 0.803897 0.006250 0.007299
0 0.778125 0.895131 0.006641 0.006256
0 0.828125 0.487969 0.007031 0.005213
0 0.390039 0.253890 0.006641 0.010427
0 0.846875 0.196543 0.005469 0.006517
0 0.634375 0.579202 0.006641 0.008341
0 0.028882 0.420717 0.008215 0.004171
0 0.028223 0.412897 0.007764 0.009384
0 0.417578 0.195240 0.008594 0.008863
0 0.846875 0.435835 0.007031 0.007820
0 0.166602 0.337564 0.006934 0.006256
0 0.415625 0.370147 0.008203 0.010166
0 0.948438 0.813281 0.006250 0.008341
0 0.378516 0.687118 0.008594 0.010948
0 0.715625 0.328962 0.008594 0.011209
0 0.885156 0.278392 0.007812 0.010166
0 0.222656 0.495267 0.006836 0.008863
0 0.304297 0.320621 0.007031 0.011209
0 0.865625 0.186638 0.007031 0.009384
0 0.352734 0.588065 0.007812 0.008341
0 0.467188 0.303938 0.006641 0.008863
0 0.490625 0.204884 0.008203 0.009645
0 0.454297 0.878969 0.006250 0.006777
0 0.729297 0.887311 0.007031 0.010427
0 0.036865 0.602662 0.007837 0.008863
0 0.358984 0.503609 0.007227 0.006256
0 0.965625 0.053176 0.007812 0.009645
0 0.470703 0.303416 0.007812 0.009123
0 0.772266 0.395171 0.007812 0.007820
0 0.253906 0.628729 0.007227 0.009905
0 0.517188 0.279435 0.005078 0.008602
0 0.329492 0.028543 0.007812 0.010166
0 0.260156 0.010948 0.008008 0.009384
0 0.341406 0.628729 0.007227 0.006777
0 0.040332 0.602662 0.008472 0.008863
0 0.353320 0.495267 0.007422 0.007299
0 0.785156 0.103224 0.006641 0.007168
0 0.385352 0.253890 0.008594 0.011209
0 0.348047 0.261970 0.006641 0.009384
0 0.615625 0.180121 0.007422 0.007299
0 0.596875 0.838305 0.008203 0.010427
0 0.203906 0.269269 0.008301 0.008863
0 0.367578 0.428537 0.006250 0.010948
0 0.641406 0.787215 0.005078 0.006256
0 0.491406 0.803897 0.006641 0.008863
0 0.846875 0.186638 0.007031 0.008602
0 0.567187 0.313061 0.008984 0.011469
0 0.653516 0.777830 0.006250 0.005735
0 0.397070 0.104788 0.007422 0.007038
0 0.908594 0.329483 0.006250 0.010166
0 0.134570 0.029455 0.007520 0.008472
0 0.373828 0.686597 0.006641 0.009384
0 0.754688 0.228344 0.008984 0.010427
0 0.359766 0.428537 0.008008 0.011469
0 0.878125 0.144931 0.009375 0.007559
0 0.828125 0.278914 0.007812 0.010166
0 0.209375 0.803897 0.007422 0.008341
0 0.422656 0.137632 0.006641 0.008081
0 0.547656 0.362327 0.007031 0.010427
0 0.453125 0.896173 0.007031 0.006256
0 0.421875 0.862287 0.007422 0.010427
0 0.853906 0.194979 0.007812 0.009123
0 0.459375 0.871671 0.007422 0.010948
0 0.029883 0.596928 0.007251 0.007299
0 0.871875 0.162135 0.007812 0.009905
0 0.046777 0.378489 0.007813 0.010427
0 0.610156 0.113130 0.006250 0.008081
0 0.560938 0.971767 0.007422 0.011469
0 0.354688 0.503609 0.008008 0.007299
0 0.008862 0.379531 0.006470 0.008863
0 0.703125 0.670436 0.006641 0.008863
0 0.591406 0.902951 0.007422 0.007299
0 0.560156 0.980108 0.005859 0.007299
0 0.135352 0.370669 0.007324 0.006256
0 0.722266 0.411333 0.007812 0.007299
0 0.295703 0.112087 0.006641 0.007559
0 0.572656 0.910249 0.007031 0.008341
0 0.628125 0.952999 0.007812 0.008341
0 0.472656 0.846647 0.008203 0.008863
0 0.684766 0.111044 0.008594 0.009645
0 0.573438 0.905036 0.007422 0.007299
0 0.384766 0.771053 0.008789 0.010427
0 0.915625 0.527590 0.007812 0.009384
0 0.665234 0.845083 0.007031 0.008341
0 0.141211 0.035060 0.006836 0.008081
0 0.616406 0.652710 0.006250 0.008341
0 0.622656 0.653753 0.007031 0.007820
0 0.210938 0.846647 0.007422 0.007299
0 0.391797 0.521334 0.007617 0.009384
0 0.779688 0.887311 0.008984 0.010948
0 0.221484 0.670436 0.006641 0.009905
0 0.491016 0.595364 0.007031 0.007299
0 0.782812 0.887311 0.007422 0.010948
0 0.878125 0.137632 0.009375 0.009645
0 0.323047 0.121210 0.006641 0.007299
0 0.485156 0.803897 0.006641 0.007820
0 0.920313 0.653753 0.007812 0.009384
0 0.290430 0.921719 0.007422 0.007299
0 0.309375 0.321142 0.007617 0.010948