0 0.253125 0.436878 0.008398 0.009905
0 0.546875 0.838305 0.008203 0.009905
0 0.316016 0.545316 0.008398 0.008863
0 0.716406 0.903993 0.007422 0.006256
0 0.128516 0.486926 0.008203 0.007299
0 0.778906 0.521334 0.008203 0.007820
0 0.828125 0.811196 0.007031 0.007820
0 0.953906 0.103745 0.009375 0.010948
0 0.096875 0.722569 0.008008 0.009905
0 0.935156 0.852381 0.009375 0.009384
0 0.541406 0.137111 0.008594 0.007820
0 0.940625 0.188202 0.007812 0.008602
0 0.016272 0.696502 0.008179 0.008863
0 0.710156 0.385787 0.009375 0.009384
0 0.020605 0.404555 0.007849 0.006777
0 0.660156 0.695460 0.008594 0.008863