0 0.929688 0.587022 0.007031 0.006256
0 0.097656 0.261710 0.007764 0.008081
0 0.446875 0.194979 0.006641 0.006777
0 0.822656 0.102963 0.007812 0.006908
0 0.934375 0.587022 0.007031 0.006777
0 0.472656 0.060996 0.008203 0.010036
0 0.610547 0.670436 0.007031 0.007820
0 0.547656 0.077418 0.008203 0.007429
0 0.478906 0.054870 0.006641 0.004953
0 0.190625 0.170216 0.007812 0.007820
0 0.521875 0.353465 0.008984 0.007038
0 0.784766 0.937359 0.007812 0.008341
0 0.497266 0.143367 0.008594 0.008081
0 0.765625 0.986364 0.008203 0.008341
0 0.434375 0.918591 0.008203 0.008341
0 0.529297 0.703801 0.009375 0.010427
0 0.572266 0.228084 0.008594 0.009384
0 0.497656 0.137111 0.009766 0.011469
0 0.591797 0.211140 0.007812 0.010166
0 0.614062 0.669393 0.008984 0.008341
0 0.747266 0.802855 0.008594 0.009384
0 0.396484 0.445219 0.008789 0.009905
0 0.102051 0.261449 0.009033 0.008341
0 0.165625 0.421238 0.008594 0.010948
0 0.528516 0.710057 0.008594 0.009384
0 0.204492 0.220003 0.009082 0.010687
0 0.598047 0.186116 0.008594 0.010687
0 0.885938 0.461902 0.008594 0.007299
0 0.111133 0.328701 0.007910 0.011469
0 0.296875 0.243984 0.007422 0.009645
0 0.759375 0.555742 0.008203 0.008341
0 0.453125 0.193936 0.007031 0.007559
0 0.372656 0.371190 0.007812 0.008863
0 0.476562 0.060344 0.008203 0.008341
0 0.034717 0.646454 0.008496 0.010948
0 0.703125 0.688161 0.006641 0.005213
0 0.435547 0.913377 0.009375 0.012512
0 0.771875 0.028673 0.008594 0.011730
0 0.483594 0.052264 0.008203 0.008081
0 0.135449 0.404555 0.008398 0.006777
0 0.791797 0.937359 0.006250 0.008341
0 0.678516 0.137632 0.007031 0.010166
0 0.504688 0.719441 0.009766 0.008341
0 0.996875 0.587544 0.005469 0.008341
0 0.097754 0.719962 0.007617 0.008341
0 0.825781 0.102181 0.010938 0.008081
0 0.227930 0.377446 0.007812 0.007820
0 0.878125 0.376925 0.007812 0.008341
0 0.942188 0.514036 0.005469 0.007299
0 0.503125 0.713185 0.007812 0.007820
0 0.614844 0.662094 0.007422 0.011991
0 0.500781 0.135808 0.008984 0.009905
0 0.565625 0.453561 0.008984 0.010427
0 0.216406 0.402991 0.006836 0.007299
0 0.610938 0.661573 0.007422 0.010427
0 0.208203 0.220003 0.007812 0.010166
0 0.960938 0.095534 0.008594 0.010687
0 0.397656 0.921719 0.007227 0.011469
0 0.946875 0.428537 0.008594 0.008863
0 0.483594 0.045877 0.006641 0.010296
0 0.547656 0.070380 0.008984 0.008472
0 0.216406 0.921719 0.007422 0.005213
0 0.391016 0.927975 0.006836 0.006256
0 0.673047 0.137372 0.007812 0.009905
0 0.797656 0.829964 0.007812 0.008341
0 0.709766 0.688161 0.007031 0.005735
0 0.323047 0.620909 0.006641 0.007299
0 0.503906 0.445219 0.008594 0.009905
0 0.476562 0.853945 0.008203 0.009905
0 0.467188 0.060996 0.006641 0.009254
0 0.453125 0.736124 0.008984 0.009905
0 0.304688 0.612046 0.007617 0.009384
0 0.453906 0.011730 0.007422 0.010427
0 0.915625 0.920676 0.007812 0.008341
0 0.228320 0.370669 0.007031 0.009123
0 0.653906 0.629772 0.007422 0.006777
0 0.453906 0.186377 0.006641 0.009384
0 0.491406 0.730910 0.007031 0.006777
0 0.092041 0.260928 0.007227 0.008863
0 0.309766 0.613089 0.007422 0.009905