0 0.754688 0.428015 0.006641 0.008341
0 0.671875 0.229908 0.007812 0.010166
0 0.447266 0.536974 0.007031 0.005213
0 0.334766 0.194197 0.008203 0.006777
0 0.758203 0.427494 0.008594 0.008863
0 0.316016 0.336261 0.007812 0.007559
0 0.452344 0.529154 0.007422 0.011469
0 0.334375 0.187680 0.008203 0.010166
0 0.448438 0.529676 0.008203 0.010948
0 0.689844 0.344602 0.007422 0.008081
0 0.853125 0.927975 0.007812 0.009384
0 0.591406 0.403513 0.007422 0.010948
0 0.742578 0.410811 0.006250 0.009384
0 0.745703 0.410811 0.008594 0.008863
0 0.196387 0.360763 0.007617 0.007559
0 0.853125 0.921719 0.007031 0.007299
0 0.678516 0.229908 0.006250 0.009384
0 0.910938 0.729868 0.007031 0.010427
0 0.946875 0.128248 0.006250 0.008081
0 0.585156 0.403513 0.006641 0.009905
0 0.497656 0.853945 0.006250 0.005735
0 0.022046 0.220003 0.007764 0.010687