0 0.004779 0.789300 0.007275 0.008341
0 0.022021 0.829443 0.007629 0.007299
0 0.007922 0.788257 0.008691 0.009905
0 0.603906 0.143888 0.008984 0.010687
0 0.797266 0.312018 0.008594 0.010427
0 0.390625 0.845604 0.008398 0.008863
0 0.709375 0.803897 0.008594 0.008863
0 0.609375 0.377446 0.008984 0.009384
0 0.273438 0.729868 0.007031 0.008863
0 0.277344 0.729868 0.008008 0.009905
0 0.122461 0.877927 0.009277 0.009905
0 0.223438 0.102703 0.009375 0.010948
0 0.896875 0.453561 0.008594 0.009905
0 0.341602 0.121471 0.008203 0.010166
0 0.015283 0.853945 0.009314 0.009905
0 0.017139 0.828921 0.006531 0.007820
0 0.578906 0.644890 0.007031 0.006256
0 0.578125 0.772096 0.007031 0.010427
0 0.727734 0.594321 0.007812 0.007299
0 0.022522 0.445741 0.006812 0.005213
0 0.965625 0.887311 0.007031 0.011991
0 0.960156 0.893567 0.006250 0.008341
0 0.066455 0.179339 0.007227 0.010687
0 0.484375 0.194979 0.007812 0.008081
0 0.585156 0.644890 0.007031 0.007299
0 0.122656 0.470243 0.006250 0.006777
0 0.628906 0.153272 0.008203 0.008341
0 0.290625 0.228866 0.008398 0.009905
0 0.528125 0.178818 0.007422 0.010687
0 0.292383 0.420195 0.008203 0.009905
0 0.022400 0.436878 0.006421 0.008863
0 0.765625 0.120428 0.008203 0.008602
0 0.415234 0.913377 0.007812 0.009384
0 0.321875 0.160310 0.008984 0.007299
0 0.965625 0.893567 0.007812 0.008341
0 0.128516 0.470243 0.006934 0.006777
0 0.540625 0.236686 0.008203 0.009123
0 0.728125 0.589108 0.007031 0.007299
0 0.016821 0.445219 0.006287 0.006256
0 0.996680 0.221046 0.006641 0.008602
0 0.660156 0.060475 0.007422 0.007690
0 0.321875 0.154315 0.008398 0.011209
0 0.903125 0.454603 0.005469 0.009905
0 0.023083 0.820059 0.007349 0.008341
0 0.573438 0.771574 0.006641 0.008863
0 0.085645 0.654796 0.007275 0.009384
0 0.960938 0.887832 0.006250 0.010427
0 0.179688 0.861244 0.009668 0.009905
0 0.540625 0.244506 0.007422 0.006256
0 0.598437 0.143888 0.006250 0.009645
0 0.295703 0.419153 0.007617 0.009905