0 0.540625 0.611004 0.008203 0.008863
0 0.166992 0.379531 0.008203 0.006256
0 0.403516 0.861244 0.008008 0.007820
0 0.522266 0.187159 0.007812 0.006517
0 0.871875 0.686076 0.007812 0.007299
0 0.246680 0.096056 0.006641 0.009645
0 0.996094 0.355029 0.006250 0.005474
0 0.185937 0.930060 0.009082 0.011469
0 0.504687 0.412897 0.007422 0.009905
0 0.690625 0.378489 0.006641 0.007820
0 0.628125 0.136850 0.008594 0.007299
0 0.179102 0.145713 0.009180 0.010948
0 0.946875 0.911292 0.007031 0.008341
0 0.591406 0.077809 0.008203 0.008602
0 0.523438 0.470243 0.008984 0.010948
0 0.709375 0.663137 0.007422 0.009384
0 0.010614 0.486926 0.006653 0.009905
0 0.660156 0.453039 0.008203 0.006256
0 0.485938 0.944657 0.007422 0.008341
0 0.804688 0.336782 0.007031 0.005995
0 0.378516 0.553657 0.007422 0.004692
0 0.622656 0.136068 0.007422 0.007820
0 0.810156 0.494225 0.007812 0.008341
0 0.946875 0.906079 0.007031 0.006256
0 0.990625 0.202278 0.005469 0.009384
0 0.660547 0.178818 0.006250 0.006517
0 0.478906 0.945700 0.006641 0.006256
0 0.170410 0.378489 0.008594 0.008863
0 0.666406 0.062169 0.007031 0.004953
0 0.971875 0.086411 0.008594 0.010948
0 0.060010 0.462945 0.007617 0.010427
0 0.121387 0.194458 0.008203 0.007038
0 0.803906 0.780959 0.006250 0.007299
0 0.834375 0.555742 0.007031 0.005735
0 0.516406 0.288298 0.006250 0.004953
0 0.022705 0.045486 0.007092 0.007299
0 0.507812 0.412897 0.007812 0.008863
0 0.521875 0.478063 0.007422 0.006256
0 0.084717 0.579202 0.007715 0.007299
0 0.535938 0.611004 0.007812 0.009384
0 0.678516 0.871149 0.008594 0.011469
0 0.810156 0.337825 0.006250 0.004953
0 0.703516 0.062039 0.007812 0.009514
0 0.685938 0.378489 0.005469 0.007299
0 0.671094 0.530718 0.006641 0.007299
0 0.617188 0.026849 0.008984 0.009775
0 0.803906 0.078330 0.006250 0.006777
0 0.985937 0.202017 0.008594 0.009384
0 0.003958 0.487969 0.006708 0.007820
0 0.265430 0.211662 0.007812 0.007559
0 0.871875 0.679820 0.008594 0.010948
0 0.116992 0.193936 0.006055 0.008602
0 0.689844 0.753849 0.006641 0.006777
0 0.146875 0.870628 0.006934 0.006777
0 0.179102 0.151969 0.008691 0.006777
0 0.040283 0.710578 0.007251 0.008341