0 0.502344 0.027761 0.008984 0.007820
0 0.134766 0.094492 0.008496 0.008602
0 0.671875 0.678777 0.008203 0.010427
0 0.766406 0.862287 0.008203 0.009905
0 0.228516 0.154315 0.006836 0.004692
0 0.878125 0.128248 0.007031 0.007038
0 0.404297 0.988450 0.008789 0.007299
0 0.565625 0.611004 0.007812 0.008863
0 0.489844 0.687118 0.007812 0.010948
0 0.996680 0.954041 0.006641 0.008341
0 0.191016 0.778873 0.007129 0.007820
0 0.015796 0.295075 0.008008 0.007038
0 0.497266 0.811196 0.007812 0.009905
0 0.115527 0.019550 0.007422 0.006386
0 0.028882 0.637592 0.006885 0.010427
0 0.996875 0.887311 0.005469 0.007299
0 0.214453 0.945700 0.008984 0.008341
0 0.135156 0.137111 0.006445 0.008863
0 0.134961 0.619866 0.007520 0.010427
0 0.478516 0.812239 0.008594 0.008863
0 0.995313 0.353986 0.007031 0.008602
0 0.710938 0.378489 0.006641 0.008341
0 0.915625 0.553657 0.007031 0.009905
0 0.472656 0.636028 0.007812 0.009905
0 0.728906 0.821623 0.007422 0.008341
0 0.291016 0.235643 0.008203 0.008863
0 0.328125 0.711100 0.007227 0.007820
0 0.210938 0.945700 0.006250 0.008341
0 0.766406 0.771574 0.009375 0.010948
0 0.303711 0.720484 0.008594 0.009905
0 0.710547 0.386830 0.007031 0.006256
0 0.791406 0.553657 0.008984 0.010427
0 0.135156 0.614132 0.007422 0.006777
0 0.603906 0.253890 0.007812 0.005995
0 0.903906 0.087454 0.007812 0.007559
0 0.178809 0.388915 0.007617 0.008341
0 0.928125 0.519249 0.007812 0.007820
0 0.817188 0.220264 0.005469 0.006777
0 0.617578 0.203320 0.008594 0.009384
0 0.796875 0.036493 0.007812 0.009384
0 0.567187 0.312540 0.008203 0.009905
0 0.016357 0.170476 0.005200 0.006777
0 0.416406 0.769489 0.009375 0.008863
0 0.829687 0.511950 0.008594 0.010948
0 0.821875 0.220003 0.008594 0.006777
0 0.584375 0.702758 0.007422 0.008863
0 0.116211 0.912335 0.008398 0.010427
0 0.084229 0.352683 0.007812 0.008863
0 0.338086 0.929017 0.009766 0.012512
0 0.166113 0.203320 0.008008 0.007038
0 0.503906 0.353986 0.007812 0.010427
0 0.903125 0.653753 0.006250 0.008341
0 0.227930 0.962383 0.007422 0.008341
0 0.604688 0.204363 0.007422 0.008081
0 0.709766 0.328962 0.008594 0.009123
0 0.485547 0.687640 0.009375 0.011469
0 0.079346 0.354507 0.006152 0.007559
0 0.785156 0.712142 0.007812 0.006777
0 0.615625 0.386830 0.007422 0.006777
0 0.797656 0.378489 0.007812 0.006777
0 0.360547 0.819537 0.007422 0.007820
0 0.266992 0.711100 0.006641 0.008341
0 0.235547 0.963426 0.005859 0.009384
0 0.508594 0.353725 0.007422 0.010427
0 0.803125 0.703801 0.007422 0.008341
0 0.246875 0.604226 0.006055 0.008341
0 0.241797 0.603705 0.007617 0.009384
0 0.260156 0.596406 0.007227 0.009384
0 0.078320 0.986364 0.007471 0.007299
0 0.854688 0.545837 0.008594 0.008341
0 0.609766 0.203320 0.007031 0.009645
0 0.553516 0.587544 0.007812 0.008341
0 0.458594 0.427494 0.007422 0.008341
0 0.115625 0.128248 0.007715 0.009123
0 0.727344 0.903993 0.006250 0.006777
0 0.316602 0.754892 0.007422 0.006256
0 0.896875 0.178818 0.007031 0.008602
0 0.616016 0.677734 0.009375 0.010427
0 0.289844 0.670436 0.007227 0.007820
0 0.252734 0.672000 0.005664 0.005213
0 0.809375 0.411854 0.007031 0.007299
0 0.466797 0.637070 0.006250 0.008863
0 0.266016 0.595364 0.006445 0.009905
0 0.072656 0.429579 0.006494 0.009905
0 0.335156 0.170737 0.008203 0.009384
0 0.403125 0.496310 0.006445 0.008863
0 0.022205 0.520292 0.007837 0.008863
0 0.252734 0.276307 0.007617 0.010166
0 0.810156 0.421238 0.007812 0.005735
0 0.829687 0.012773 0.007031 0.009384
0 0.428125 0.596406 0.006250 0.008863
0 0.141895 0.621430 0.006055 0.009905
0 0.714844 0.386309 0.008984 0.007299
0 0.634375 0.495267 0.007031 0.005735
0 0.671875 0.027370 0.007812 0.009905
0 0.570703 0.312279 0.007812 0.009384
0 0.047046 0.427494 0.007373 0.006777
0 0.910938 0.553657 0.005469 0.010427
0 0.728906 0.353465 0.008203 0.006256
0 0.172461 0.388394 0.005957 0.009384
0 0.641406 0.496310 0.007422 0.007299
0 0.409375 0.987407 0.006641 0.010427
0 0.884375 0.126945 0.007031 0.008863
0 0.378906 0.804940 0.008398 0.007820
0 0.798047 0.703280 0.005469 0.009384
0 0.497656 0.694417 0.007422 0.006777
0 0.066895 0.528633 0.008643 0.009905
0 0.846875 0.788257 0.007031 0.007299
0 0.790625 0.711100 0.007812 0.007299
0 0.584375 0.486405 0.006641 0.006256
0 0.016675 0.603705 0.006628 0.006777
0 0.897656 0.653753 0.007812 0.008863
0 0.129102 0.136850 0.006641 0.007820
0 0.965625 0.627686 0.007031 0.009384
0 0.335156 0.669393 0.008984 0.009384
0 0.884375 0.453561 0.007031 0.007299
0 0.621094 0.203842 0.007422 0.009645
0 0.660156 0.705365 0.008203 0.007299
0 0.502344 0.286212 0.007422 0.007820
0 0.466406 0.379531 0.008203 0.008341
0 0.191016 0.085759 0.008105 0.008993
0 0.209766 0.812239 0.008789 0.008863
0 0.172754 0.146495 0.006250 0.006256
0 0.704297 0.377967 0.007812 0.008341
0 0.228906 0.145713 0.007227 0.010427
0 0.252734 0.287255 0.006445 0.005995
0 0.954687 0.878969 0.007031 0.009905
0 0.066211 0.962383 0.008447 0.008341
0 0.047705 0.495267 0.006958 0.004692
0 0.521875 0.145452 0.006641 0.005995
0 0.697656 0.720484 0.006250 0.007299
0 0.385156 0.571382 0.006836 0.008863
0 0.066699 0.120428 0.007031 0.004953
0 0.138867 0.094883 0.009863 0.008211
0 0.666406 0.328180 0.007031 0.007299
0 0.585156 0.021114 0.007031 0.009384
0 0.865625 0.870628 0.007031 0.006777
0 0.992188 0.753328 0.007812 0.010427
0 0.691406 0.719441 0.007812 0.008341
0 0.951563 0.078982 0.007031 0.007950
0 0.534375 0.245809 0.006641 0.006256
0 0.965625 0.496310 0.005469 0.004692
0 0.334180 0.703801 0.006641 0.008863
0 0.329297 0.704844 0.007812 0.009905
0 0.716016 0.285952 0.007812 0.007299
0 0.753906 0.827879 0.008594 0.009384
0 0.141895 0.612046 0.006250 0.005213
0 0.996875 0.946743 0.006250 0.005213
0 0.428906 0.795556 0.006641 0.008863
0 0.896875 0.705886 0.007031 0.007820
0 0.497656 0.688682 0.006641 0.008341
0 0.992188 0.354507 0.008594 0.008081
0 0.928125 0.878448 0.008594 0.006256
0 0.191992 0.912335 0.008301 0.010427
0 0.270898 0.704844 0.006641 0.009905
0 0.434375 0.120950 0.005859 0.008081
0 0.603516 0.245027 0.008594 0.007820
0 0.591406 0.579724 0.006641 0.003649
0 0.904688 0.886268 0.008594 0.007820
0 0.304297 0.495267 0.007227 0.009905
0 0.903125 0.763233 0.007031 0.009384
0 0.166602 0.721526 0.006543 0.004692
0 0.296484 0.236164 0.006641 0.007559
0 0.285156 0.587022 0.008008 0.007820
0 0.953125 0.863851 0.007031 0.010427
0 0.308984 0.720484 0.007617 0.008341
0 0.671875 0.312018 0.007031 0.009905
0 0.715625 0.378489 0.007812 0.008341
0 0.735156 0.302634 0.007422 0.008341
0 0.328906 0.945700 0.007617 0.006256
0 0.389648 0.713185 0.006641 0.009905
0 0.109961 0.254150 0.008105 0.009905
0 0.916406 0.312800 0.006250 0.008081
0 0.528906 0.243984 0.007812 0.008863
0 0.791406 0.703801 0.006641 0.008341
0 0.985156 0.753849 0.006250 0.008863
0 0.929688 0.736645 0.008594 0.009384
0 0.258984 0.286473 0.007617 0.007820
0 0.529688 0.812239 0.007422 0.007820
0 0.347266 0.045617 0.007031 0.005083
0 0.714844 0.187420 0.006250 0.007820
0 0.398242 0.495789 0.006641 0.008341
0 0.857813 0.546358 0.007031 0.008341
0 0.435156 0.902951 0.008203 0.009905
0 0.610156 0.387351 0.005859 0.005213
0 0.873438 0.672521 0.007031 0.007299
0 0.592188 0.020593 0.006641 0.008993
0 0.016370 0.445219 0.007861 0.007820
0 0.666406 0.854988 0.006641 0.007820
0 0.303516 0.661573 0.007422 0.007299
0 0.047754 0.463987 0.007056 0.004692
0 0.303906 0.278392 0.007812 0.008602
0 0.947656 0.770010 0.007812 0.008341
0 0.248437 0.277350 0.006055 0.008602
0 0.328711 0.479627 0.007031 0.004171
0 0.069531 0.527590 0.008496 0.009905
0 0.303516 0.286212 0.007422 0.006256
0 0.110645 0.304459 0.007422 0.010166
0 0.253516 0.345123 0.007617 0.008341
0 0.503125 0.020593 0.008984 0.009384
0 0.266406 0.663137 0.006641 0.006777
0 0.442187 0.911292 0.007031 0.007299
0 0.195312 0.913377 0.007812 0.009384
0 0.717188 0.195761 0.006641 0.006256
0 0.770313 0.862287 0.008594 0.009384
0 0.163867 0.404555 0.007520 0.009905
0 0.623438 0.487969 0.008203 0.008863
0 0.009863 0.044053 0.007104 0.007950
0 0.116602 0.011991 0.008398 0.009775
0 0.816406 0.969682 0.007812 0.007299
0 0.803125 0.036754 0.005469 0.007950
0 0.498828 0.027891 0.005469 0.008211
0 0.454688 0.420717 0.007422 0.006256
0 0.996875 0.837263 0.005469 0.007820
0 0.417188 0.795556 0.007422 0.009384
0 0.915625 0.235643 0.008594 0.009123
0 0.528125 0.136590 0.008203 0.008863
0 0.222656 0.152751 0.007031 0.005474
0 0.798047 0.511950 0.007031 0.005735
0 0.328516 0.937359 0.007422 0.008341
0 0.270313 0.710578 0.009766 0.008341
0 0.585156 0.438442 0.005859 0.005213
0 0.996875 0.878969 0.005469 0.004692
0 0.160742 0.404034 0.008887 0.009384
0 0.097412 0.360763 0.007324 0.007820
0 0.141016 0.435835 0.008691 0.009905
0 0.735156 0.902951 0.007422 0.005735
0 0.165820 0.146495 0.007129 0.007299
0 0.622266 0.503609 0.007031 0.007820
0 0.603516 0.211140 0.007031 0.005213
0 0.510156 0.944657 0.008203 0.009384
0 0.066357 0.402470 0.008008 0.006777
0 0.178906 0.102963 0.007910 0.008732
0 0.120703 0.913377 0.007324 0.009384
0 0.015747 0.346166 0.007703 0.008602
0 0.990625 0.861244 0.007031 0.009905
0 0.553125 0.287516 0.006250 0.010427
0 0.953125 0.084977 0.007031 0.007690
0 0.340039 0.169955 0.006641 0.008602