0 0.996875 0.737688 0.005469 0.006256
0 0.484375 0.695981 0.007812 0.007299
0 0.216602 0.484841 0.007812 0.008863
0 0.409766 0.043271 0.008594 0.007299
0 0.504687 0.387873 0.008984 0.010427
0 0.897656 0.812760 0.007812 0.008341
0 0.848438 0.102181 0.010156 0.011469
0 0.715625 0.162656 0.007422 0.007820
0 0.185059 0.528633 0.009180 0.009384
0 0.291992 0.502566 0.008594 0.008863
0 0.304102 0.380574 0.008594 0.010948
0 0.265625 0.913377 0.008789 0.013555
0 0.984375 0.194979 0.008594 0.008602
0 0.379297 0.336782 0.007812 0.007820
0 0.052979 0.103224 0.007715 0.012773
0 0.210352 0.485883 0.007031 0.008341
0 0.134668 0.654274 0.007812 0.006256
0 0.565625 0.853945 0.008203 0.005735
0 0.566406 0.846647 0.008984 0.011469
0 0.266016 0.295596 0.008203 0.009645
0 0.796875 0.664180 0.007812 0.008341
0 0.307813 0.379531 0.008203 0.011469
0 0.578906 0.886268 0.009375 0.008863
0 0.540625 0.161614 0.007812 0.005213
0 0.760156 0.028673 0.005859 0.006517
0 0.109180 0.127206 0.007715 0.007299
0 0.341211 0.470243 0.007422 0.006777
0 0.772656 0.755934 0.007031 0.007820
0 0.480078 0.695460 0.007031 0.008341
0 0.303125 0.144931 0.008203 0.012251
0 0.160156 0.136590 0.006641 0.008081
0 0.028809 0.888353 0.006714 0.004692
0 0.996875 0.744986 0.006250 0.007299
0 0.190918 0.495789 0.007227 0.008341
0 0.622656 0.493703 0.008203 0.008341
0 0.153809 0.136068 0.007812 0.008863
0 0.909375 0.543752 0.008594 0.009384
0 0.272656 0.295336 0.005664 0.008341
0 0.129297 0.653753 0.005859 0.006256
0 0.295703 0.502566 0.007617 0.008863
0 0.991406 0.744465 0.007812 0.007820
0 0.290430 0.902951 0.007422 0.008863
0 0.892187 0.813803 0.005469 0.007299
0 0.796875 0.303416 0.007422 0.008081
0 0.728906 0.653232 0.007031 0.007299
0 0.622656 0.487969 0.008203 0.003649
0 0.635938 0.252847 0.008203 0.011469
0 0.422266 0.788257 0.008594 0.009384
0 0.396484 0.744465 0.007812 0.008341
0 0.728906 0.044313 0.006641 0.006386