0 0.422266 0.860201 0.008594 0.008863
0 0.296680 0.929017 0.007422 0.008341
0 0.486719 0.786693 0.006641 0.008341
0 0.416406 0.280217 0.008203 0.009905
0 0.703906 0.628208 0.007812 0.007299
0 0.758594 0.927975 0.008984 0.008341
0 0.734375 0.461381 0.007422 0.006256
0 0.840625 0.753849 0.007031 0.004692
0 0.542188 0.961340 0.008984 0.009384
0 0.386133 0.404555 0.008203 0.007820
0 0.291016 0.387873 0.006836 0.008341
0 0.178418 0.836741 0.008008 0.005213
0 0.178809 0.670436 0.006836 0.010948
0 0.029150 0.194718 0.007690 0.007299
0 0.222266 0.545316 0.008398 0.008863
0 0.378320 0.577117 0.008594 0.007299
0 0.388281 0.402991 0.009570 0.009384
0 0.578516 0.177514 0.007812 0.011469
0 0.009711 0.927975 0.007556 0.009384
0 0.420312 0.278392 0.009766 0.010687
0 0.939062 0.494225 0.008594 0.008863
0 0.384766 0.563041 0.007227 0.004692
0 0.497266 0.052264 0.008594 0.009645
0 0.091504 0.078982 0.007373 0.005344
0 0.092578 0.913377 0.007861 0.009384
0 0.628906 0.070119 0.008984 0.011078
0 0.179102 0.829964 0.008984 0.010948
0 0.426953 0.860201 0.009375 0.008863
0 0.798437 0.777830 0.008203 0.009905
0 0.434375 0.563041 0.008594 0.010948
0 0.710156 0.626644 0.007422 0.008863
0 0.465625 0.477542 0.008203 0.007820
0 0.040820 0.578681 0.007544 0.009384
0 0.092041 0.919633 0.007520 0.007299
0 0.548438 0.704844 0.007812 0.010427
0 0.266797 0.655838 0.007617 0.005213
0 0.853125 0.294293 0.007031 0.006777
0 0.773047 0.911292 0.008594 0.009384
0 0.465625 0.343559 0.008203 0.008602
0 0.935938 0.494746 0.007031 0.008341
0 0.659375 0.377446 0.008984 0.010427
0 0.647656 0.243202 0.009766 0.010948
0 0.103809 0.144931 0.008789 0.012251
0 0.004126 0.927975 0.005710 0.007299
0 0.847656 0.751764 0.007812 0.008341
0 0.460156 0.477542 0.007031 0.007820
0 0.496094 0.352422 0.007812 0.008863
0 0.285156 0.386830 0.006250 0.007820
0 0.932813 0.178296 0.007812 0.012512
0 0.486328 0.778873 0.007031 0.010427
0 0.528906 0.585980 0.008594 0.008863
0 0.278906 0.559913 0.007812 0.009905
0 0.466406 0.227302 0.008203 0.008602
0 0.534766 0.337825 0.008594 0.010427
0 0.590625 0.435835 0.008203 0.008863
0 0.066260 0.869064 0.008691 0.007299
0 0.573438 0.070901 0.005859 0.007168
0 0.996875 0.203842 0.005469 0.007559
0 0.165820 0.763233 0.007910 0.008863
0 0.492578 0.352422 0.007812 0.008602
0 0.528906 0.153012 0.009375 0.010948
0 0.239844 0.187159 0.005664 0.007559
0 0.172656 0.670436 0.007910 0.010948
0 0.371875 0.102963 0.006836 0.006256
0 0.647656 0.077679 0.007422 0.006908
0 0.634375 0.529676 0.007812 0.009384
0 0.122070 0.747072 0.008398 0.010427
0 0.292188 0.927975 0.005664 0.007299
0 0.271094 0.378489 0.008203 0.007299
0 0.496484 0.545316 0.007812 0.011991
0 0.885938 0.254411 0.007031 0.010687
0 0.267188 0.377446 0.008398 0.008863
0 0.551562 0.703801 0.008203 0.010948
0 0.747656 0.662094 0.009375 0.013033
0 0.767187 0.955084 0.008203 0.011469
0 0.498047 0.679820 0.008594 0.008863
0 0.154688 0.102963 0.006543 0.010296
0 0.197363 0.210619 0.008789 0.008863
0 0.909375 0.435835 0.006250 0.008341
0 0.203711 0.269790 0.008691 0.006777
0 0.703906 0.687118 0.008203 0.009384
0 0.778906 0.345645 0.008984 0.011730
0 0.460547 0.344602 0.007031 0.007559
0 0.266406 0.338085 0.009180 0.010948
0 0.378125 0.813281 0.006836 0.011469
0 0.097754 0.079634 0.006201 0.005213
0 0.709375 0.496310 0.007812 0.009384
0 0.904688 0.435835 0.007031 0.008341
0 0.342187 0.336521 0.007031 0.007299
0 0.346680 0.335739 0.007812 0.008341
0 0.191602 0.328701 0.006738 0.008341
0 0.273242 0.560956 0.007031 0.008863
0 0.778906 0.829964 0.008203 0.009905
0 0.378516 0.571382 0.008398 0.011469
0 0.279297 0.410811 0.008008 0.010948
0 0.573047 0.177775 0.007031 0.011469
0 0.183008 0.828921 0.007129 0.009905
0 0.267578 0.646454 0.006836 0.009905
0 0.329297 0.795035 0.007617 0.010427
0 0.909375 0.161874 0.007031 0.011991
0 0.472266 0.228344 0.007031 0.007038
0 0.802344 0.778873 0.007812 0.009905
0 0.770313 0.955084 0.008203 0.011469
0 0.926563 0.702758 0.007031 0.008341
0 0.066211 0.245548 0.007275 0.009123
0 0.603125 0.927975 0.008203 0.011469
0 0.940625 0.594321 0.007031 0.010948
0 0.959375 0.712142 0.007812 0.010948
0 0.422266 0.587022 0.008594 0.010427
0 0.958594 0.336000 0.007812 0.007299
0 0.754688 0.929017 0.005078 0.008341
0 0.596875 0.436357 0.007422 0.007299
0 0.591406 0.210619 0.009375 0.011209
0 0.298828 0.360242 0.008398 0.009645
0 0.635156 0.110002 0.006641 0.007299
0 0.415625 0.284648 0.007422 0.008081
0 0.766406 0.959255 0.007422 0.010427
0 0.682422 0.329483 0.007812 0.011469
0 0.147070 0.595364 0.007324 0.007820
0 0.632812 0.070119 0.008594 0.010818
0 0.946875 0.595364 0.007031 0.011469
0 0.290625 0.212704 0.007227 0.009905
0 0.240625 0.129030 0.007227 0.009384
0 0.078516 0.419674 0.007617 0.008341
0 0.871875 0.220524 0.007031 0.004953
0 0.904688 0.162656 0.007812 0.011469
0 0.528516 0.095925 0.008594 0.009254
0 0.083203 0.351901 0.007178 0.008081
0 0.265625 0.519249 0.007227 0.008341
0 0.422656 0.857073 0.008203 0.008863
0 0.154297 0.538017 0.008203 0.009905
0 0.436719 0.713185 0.007422 0.011991
0 0.502344 0.679820 0.006641 0.008341
0 0.629687 0.529154 0.006250 0.009384
0 0.472656 0.544273 0.008594 0.009905
0 0.266211 0.343299 0.008594 0.008341
0 0.433984 0.567733 0.009375 0.009384
0 0.053857 0.275786 0.007422 0.009645
0 0.090186 0.345123 0.006543 0.008081
0 0.429688 0.568254 0.006641 0.008341
0 0.959375 0.719441 0.007812 0.007820
0 0.573438 0.495267 0.007031 0.006777
0 0.439453 0.712142 0.007812 0.013033
0 0.253906 0.887832 0.006836 0.008341
0 0.903125 0.167609 0.007031 0.008341
0 0.596094 0.212183 0.006641 0.009645
0 0.041162 0.685554 0.008228 0.008341
0 0.148047 0.103224 0.006934 0.009384
0 0.464844 0.471286 0.007031 0.012512
0 0.309766 0.895652 0.007031 0.010948
0 0.366406 0.104267 0.007227 0.004692
0 0.498828 0.312800 0.007031 0.006517
0 0.216406 0.778873 0.007422 0.008341
0 0.236328 0.186116 0.007227 0.008081
0 0.547656 0.710057 0.007422 0.008341
0 0.172559 0.270051 0.007812 0.006517
0 0.741016 0.460859 0.007031 0.007299
0 0.554297 0.288819 0.007031 0.006256
0 0.095410 0.919633 0.007568 0.008341
0 0.022705 0.254672 0.007874 0.008341
0 0.285547 0.211401 0.007031 0.008863
0 0.921875 0.595364 0.010156 0.010427
0 0.496875 0.686076 0.008203 0.006777
0 0.409766 0.737166 0.007812 0.010948
0 0.923437 0.985322 0.007031 0.008341
0 0.596875 0.462945 0.006641 0.007820
0 0.157617 0.536974 0.008301 0.009905
0 0.553516 0.277610 0.007812 0.010427
0 0.922656 0.936316 0.007812 0.008341
0 0.741406 0.455125 0.005859 0.007299
0 0.735156 0.455125 0.007422 0.008341
0 0.341016 0.579724 0.007227 0.008863
0 0.776563 0.911292 0.008594 0.008341
0 0.092090 0.070250 0.009229 0.010427
0 0.271484 0.646454 0.007617 0.010948
0 0.551562 0.695981 0.006250 0.005213
0 0.429688 0.563041 0.006250 0.010427
0 0.460938 0.470243 0.007031 0.010948
0 0.373242 0.813281 0.007422 0.010948
0 0.272266 0.654796 0.006250 0.004171