0 0.284375 0.528633 0.008008 0.007299
0 0.460938 0.570861 0.008203 0.006256
0 0.467969 0.571382 0.008594 0.009905
0 0.867188 0.863329 0.007031 0.007820
0 0.853125 0.961340 0.007031 0.007299
0 0.441406 0.596406 0.007422 0.005735
0 0.272656 0.894609 0.008984 0.009905
0 0.641406 0.546358 0.005859 0.004692
0 0.040942 0.627686 0.008887 0.009384
0 0.122070 0.377446 0.007617 0.009384
0 0.995313 0.437399 0.007031 0.008341
0 0.929688 0.912335 0.008594 0.006256
0 0.971875 0.844561 0.007812 0.010948
0 0.010541 0.727261 0.009045 0.008341
0 0.535937 0.812760 0.007422 0.009384
0 0.553906 0.721526 0.007422 0.007820
0 0.996680 0.853945 0.006641 0.006777
0 0.466797 0.578681 0.006250 0.005735
0 0.185156 0.254150 0.007324 0.005213
0 0.322852 0.844561 0.006250 0.007820
0 0.015112 0.727261 0.008093 0.008341
0 0.403516 0.027631 0.008008 0.008602
0 0.235156 0.587022 0.006836 0.004692
0 0.842188 0.487969 0.007031 0.007820
0 0.435156 0.604226 0.006641 0.010427
0 0.253711 0.772096 0.008203 0.010427
0 0.628906 0.785129 0.008594 0.007820
0 0.428906 0.528633 0.008203 0.010427
0 0.490625 0.569297 0.007812 0.009905
0 0.798047 0.986364 0.008594 0.006256
0 0.166406 0.503609 0.007129 0.010948
0 0.409375 0.786172 0.007422 0.008863
0 0.195703 0.403513 0.008203 0.009384
0 0.391406 0.511950 0.007812 0.007820
0 0.379102 0.771574 0.008984 0.010948
0 0.348047 0.528633 0.007812 0.007820
0 0.429688 0.604748 0.007812 0.008863
0 0.904688 0.955084 0.008594 0.009384
0 0.609375 0.820580 0.007812 0.005735
0 0.935156 0.694417 0.006250 0.009905
0 0.641016 0.521334 0.007812 0.009905
0 0.160254 0.505694 0.006836 0.008863
0 0.928125 0.887832 0.005469 0.006256
0 0.628906 0.796599 0.007422 0.009384
0 0.691406 0.454082 0.007031 0.007299
0 0.666406 0.612046 0.007422 0.008863
0 0.790625 0.395171 0.008203 0.007820
0 0.995313 0.694938 0.007031 0.009384
0 0.416016 0.795556 0.007812 0.008341
0 0.466406 0.771574 0.006641 0.008863
0 0.191602 0.262231 0.007324 0.009905
0 0.848438 0.102442 0.007031 0.008341
0 0.885938 0.595364 0.007812 0.008863
0 0.166504 0.577638 0.006055 0.007820
0 0.283984 0.445219 0.006445 0.008863
0 0.471484 0.570340 0.008594 0.009905
0 0.628906 0.236425 0.007031 0.007820
0 0.539453 0.812239 0.008594 0.010427
0 0.553125 0.143367 0.007422 0.009645
0 0.266406 0.553657 0.007227 0.007820
0 0.697656 0.712142 0.006641 0.007820
0 0.635156 0.887832 0.007422 0.005213
0 0.803906 0.744465 0.008203 0.009384
0 0.435156 0.870628 0.007812 0.006777
0 0.192285 0.404555 0.007031 0.007299
0 0.178125 0.253890 0.007520 0.005995
0 0.259570 0.462945 0.006250 0.010948
0 0.315625 0.845083 0.006836 0.009384
0 0.233594 0.794513 0.008594 0.008863
0 0.522656 0.352943 0.005469 0.007559
0 0.565625 0.603705 0.007812 0.006777
0 0.534375 0.578160 0.007422 0.006256
0 0.589844 0.152751 0.007812 0.007299
0 0.097168 0.554700 0.006201 0.006256
0 0.403125 0.694938 0.007422 0.008341
0 0.197168 0.446783 0.007617 0.008341
0 0.198047 0.340953 0.008496 0.008602
0 0.130176 0.328962 0.007617 0.011991
0 0.903125 0.870628 0.007812 0.008863
0 0.660156 0.385266 0.008984 0.009384
0 0.616406 0.637070 0.008203 0.007299
0 0.996875 0.846125 0.006250 0.007299
0 0.791406 0.985322 0.005859 0.008341
0 0.291016 0.438963 0.006445 0.007299
0 0.839844 0.478585 0.006250 0.008341
0 0.639844 0.712664 0.007812 0.010427
0 0.439844 0.821623 0.007422 0.010948
0 0.516406 0.352943 0.007812 0.009123
0 0.263281 0.629250 0.008789 0.010427
0 0.266406 0.622473 0.006445 0.007299
0 0.609375 0.262492 0.008203 0.011469
0 0.471094 0.576596 0.009766 0.007820
0 0.616797 0.544273 0.008594 0.009905
0 0.428906 0.961340 0.008594 0.009384
0 0.578906 0.260928 0.007422 0.009905
0 0.416406 0.827879 0.009375 0.009384
0 0.185156 0.262231 0.006738 0.009123
0 0.085352 0.471286 0.007178 0.010427
0 0.953125 0.795035 0.007031 0.008341
0 0.410937 0.502566 0.008984 0.010427
0 0.372266 0.620388 0.007617 0.009905
0 0.910156 0.727782 0.009375 0.010948
0 0.859375 0.112608 0.004687 0.007820
0 0.798047 0.744465 0.005469 0.008341
0 0.535156 0.961340 0.008984 0.010427
0 0.903906 0.738209 0.007812 0.007299
0 0.082617 0.952999 0.008643 0.009384
0 0.697266 0.453561 0.007031 0.007820
0 0.090918 0.553136 0.006982 0.006256
0 0.640625 0.535932 0.007422 0.011469
0 0.105078 0.279435 0.007812 0.008081
0 0.896875 0.946743 0.008594 0.010427
0 0.284180 0.453561 0.007812 0.006777
0 0.216211 0.520292 0.009375 0.010427
0 0.528906 0.353465 0.007031 0.007038
0 0.892187 0.878448 0.010156 0.011469
0 0.659375 0.397257 0.007422 0.008341
0 0.895313 0.878969 0.008594 0.009905
0 0.541406 0.578681 0.006641 0.006256
0 0.904688 0.327919 0.007812 0.009384
0 0.678125 0.053958 0.008203 0.009905
0 0.422656 0.495267 0.007422 0.008341
0 0.996680 0.830485 0.006641 0.010427
0 0.079883 0.955084 0.007275 0.009384
0 0.153320 0.477542 0.008398 0.007820
0 0.278320 0.746029 0.007812 0.007299
0 0.453906 0.078070 0.008203 0.009384
0 0.610156 0.762191 0.008594 0.010427
0 0.560156 0.720484 0.007031 0.007820
0 0.497266 0.569297 0.005469 0.008863
0 0.033936 0.946743 0.006909 0.009384
0 0.110645 0.672521 0.007617 0.004692
0 0.379297 0.620388 0.006445 0.009905
0 0.834375 0.814324 0.006250 0.005735
0 0.535937 0.803897 0.008203 0.006777
0 0.979688 0.795556 0.005469 0.008863
0 0.453516 0.978023 0.008594 0.010427
0 0.548438 0.144410 0.006641 0.009123
0 0.240625 0.961340 0.004883 0.009384
0 0.166602 0.571904 0.006152 0.005213
0 0.359766 0.587022 0.007812 0.010948
0 0.647656 0.546880 0.008203 0.006256
0 0.085156 0.553657 0.007373 0.006256
0 0.084961 0.094883 0.007080 0.008211
0 0.617188 0.877927 0.008594 0.009905
0 0.559375 0.828921 0.007812 0.004692
0 0.616016 0.372233 0.007031 0.003649
0 0.116797 0.377446 0.006250 0.009384
0 0.078662 0.377967 0.007129 0.007299
0 0.351172 0.528633 0.010156 0.008863
0 0.239844 0.578681 0.007227 0.011469
0 0.816406 0.152751 0.007812 0.008081
0 0.442187 0.870628 0.007031 0.008341
0 0.569531 0.638113 0.007422 0.009905
0 0.229688 0.794513 0.006641 0.008863
0 0.196777 0.746029 0.008008 0.008341
0 0.429297 0.495789 0.006250 0.008341
0 0.260156 0.803897 0.007617 0.009905
0 0.573828 0.604226 0.007031 0.007299
0 0.434375 0.730910 0.007031 0.006256
0 0.967188 0.703801 0.008594 0.009905
0 0.978125 0.168652 0.008594 0.008863
0 0.816406 0.061778 0.009375 0.009905
0 0.922656 0.126945 0.007812 0.007820
0 0.578516 0.603705 0.005469 0.008863
0 0.189844 0.987407 0.006348 0.008341
0 0.255078 0.461902 0.008008 0.009384
0 0.866406 0.853945 0.007812 0.010427
0 0.716406 0.603705 0.007812 0.007820
0 0.088477 0.595364 0.008398 0.009905
0 0.735156 0.604226 0.007812 0.008341
0 0.323047 0.838827 0.005664 0.007299
0 0.633594 0.346166 0.007812 0.006777
0 0.291406 0.653753 0.009180 0.010948
0 0.809375 0.043401 0.008594 0.008602
0 0.923437 0.545316 0.007031 0.010948
0 0.133594 0.328441 0.007129 0.012251
0 0.759375 0.687118 0.007031 0.009384
0 0.160156 0.578681 0.007715 0.006777
0 0.135156 0.110784 0.007715 0.008341
0 0.253906 0.804419 0.007031 0.009384
0 0.984375 0.796599 0.007031 0.008863
0 0.066699 0.170998 0.007324 0.006777
0 0.896875 0.871671 0.005469 0.008341
0 0.279297 0.453561 0.006055 0.005735
0 0.429297 0.120428 0.005469 0.007038
0 0.859375 0.804940 0.007031 0.008863
0 0.659375 0.544794 0.007812 0.009384
0 0.022424 0.728825 0.006323 0.008863
0 0.803906 0.352943 0.008984 0.009905
0 0.391602 0.553657 0.007031 0.010427
0 0.672656 0.313322 0.007031 0.004431
0 0.635156 0.553657 0.006641 0.010948
0 0.309766 0.287255 0.008398 0.010687
0 0.414844 0.496310 0.005859 0.005735
0 0.703125 0.711621 0.007812 0.009384
0 0.978906 0.613089 0.006250 0.007820
0 0.821875 0.738209 0.007812 0.009905
0 0.621875 0.937359 0.007031 0.006256
0 0.685938 0.870628 0.006641 0.008863
0 0.635156 0.546358 0.006250 0.004171
0 0.667188 0.577638 0.008984 0.008863
0 0.948438 0.777830 0.007031 0.006777
0 0.303516 0.836741 0.008789 0.009384
0 0.689844 0.603705 0.006641 0.009384
0 0.995313 0.429058 0.007812 0.008341
0 0.854688 0.102963 0.007031 0.006777
0 0.147656 0.703801 0.007715 0.008341
0 0.809375 0.494746 0.007812 0.009384
0 0.953125 0.752806 0.007031 0.007299
0 0.859375 0.961340 0.008594 0.008341
0 0.404687 0.786693 0.005859 0.007299
0 0.329297 0.886789 0.006836 0.007299
0 0.771484 0.719962 0.007031 0.010427
0 0.948438 0.837784 0.007031 0.009384
0 0.678906 0.529154 0.008203 0.009384
0 0.441406 0.228344 0.007031 0.010166
0 0.009869 0.596406 0.007019 0.006256
0 0.120605 0.329223 0.007422 0.010427
0 0.335547 0.603705 0.006836 0.010948
0 0.672656 0.428537 0.007422 0.010427
0 0.496875 0.460859 0.007422 0.006777
0 0.815625 0.345645 0.007812 0.009123
0 0.690625 0.819537 0.007812 0.006777
0 0.134766 0.779916 0.007520 0.010427
0 0.258594 0.771574 0.005859 0.008863
0 0.867188 0.012903 0.007812 0.009123
0 0.859375 0.011469 0.005469 0.010296
0 0.004156 0.430622 0.007422 0.006777
0 0.596875 0.336261 0.006641 0.008081
0 0.898438 0.955084 0.007031 0.007299
0 0.703906 0.652710 0.007812 0.009384
0 0.234180 0.302895 0.006250 0.006517
0 0.191406 0.777830 0.008496 0.009905
0 0.767187 0.719441 0.007422 0.009905
0 0.847656 0.896173 0.006250 0.006256
0 0.353906 0.178557 0.008008 0.010427
0 0.402344 0.269269 0.008398 0.006777
0 0.808594 0.352943 0.006250 0.008602
0 0.498047 0.127466 0.007812 0.009384
0 0.452344 0.561998 0.008203 0.011991
0 0.854688 0.111305 0.008594 0.008341
0 0.996875 0.730910 0.005469 0.006777
0 0.741016 0.553136 0.007812 0.005213
0 0.297266 0.436878 0.007422 0.008863
0 0.895313 0.737166 0.006250 0.010948
0 0.004184 0.129812 0.006866 0.006517
0 0.647656 0.552093 0.008984 0.009384
0 0.609766 0.729346 0.007812 0.009384
0 0.573047 0.261188 0.006250 0.008863
0 0.948438 0.795035 0.005469 0.008341
0 0.846875 0.211662 0.007031 0.005213
0 0.690625 0.671478 0.007031 0.006777
0 0.029150 0.471286 0.007520 0.009905
0 0.553906 0.127727 0.008203 0.007038
0 0.198438 0.344602 0.009473 0.011991
0 0.892188 0.013033 0.007812 0.009254
0 0.222656 0.435835 0.008203 0.009905
0 0.835156 0.986364 0.007812 0.008341
0 0.035059 0.952999 0.006641 0.007299
0 0.748047 0.705886 0.007031 0.007820
0 0.892188 0.738209 0.007812 0.010948
0 0.553125 0.471286 0.006641 0.005735
0 0.391016 0.938401 0.008398 0.011469
0 0.522656 0.545316 0.008984 0.009905
0 0.239844 0.988450 0.007617 0.011469
0 0.967188 0.845604 0.006250 0.009905
0 0.273047 0.353725 0.008594 0.010948
0 0.628906 0.319057 0.008984 0.009384
0 0.573047 0.304459 0.007031 0.009645
0 0.460156 0.771053 0.006641 0.007299
0 0.666406 0.212704 0.006250 0.008602
0 0.435547 0.822144 0.007031 0.009384
0 0.353125 0.895652 0.007031 0.008863
0 0.840625 0.228866 0.007031 0.004692
0 0.389453 0.645933 0.008203 0.009384
0 0.328320 0.021505 0.007031 0.007559
0 0.039990 0.885225 0.008105 0.007820
0 0.416016 0.787215 0.007812 0.008341
0 0.085010 0.595364 0.008789 0.010427
0 0.610156 0.813281 0.008984 0.009905
0 0.635938 0.536974 0.006250 0.010427
0 0.153418 0.430101 0.007422 0.009384
0 0.178516 0.838305 0.007520 0.009384
0 0.741406 0.547401 0.007422 0.008863
0 0.996875 0.355029 0.006250 0.008081
0 0.752734 0.704844 0.007031 0.009384
0 0.471875 0.880012 0.007422 0.006777
0 0.078906 0.094622 0.006299 0.007950
0 0.597656 0.887311 0.007031 0.009384
0 0.228516 0.813281 0.007617 0.009905
0 0.996680 0.454603 0.006641 0.007299
0 0.940625 0.837784 0.007031 0.008341
0 0.741016 0.936316 0.007031 0.008341
0 0.171387 0.571382 0.005859 0.004692
0 0.584375 0.604226 0.008203 0.010427
0 0.122656 0.162396 0.008301 0.009905
0 0.459375 0.344341 0.007031 0.008863
0 0.722656 0.311758 0.007031 0.006517
0 0.209570 0.887311 0.007422 0.006777
0 0.760938 0.453039 0.008984 0.010427
0 0.907812 0.327659 0.007031 0.008341
0 0.847656 0.486926 0.006250 0.009905
0 0.842188 0.211662 0.007031 0.004692
0 0.978906 0.411854 0.007812 0.007820
0 0.972656 0.794513 0.007812 0.008341
0 0.529297 0.679820 0.008594 0.010427
0 0.765625 0.353465 0.007812 0.008602
0 0.478906 0.137111 0.008203 0.009123
0 0.932813 0.911292 0.010156 0.007299
0 0.642188 0.552614 0.005859 0.009384
0 0.110742 0.677734 0.007910 0.008863
0 0.416406 0.161353 0.007812 0.009905
0 0.329297 0.303677 0.007812 0.007299
0 0.946875 0.503609 0.007812 0.011991
0 0.479688 0.902951 0.006641 0.005735
0 0.715625 0.411333 0.006250 0.007299
0 0.471875 0.679820 0.006641 0.004171
0 0.904688 0.744465 0.008594 0.009905
0 0.433594 0.764276 0.007422 0.008341
0 0.840625 0.897737 0.007031 0.006256
0 0.995313 0.112087 0.006250 0.009645
0 0.929688 0.694938 0.007031 0.009384
0 0.979688 0.729868 0.007031 0.007820
0 0.616016 0.377446 0.007812 0.010427
0 0.285352 0.779395 0.007422 0.010427
0 0.782422 0.311758 0.008594 0.009384
0 0.728906 0.676692 0.006641 0.008341
0 0.104492 0.402991 0.008203 0.010427
0 0.291406 0.412897 0.009180 0.009905
0 0.328906 0.604748 0.007617 0.008863
0 0.996875 0.029716 0.005469 0.007950
0 0.103906 0.670436 0.006543 0.004692
0 0.842188 0.102703 0.007031 0.007690
0 0.310937 0.846125 0.007617 0.007299
0 0.835938 0.478585 0.008594 0.010948
0 0.316016 0.586501 0.008789 0.010427
0 0.642188 0.954041 0.007812 0.010427
0 0.671875 0.327398 0.007422 0.008863
0 0.797656 0.994706 0.007812 0.007299
0 0.604688 0.262752 0.005859 0.010427
0 0.113867 0.220003 0.007910 0.009384
0 0.446875 0.595364 0.007422 0.006777
0 0.503906 0.569818 0.006641 0.007299
0 0.366797 0.595364 0.006250 0.006256
0 0.433984 0.961340 0.007031 0.009384
0 0.004120 0.305502 0.007080 0.007820
0 0.496875 0.456167 0.007031 0.007299
0 0.928125 0.636028 0.007031 0.008341
0 0.197070 0.452518 0.008301 0.008341
0 0.216016 0.829964 0.007227 0.006256
0 0.698438 0.595364 0.008594 0.010948
0 0.460156 0.045617 0.008203 0.010557
0 0.548438 0.896695 0.006641 0.007299
0 0.710156 0.504130 0.006641 0.004171
0 0.946875 0.485883 0.007812 0.007820
0 0.260156 0.468158 0.006641 0.007820
0 0.372461 0.321142 0.008594 0.009905
0 0.566406 0.721526 0.005078 0.005735
0 0.167187 0.311236 0.007129 0.008602
0 0.108594 0.819537 0.007324 0.008863
0 0.060547 0.820059 0.008740 0.011469
0 0.603125 0.587544 0.007031 0.005213
0 0.840625 0.204102 0.006250 0.008863
0 0.616406 0.937359 0.006250 0.006256
0 0.747656 0.936316 0.006641 0.008341
0 0.034790 0.471286 0.006445 0.009905
0 0.460156 0.636028 0.008203 0.010427
0 0.235938 0.578681 0.007812 0.009905
0 0.478125 0.871149 0.006250 0.009384
0 0.210156 0.520292 0.004883 0.008863
0 0.859375 0.304459 0.007031 0.007820
0 0.247656 0.962383 0.006055 0.008341
0 0.622656 0.637070 0.007031 0.006777
0 0.434375 0.936316 0.007812 0.007299
0 0.021765 0.771574 0.008081 0.008341
0 0.761328 0.353465 0.007031 0.009123
0 0.802344 0.987407 0.007422 0.008341
0 0.422656 0.126684 0.007422 0.009123
0 0.289844 0.528633 0.008398 0.007299
0 0.328906 0.813281 0.008594 0.009384
0 0.602734 0.680862 0.007031 0.009905
0 0.116211 0.478063 0.009082 0.010427
0 0.448438 0.510907 0.006641 0.007299
0 0.471875 0.596406 0.008203 0.009905
0 0.153125 0.471286 0.007324 0.006777
0 0.384766 0.813281 0.007227 0.009905
0 0.398047 0.269530 0.006055 0.006517
0 0.446875 0.871671 0.008203 0.009384
0 0.398438 0.695460 0.005664 0.007820
0 0.872656 0.862808 0.007812 0.008341
0 0.403125 0.688161 0.007031 0.008863
0 0.678906 0.319317 0.008984 0.009384
0 0.598437 0.679298 0.006250 0.008341
0 0.172949 0.837263 0.006641 0.008863
0 0.835156 0.361285 0.007812 0.007038
0 0.271484 0.553657 0.008398 0.007820
0 0.315625 0.878448 0.006836 0.007299
0 0.247656 0.955084 0.005664 0.006256
0 0.591797 0.888353 0.006250 0.008863
0 0.317188 0.454603 0.007422 0.009905
0 0.516406 0.969682 0.007031 0.005213
0 0.204297 0.577638 0.007227 0.007820
0 0.678516 0.313322 0.007031 0.003910
0 0.754688 0.372233 0.006641 0.005735
0 0.622656 0.237728 0.006641 0.004431
0 0.103223 0.662616 0.006592 0.010427
0 0.754688 0.351901 0.008984 0.009384
0 0.227148 0.436357 0.007031 0.009384
0 0.021997 0.104788 0.007288 0.008341
0 0.421875 0.161614 0.007031 0.009384
0 0.658594 0.211922 0.006641 0.008341
0 0.854688 0.012382 0.007812 0.009645
0 0.104785 0.819537 0.009375 0.009905
0 0.134473 0.295075 0.005078 0.010166
0 0.996875 0.169434 0.006250 0.007820
0 0.891406 0.903993 0.006250 0.006777
0 0.814844 0.978023 0.007812 0.007299
0 0.152930 0.546358 0.008301 0.007299
0 0.503906 0.104006 0.008203 0.008863
0 0.053320 0.936316 0.008301 0.010427
0 0.722656 0.453561 0.007031 0.005735
0 0.528906 0.802855 0.005469 0.006777
0 0.892187 0.971767 0.005469 0.009384
0 0.186133 0.987407 0.006152 0.008341
0 0.728125 0.311236 0.007422 0.007038
0 0.323047 0.421238 0.006836 0.008863
0 0.010345 0.044313 0.008411 0.008732
0 0.666406 0.572425 0.007031 0.006777
0 0.610156 0.545316 0.005859 0.009384
0 0.553906 0.138154 0.006641 0.006517
0 0.290234 0.443134 0.008008 0.009384
0 0.496875 0.546358 0.005859 0.008863
0 0.358984 0.296118 0.006836 0.009123
0 0.134668 0.504651 0.007812 0.008863
0 0.572656 0.462945 0.008203 0.010427
0 0.546484 0.119386 0.007031 0.008863
0 0.566406 0.303938 0.007422 0.008863
0 0.572656 0.886268 0.007422 0.007820
0 0.590625 0.144410 0.007812 0.008602
0 0.884375 0.120428 0.007812 0.006517
0 0.029395 0.286473 0.006519 0.007820
0 0.234766 0.994706 0.006836 0.008341
0 0.041113 0.546358 0.006714 0.007820
0 0.203711 0.519249 0.008496 0.008863
0 0.890625 0.271876 0.007812 0.007299
0 0.273047 0.628729 0.008398 0.010427
0 0.598437 0.153794 0.006641 0.006777
0 0.215625 0.772617 0.006641 0.005735
0 0.409375 0.353986 0.007031 0.009905
0 0.334375 0.228866 0.006641 0.008602
0 0.449219 0.978023 0.008203 0.009384
0 0.978125 0.187941 0.007812 0.006256
0 0.385156 0.553657 0.007617 0.008863
0 0.154688 0.410290 0.007910 0.008341
0 0.453906 0.636028 0.005859 0.009384
0 0.528125 0.361806 0.007031 0.005995
0 0.634766 0.436357 0.007031 0.006256
0 0.328516 0.228344 0.007227 0.009384
0 0.328320 0.610482 0.007422 0.007299
0 0.079590 0.386830 0.006348 0.007820
0 0.639063 0.477542 0.008594 0.007820
0 0.735547 0.671478 0.007031 0.009384
0 0.422656 0.529154 0.005078 0.008341
0 0.010217 0.037797 0.007623 0.004822
0 0.171582 0.997833 0.007031 0.004171
0 0.347266 0.831007 0.007031 0.008863
0 0.265234 0.612046 0.007812 0.008863
0 0.466016 0.687640 0.006250 0.005213
0 0.253711 0.863329 0.007422 0.007820
0 0.934375 0.886268 0.007031 0.006256
0 0.083252 0.328962 0.008301 0.010166
0 0.404688 0.137632 0.006250 0.004692
0 0.845312 0.020332 0.007031 0.009254
0 0.203711 0.963426 0.006641 0.005213
0 0.992188 0.853424 0.008594 0.008341
0 0.110742 0.220524 0.008984 0.010166
0 0.221875 0.803376 0.005664 0.007299
0 0.835938 0.204102 0.006250 0.008341
0 0.122852 0.060214 0.008594 0.009384
0 0.003625 0.036754 0.005875 0.004040
0 0.597656 0.721526 0.006641 0.009905
0 0.503516 0.563041 0.006250 0.005213
0 0.621875 0.245288 0.007031 0.008341
0 0.921875 0.486926 0.005469 0.009384
0 0.777344 0.412897 0.007812 0.009905
0 0.179883 0.295596 0.006934 0.006517
0 0.479688 0.678256 0.006641 0.006256
0 0.478125 0.143367 0.007422 0.007559
0 0.448438 0.503609 0.007031 0.009905
0 0.347656 0.437921 0.006445 0.005735
0 0.378516 0.253368 0.008398 0.007820
0 0.191113 0.253368 0.007227 0.005735
0 0.572656 0.728825 0.007422 0.008863
0 0.639063 0.879491 0.007422 0.009384
0 0.434766 0.503609 0.006250 0.007820
0 0.766406 0.253890 0.006250 0.007559
0 0.316406 0.521334 0.007031 0.006777
0 0.896875 0.012512 0.006250 0.009775
0 0.841406 0.902951 0.007812 0.006777
0 0.633984 0.746029 0.007812 0.011469
0 0.503516 0.320099 0.007031 0.006256
0 0.412500 0.128248 0.008984 0.010166
0 0.653906 0.546358 0.005078 0.006777
0 0.628906 0.560434 0.006250 0.007299
0 0.254297 0.469201 0.007617 0.006777
0 0.297070 0.712664 0.007031 0.008341
0 0.121484 0.980108 0.006543 0.004171
0 0.410156 0.994706 0.006641 0.009384
0 0.366406 0.652710 0.008203 0.009905
0 0.639844 0.470243 0.007422 0.010948
0 0.454297 0.344863 0.007031 0.008863
0 0.021655 0.646454 0.007764 0.008863
0 0.064746 0.820059 0.007031 0.010427
0 0.948438 0.786693 0.006250 0.008341
0 0.453906 0.128248 0.005078 0.009645
0 0.571094 0.352422 0.007422 0.009905
0 0.635938 0.529676 0.006641 0.006777
0 0.197559 0.435314 0.008398 0.009384
0 0.660547 0.612046 0.006250 0.007820
0 0.159766 0.304198 0.006934 0.007299
0 0.584766 0.230430 0.006250 0.006517
0 0.560547 0.127727 0.006250 0.008341
0 0.753516 0.695981 0.006250 0.006256
0 0.567187 0.930060 0.007031 0.007299
0 0.478906 0.878969 0.006641 0.007299
0 0.453906 0.569297 0.006641 0.006256
0 0.846875 0.137632 0.007812 0.011209
0 0.847656 0.346687 0.006250 0.005213
0 0.397266 0.454603 0.007812 0.008863
0 0.329297 0.519249 0.008789 0.008863
0 0.591016 0.230169 0.006250 0.006256
0 0.752344 0.453561 0.006641 0.008341
0 0.229102 0.787736 0.006250 0.008341
0 0.547656 0.720484 0.007031 0.006777
0 0.628906 0.487969 0.006641 0.007299
0 0.842188 0.353204 0.005469 0.007299
0 0.971875 0.036884 0.006250 0.007038
0 0.246484 0.428537 0.006641 0.009905
0 0.923437 0.636028 0.006250 0.007820
0 0.259766 0.479627 0.007031 0.008863
0 0.734375 0.676692 0.007422 0.008341
0 0.760156 0.544794 0.008203 0.008341
0 0.210156 0.595364 0.008789 0.009905
0 0.472656 0.903993 0.005469 0.006777
0 0.720703 0.603705 0.009375 0.007299
0 0.203516 0.295075 0.008398 0.010948
0 0.996875 0.036754 0.005469 0.005865
0 0.398047 0.027891 0.005273 0.008081
0 0.159766 0.478585 0.007812 0.006256
0 0.747656 0.553657 0.007422 0.005735
0 0.591406 0.770532 0.008203 0.008341
0 0.428906 0.027761 0.006641 0.005995
0 0.266016 0.462423 0.008008 0.009384
0 0.684766 0.838305 0.007031 0.007820
0 0.160156 0.719441 0.008594 0.009905
0 0.629687 0.346427 0.006250 0.006256
0 0.716406 0.503609 0.007031 0.005213
0 0.978906 0.119386 0.006250 0.007820
0 0.664062 0.385266 0.008984 0.009384
0 0.204297 0.812239 0.008203 0.008341
0 0.403516 0.671478 0.008789 0.007820
0 0.004474 0.436357 0.008020 0.006256
0 0.322852 0.519249 0.006641 0.008863
0 0.710938 0.410811 0.008203 0.007820
0 0.210352 0.813281 0.005859 0.006777
0 0.109961 0.744986 0.007520 0.009384
0 0.516406 0.521856 0.006250 0.007299
0 0.347852 0.428537 0.006250 0.008341
0 0.317188 0.186638 0.007422 0.007559
0 0.629297 0.554700 0.006250 0.008341
0 0.240820 0.295596 0.006641 0.008863
0 0.378320 0.445741 0.007422 0.009384
0 0.416406 0.678256 0.006641 0.005213
0 0.941406 0.511429 0.006250 0.006256
0 0.973438 0.980108 0.008594 0.008341
0 0.203906 0.588065 0.006055 0.005735
0 0.328125 0.844561 0.007227 0.007820
0 0.460156 0.078070 0.005469 0.006777
0 0.090918 0.038318 0.007959 0.008993
0 0.404688 0.678777 0.008984 0.005213
0 0.416406 0.672521 0.006641 0.007820
0 0.904688 0.386830 0.007031 0.006256
0 0.840625 0.986364 0.007812 0.008341
0 0.978125 0.952999 0.009375 0.010427
0 0.647656 0.494225 0.006641 0.008863
0 0.910938 0.386830 0.005469 0.006777
0 0.309570 0.836220 0.005469 0.008863
0 0.141211 0.963426 0.007520 0.008341
0 0.559375 0.162396 0.008203 0.008863
0 0.653125 0.494225 0.007812 0.007820
0 0.757812 0.362067 0.007422 0.006777
0 0.147656 0.963426 0.006152 0.009384
0 0.141309 0.779916 0.006250 0.009905
0 0.371680 0.653753 0.007422 0.008863
0 0.953906 0.228605 0.009375 0.011469
0 0.690625 0.661573 0.006641 0.007299
0 0.791406 0.311497 0.006641 0.008863
0 0.559375 0.822665 0.007422 0.008341
0 0.497266 0.563041 0.004687 0.003649
0 0.685156 0.638113 0.007422 0.008863
0 0.320703 0.454603 0.007422 0.009905
0 0.079687 0.471286 0.007129 0.008863
0 0.447266 0.795556 0.007812 0.010948
0 0.254102 0.453561 0.007422 0.005735
0 0.229297 0.302895 0.007227 0.007038
0 0.117188 0.328441 0.009082 0.010427
0 0.409375 0.137111 0.006641 0.004431
0 0.009412 0.129291 0.006085 0.007299
0 0.760156 0.446262 0.007422 0.004692
0 0.422656 0.120168 0.007812 0.009905
0 0.884375 0.111566 0.007031 0.008602
0 0.435938 0.862287 0.008203 0.010948
0 0.678125 0.427494 0.007422 0.009905
0 0.526172 0.544794 0.008594 0.009384
0 0.907813 0.745508 0.007812 0.010948
0 0.534766 0.410811 0.007812 0.007299
0 0.396875 0.412897 0.007812 0.008863
0 0.773438 0.537496 0.005859 0.008341
0 0.985156 0.863851 0.006250 0.005213
0 0.866406 0.304720 0.006250 0.007820
0 0.678125 0.422281 0.006250 0.004692
0 0.853125 0.956127 0.007031 0.006256
0 0.879688 0.594842 0.007031 0.007299
0 0.122852 0.727782 0.008008 0.007299
0 0.678125 0.911292 0.007422 0.006256
0 0.491406 0.127988 0.007422 0.007820
0 0.323633 0.980108 0.007422 0.007299
0 0.860937 0.854467 0.007031 0.008341
0 0.230078 0.545316 0.007812 0.010427
0 0.659375 0.029977 0.006641 0.004822
0 0.485156 0.670436 0.006250 0.007820
0 0.535156 0.353204 0.006641 0.006777
0 0.796094 0.687640 0.007812 0.006256
0 0.247266 0.747593 0.007227 0.006777
0 0.691406 0.412897 0.006250 0.007820
0 0.671484 0.888875 0.008594 0.010427
0 0.528906 0.027500 0.005859 0.007820
0 0.129688 0.295596 0.008105 0.011209
0 0.697656 0.652710 0.007031 0.008863
0 0.641406 0.504651 0.006641 0.004692
0 0.539062 0.961340 0.007812 0.009384
0 0.510156 0.521334 0.006250 0.006256
0 0.236328 0.988450 0.008398 0.008341
0 0.209961 0.719962 0.007422 0.007299
0 0.866406 0.112608 0.006250 0.006777
0 0.309961 0.520292 0.007812 0.007820
0 0.434375 0.037536 0.007422 0.007820
0 0.717187 0.445219 0.007812 0.009905
0 0.152832 0.304980 0.005078 0.007299
0 0.276172 0.353465 0.008203 0.009645
0 0.917188 0.353204 0.007031 0.009384