0 0.995313 0.887832 0.007812 0.008341
0 0.696875 0.161614 0.007422 0.007299
0 0.853125 0.611004 0.008594 0.009905
0 0.996875 0.212183 0.006250 0.007820
0 0.072266 0.930060 0.007422 0.010427
0 0.353906 0.727782 0.006836 0.008341
0 0.778125 0.270312 0.007422 0.011469
0 0.653906 0.744465 0.008203 0.008863
0 0.678516 0.086802 0.008594 0.008863
0 0.946875 0.412375 0.007031 0.006256
0 0.697656 0.303416 0.008984 0.009645
0 0.753906 0.236946 0.007422 0.006256
0 0.896875 0.035711 0.008594 0.009123
0 0.628906 0.445219 0.008203 0.005735
0 0.327734 0.119907 0.007617 0.007038
0 0.153906 0.119646 0.007715 0.005735
0 0.690625 0.319578 0.007422 0.008602
0 0.996875 0.320621 0.006250 0.007038
0 0.803125 0.153533 0.007812 0.009905
0 0.115625 0.595364 0.007910 0.007820
0 0.765625 0.344602 0.008203 0.011209
0 0.596484 0.919633 0.007812 0.009384
0 0.946875 0.503609 0.007031 0.005735
0 0.790625 0.409769 0.006641 0.008863
0 0.023340 0.611004 0.008118 0.008863
0 0.723047 0.520292 0.008594 0.009905
0 0.842188 0.236164 0.007812 0.007299
0 0.528125 0.437921 0.007031 0.007820
0 0.903906 0.286734 0.006250 0.009645
0 0.659766 0.453561 0.007812 0.007820
0 0.391406 0.420195 0.009375 0.009905
0 0.897656 0.287255 0.007812 0.008863
0 0.372266 0.328441 0.006836 0.005474
0 0.503516 0.454082 0.007812 0.009384
0 0.285156 0.686076 0.007812 0.006777
0 0.472266 0.278132 0.007812 0.006777
0 0.435156 0.554700 0.008594 0.009384
0 0.892187 0.004431 0.007031 0.008602
0 0.785156 0.410811 0.007422 0.008863
0 0.996875 0.221046 0.006250 0.004171
0 0.828125 0.986364 0.007031 0.009384
0 0.028516 0.653753 0.006616 0.007299
0 0.760156 0.237207 0.006641 0.005995
0 0.953906 0.494746 0.006250 0.009384
0 0.946875 0.496310 0.007031 0.009905
0 0.072656 0.638113 0.006641 0.009384
0 0.640625 0.103224 0.007422 0.007950
0 0.191211 0.729868 0.008691 0.009905
0 0.995313 0.311497 0.007031 0.008863
0 0.571875 0.278914 0.008594 0.007820
0 0.772266 0.303416 0.009375 0.010427
0 0.141406 0.661052 0.007227 0.008341
0 0.728516 0.318535 0.008594 0.009123
0 0.828125 0.261710 0.008594 0.009384
0 0.397070 0.619345 0.008203 0.007820
0 0.735156 0.353465 0.007422 0.007559
0 0.022632 0.653753 0.007910 0.007820
0 0.358789 0.727782 0.008203 0.007820
0 0.266016 0.162656 0.008203 0.009645
0 0.485156 0.336782 0.007422 0.005995
0 0.516406 0.930060 0.008984 0.011469
0 0.240820 0.912335 0.007812 0.010427
0 0.323047 0.178296 0.007031 0.009645
0 0.940625 0.413939 0.007031 0.006777
0 0.439844 0.503609 0.007031 0.008341
0 0.385156 0.237207 0.008594 0.008863
0 0.992188 0.319838 0.007812 0.006777
0 0.698438 0.070380 0.007031 0.005344
0 0.241406 0.195500 0.007227 0.007559
0 0.160547 0.120950 0.006934 0.006517
0 0.434766 0.689204 0.007812 0.007820
0 0.316406 0.179339 0.006445 0.008602
0 0.996875 0.226780 0.006250 0.009384
0 0.773438 0.270312 0.007422 0.010427
0 0.366602 0.327659 0.007422 0.007299
0 0.691406 0.162656 0.005859 0.005474
0 0.928125 0.828400 0.007812 0.009384
0 0.847656 0.385787 0.007812 0.007820
0 0.027173 0.610482 0.008105 0.009384
0 0.848438 0.611004 0.005469 0.007820
0 0.584375 0.662094 0.007422 0.006777
0 0.878906 0.163178 0.007812 0.007820
0 0.204102 0.946743 0.006641 0.010427
0 0.359180 0.721005 0.006641 0.010427
0 0.266211 0.229908 0.007031 0.009645
0 0.371094 0.320621 0.006055 0.008341
0 0.497266 0.294554 0.007812 0.009123
0 0.709375 0.078721 0.006641 0.009514
0 0.701563 0.303416 0.008984 0.009123
0 0.847656 0.879491 0.006250 0.006256
0 0.445703 0.728825 0.007031 0.007820
0 0.151953 0.061517 0.007812 0.006908
0 0.972656 0.578681 0.009375 0.009905
0 0.703125 0.346166 0.007422 0.008081
0 0.465625 0.511950 0.007031 0.007820
0 0.321875 0.653753 0.005469 0.007299
0 0.646875 0.162135 0.007031 0.007559
0 0.965625 0.553136 0.007812 0.009384
0 0.039990 0.945700 0.006250 0.008341
0 0.959375 0.470243 0.007031 0.007820
0 0.189844 0.611004 0.007324 0.008863
0 0.704688 0.078721 0.006250 0.008211
0 0.848437 0.379010 0.007812 0.011469
0 0.954687 0.353465 0.007031 0.009123
0 0.721875 0.727782 0.008203 0.009384
0 0.216016 0.529676 0.006055 0.006777
0 0.992188 0.880012 0.007812 0.006777
0 0.784375 0.311236 0.007812 0.008081