0 0.378125 0.186638 0.008008 0.006517
0 0.804688 0.086541 0.007031 0.006126
0 0.203711 0.446262 0.008105 0.006777
0 0.566406 0.738209 0.007812 0.010427
0 0.703906 0.819537 0.008984 0.008863
0 0.653906 0.052394 0.007812 0.009254
0 0.797656 0.304198 0.008203 0.010948
0 0.590625 0.570861 0.007031 0.007299
0 0.946875 0.577638 0.008594 0.008863
0 0.041089 0.787215 0.008447 0.011469
0 0.828125 0.044313 0.007812 0.006777
0 0.878125 0.644890 0.008594 0.010427
0 0.153711 0.678777 0.009570 0.011991
0 0.972656 0.553657 0.009375 0.010948
0 0.185742 0.086672 0.007617 0.007299
0 0.772266 0.095404 0.007031 0.007950
0 0.535156 0.345123 0.008594 0.007038
0 0.995313 0.579724 0.007031 0.009384
0 0.079395 0.286734 0.007812 0.007299
0 0.659375 0.052133 0.007422 0.009645
0 0.366602 0.069337 0.007031 0.010166
0 0.084570 0.453561 0.007031 0.009905
0 0.914062 0.803897 0.008594 0.010427
0 0.807813 0.085368 0.010156 0.008081
0 0.376172 0.286734 0.008398 0.010687
0 0.766797 0.096186 0.006250 0.006386
0 0.402734 0.419674 0.008594 0.006256
0 0.865625 0.377446 0.009375 0.007820
0 0.734766 0.836220 0.007813 0.009384
0 0.801563 0.303677 0.008203 0.010948
0 0.840625 0.012251 0.007031 0.007299
0 0.967188 0.093579 0.007031 0.009775
0 0.571094 0.961340 0.008594 0.007299
0 0.971875 0.093319 0.007812 0.009905
0 0.023267 0.395171 0.006848 0.011469
0 0.873438 0.645412 0.005469 0.008863
0 0.153906 0.319578 0.009082 0.006256
0 0.678125 0.068946 0.007812 0.009384
0 0.078516 0.544273 0.008740 0.007820
0 0.508594 0.446262 0.007812 0.008341
0 0.360156 0.069989 0.006445 0.009384
0 0.572266 0.544273 0.007031 0.006777
0 0.422656 0.371190 0.007422 0.009905
0 0.046484 0.787215 0.006519 0.009905
0 0.497656 0.613089 0.008984 0.010948
0 0.329492 0.311236 0.007031 0.008602
0 0.567188 0.963426 0.005859 0.006256
0 0.478125 0.453039 0.007812 0.010427
0 0.610156 0.561998 0.007422 0.010427
0 0.064502 0.461902 0.007910 0.011991
0 0.383398 0.186638 0.008984 0.007559
0 0.540625 0.345645 0.006641 0.005995
0 0.153320 0.312800 0.008496 0.010166
0 0.571875 0.738209 0.007422 0.009905
0 0.241406 0.576596 0.008594 0.008863
0 0.778906 0.587544 0.009375 0.011469
0 0.260156 0.493182 0.009961 0.009905
0 0.516016 0.512471 0.007812 0.011469
0 0.334570 0.762712 0.008984 0.011469
0 0.578125 0.538538 0.006641 0.010427
0 0.297266 0.237207 0.008203 0.011209
0 0.466016 0.480149 0.007812 0.009384
0 0.815625 0.743944 0.008594 0.009384
0 0.334570 0.311236 0.006641 0.007299
0 0.259375 0.769489 0.008398 0.007299
0 0.910938 0.803897 0.007031 0.008863
0 0.403516 0.152230 0.008398 0.009645
0 0.427734 0.371190 0.006250 0.009123
0 0.703906 0.929017 0.008203 0.010427
0 0.847656 0.444177 0.009375 0.010427
0 0.397656 0.395171 0.008789 0.008341
0 0.215625 0.104527 0.008203 0.008863
0 0.942188 0.577638 0.006250 0.008863
0 0.047119 0.695981 0.008984 0.012512
0 0.329492 0.302895 0.007422 0.009123
0 0.976562 0.553657 0.010156 0.010948
0 0.504687 0.446262 0.007422 0.008863
0 0.466406 0.486926 0.008203 0.005735
0 0.016235 0.803897 0.008484 0.010948
0 0.497266 0.762712 0.008594 0.008341
0 0.553906 0.079112 0.006641 0.008081
0 0.082617 0.286473 0.007910 0.007820
0 0.985156 0.036754 0.007812 0.008472
0 0.421875 0.878969 0.008594 0.010427
0 0.784766 0.386830 0.008594 0.008863
0 0.060645 0.462945 0.008301 0.010948
0 0.678906 0.311236 0.008203 0.009645
0 0.207813 0.445219 0.009570 0.007820
0 0.573438 0.537496 0.008203 0.009384
0 0.403125 0.411854 0.008398 0.009905
0 0.109961 0.346166 0.008789 0.011209
0 0.810938 0.569818 0.008594 0.008341
0 0.188672 0.085759 0.009961 0.007820
0 0.585547 0.570861 0.005469 0.007299
0 0.398047 0.420195 0.005273 0.006256
0 0.466406 0.795556 0.008203 0.009905
0 0.823438 0.045095 0.005469 0.006126
0 0.291797 0.237207 0.007227 0.009645
0 0.967188 0.052394 0.007812 0.010166
0 0.228516 0.602662 0.008789 0.009905
0 0.709766 0.329744 0.007031 0.008341
0 0.221875 0.854988 0.007422 0.008341
0 0.016846 0.396735 0.006970 0.009384
0 0.616016 0.561998 0.007031 0.009905
0 0.741406 0.836220 0.006250 0.008863
0 0.534375 0.337303 0.007812 0.009645
0 0.066211 0.209576 0.007861 0.008341
0 0.203906 0.436357 0.009082 0.009384
0 0.778906 0.413939 0.006641 0.007820
0 0.478906 0.980108 0.008203 0.009384
0 0.991406 0.086020 0.007812 0.009775
0 0.260352 0.763233 0.009375 0.011469
0 0.735156 0.912335 0.008203 0.010427
0 0.547656 0.079373 0.007422 0.008081
0 0.996875 0.571382 0.005469 0.006777
0 0.446875 0.672521 0.007031 0.008341
0 0.079004 0.864372 0.006396 0.008341
0 0.622656 0.913377 0.008203 0.009384
0 0.141211 0.285952 0.008984 0.010427