0 0.490625 0.218439 0.008203 0.008081
0 0.553125 0.687118 0.008984 0.011469
0 0.228516 0.101399 0.008398 0.008211
0 0.446875 0.218700 0.008984 0.010427
0 0.015735 0.294554 0.006866 0.005995
0 0.278711 0.794513 0.009375 0.011991
0 0.341602 0.478585 0.007031 0.007299
0 0.335156 0.570340 0.006836 0.005735
0 0.297656 0.703280 0.008203 0.007299
0 0.284961 0.485883 0.007812 0.008863
0 0.346875 0.477542 0.007227 0.008863
0 0.497656 0.877927 0.007422 0.008341
0 0.109277 0.262492 0.006641 0.009905
0 0.209375 0.888875 0.008594 0.010427
0 0.153906 0.034669 0.008008 0.008341
0 0.603906 0.669914 0.008203 0.008341
0 0.042139 0.770532 0.005835 0.006777
0 0.328711 0.469201 0.008594 0.008863
0 0.942188 0.102963 0.007031 0.011078
0 0.935938 0.545316 0.007812 0.009905
0 0.010071 0.302895 0.007397 0.009905
0 0.258594 0.812239 0.007227 0.007820
0 0.235547 0.106352 0.007227 0.009384
0 0.965625 0.752806 0.007812 0.008863
0 0.379102 0.447305 0.007422 0.007820
0 0.939844 0.545316 0.007812 0.010948
0 0.578906 0.419674 0.008984 0.010427
0 0.441406 0.153794 0.007812 0.008081
0 0.390625 0.419674 0.008398 0.005213
0 0.254492 0.812239 0.007812 0.008863
0 0.417188 0.420195 0.009766 0.009384
0 0.976562 0.261970 0.008594 0.011469
0 0.340625 0.569297 0.007812 0.007299
0 0.552734 0.486405 0.007812 0.008341
0 0.228516 0.721526 0.008008 0.008863
0 0.235156 0.111826 0.008008 0.010948
0 0.228516 0.744465 0.008398 0.008341
0 0.035181 0.770010 0.007471 0.006256
0 0.104688 0.263274 0.005859 0.008602
0 0.420703 0.420717 0.007812 0.009384
0 0.747656 0.862287 0.006641 0.008863
0 0.534766 0.204363 0.006250 0.007038
0 0.741406 0.862287 0.007422 0.008341
0 0.760938 0.646454 0.007422 0.008341
0 0.915625 0.252586 0.007031 0.006256
0 0.291406 0.486926 0.006445 0.008863
0 0.340234 0.563041 0.007617 0.010427
0 0.347266 0.720484 0.008008 0.009384
0 0.046631 0.777830 0.008716 0.009384
0 0.703516 0.538017 0.006250 0.010948
0 0.010681 0.536974 0.007294 0.007299
0 0.159277 0.035451 0.007617 0.006386
0 0.921875 0.245548 0.006250 0.010427
0 0.466016 0.496310 0.007031 0.007820
0 0.385547 0.420195 0.005273 0.005735
0 0.154297 0.029195 0.007715 0.010296
0 0.391602 0.412897 0.008594 0.010948
0 0.360156 0.561477 0.007617 0.009384
0 0.441016 0.688161 0.007812 0.008341
0 0.934375 0.279174 0.007031 0.010427
0 0.541797 0.196543 0.007031 0.007820
0 0.016040 0.287776 0.009412 0.012512
0 0.335938 0.563041 0.007812 0.009905
0 0.697266 0.543230 0.007031 0.007820
0 0.253516 0.931103 0.007617 0.008341
0 0.503906 0.877927 0.007422 0.007820
0 0.917188 0.245809 0.007031 0.009905
0 0.209766 0.728304 0.008789 0.008341
0 0.935156 0.103745 0.006250 0.009384
0 0.158301 0.029846 0.008008 0.011469
0 0.323047 0.469201 0.006836 0.007820
0 0.498437 0.870628 0.007812 0.009905
0 0.041064 0.972810 0.008374 0.008341